"Year","allMortEgg","baseMortEgg","tempMortEgg","denMortEgg","incMortEgg","superMortEgg","lostMortEgg","catMortEgg","allMortFry","baseMortFry","tempMortFry","denMortFry","habMortFry","freshMortFry","seasMortFry","catMortFry","allMortSF","allMortSM"
2010,20331488,4568408,2120479,0,779350,5447359,7415892,0,830204,401422,187120,0,0,0,241662,0,4305,3019
2011,15183179,2854361,1385529,0,38196,4402313,6502780,0,447369,199658,127497,0,0,0,120214,0,3547,2262
2012,17599936,3103976,1604052,0,900506,4807602,7183800,0,433844,191819,126546,0,0,0,115479,0,3527,2259
2013,6750751,722968,272766,0,581837,2017834,3155346,0,79513,50025,0,0,0,0,29488,0,1297,577
2014,31690346,6598297,4308903,0,6784490,6510926,7487730,0,655032,409830,0,0,0,0,245202,0,6366,5030
2015,870193,68200,114793,0,6636,256834,423730,0,7797,5086,321,0,0,0,2390,0,5119,3790
2016,24755061,5729491,3950715,0,1302922,6306307,7465626,0,647428,400734,6830,0,0,0,239864,0,5139,3839
2017,26467985,7388480,2854576,0,1638909,7099468,7486552,0,1302087,791261,36530,0,0,0,474296,0,6236,4951
2018,29399044,7110319,3197617,0,4755265,6859165,7476678,0,945832,557102,54753,0,0,0,333977,0,6201,4908
2019,8117751,1812578,1236311,0,161545,2134049,2773268,0,278588,126055,77099,0,0,0,75434,0,6106,4803
2020,9207978,1226237,561349,0,168228,2389284,4862880,0,163331,102053,553,0,0,0,60725,0,1823,859
2021,10111631,1595830,624155,0,277146,2414534,5199966,0,414687,193511,104906,0,0,0,116270,0,2094,1092
2022,19661318,4744269,1628527,0,1199012,5209640,6879870,0,762545,385267,145645,0,0,0,231633,0,4166,2929
2023,21099153,5219725,2933195,0,180426,5460435,7305372,0,864967,277175,418664,0,0,0,169128,0,4376,3096
2024,14348925,1748689,1283082,0,847658,3573048,6896448,0,155341,63605,53525,0,0,0,38211,0,2725,1495
2025,19757241,3873795,1528582,0,1151785,5814817,7388262,0,514590,234523,138885,0,0,0,141182,0,3999,2714
2026,33158654,10151031,7514101,0,566188,7334610,7592724,0,2072482,522678,1226706,0,0,0,323098,0,7110,5829
2027,7880994,1051717,616670,0,144275,2012248,4056084,0,251423,107091,79909,0,0,0,64423,0,1581,739
2028,10548330,1547030,781530,0,433528,2553120,5233122,0,271360,93844,120680,0,0,0,56836,0,2075,1068
2029,3844324,479066,223893,0,169099,1261594,1710672,0,93570,41463,27510,0,0,0,24597,0,1113,489
2030,23826042,3746880,2016936,0,4455670,6146456,7460100,0,531464,263121,110364,0,0,0,157979,0,4715,3427
2031,24712445,6811931,2734652,0,836572,6858138,7471152,0,1425737,711684,285502,0,0,0,428551,0,5612,4327
2032,23211997,5777351,2818460,0,681954,6485184,7449048,0,912825,442880,203128,0,0,0,266817,0,4959,3672
2033,14875869,2371371,1260038,0,20571,4073245,7150644,0,626147,230975,254984,0,0,0,140188,0,3039,1766
2034,67977,44460,12788,0,10729,0,0,0,12108,5639,3293,0,0,0,3176,0,20,7
2035,19510811,3512755,2283486,0,1348328,5033240,7333002,0,454545,264076,32394,0,0,0,158075,0,3964,2686
2036,17831418,1870809,1480700,0,3170657,4553676,6755576,0,103458,57908,11392,0,0,0,34158,0,3715,2425
2037,13693486,1823051,1433613,0,1737,3436001,6999084,0,265949,131544,55531,0,0,0,78874,0,2741,1477
2038,1058232,261821,118653,0,45259,523071,109428,0,42649,20985,9409,0,0,0,12255,0,502,232
2039,26497,13413,9979,0,3105,0,0,0,2433,1198,794,0,0,0,441,0,7,3
2040,5749131,666718,453249,0,152719,2000797,2475648,0,108740,68225,0,0,0,0,40515,0,1132,472
2041,23681925,5604555,3813942,0,543511,6265343,7454574,0,699448,338312,157418,0,0,0,203718,0,4903,3554
2042,0,0,0,0,0,0,0,0,0,0,0,0,0,0,0,0,0,0
2043,19403931,4750031,2388849,0,988199,5276007,6000845,0,941795,468044,192042,0,0,0,281709,0,5926,4642
2044,22226951,4377905,3336062,0,1314503,5754959,7443522,0,1012540,550662,131206,0,0,0,330672,0,4823,3495
2045,14894519,2279754,1233624,0,1941,4178822,7200378,0,314552,169863,42938,0,0,0,101751,0,2967,1688
2046,29583821,6094829,3704017,0,5457358,6806731,7520886,0,914560,495299,121936,0,0,0,297325,0,6113,4828
2047,26457617,5204137,1994296,0,5355464,6476776,7426944,0,342553,210298,6750,0,0,0,125505,0,5097,3812
2048,23363551,6079233,2770959,0,473344,6590967,7449048,0,1353668,643391,322230,0,0,0,388047,0,5255,3962
2049,15388007,2925987,1195234,0,61099,4165563,7040124,0,538187,232310,165892,0,0,0,139985,0,3163,1902
2050,18417319,3547978,2143399,0,306296,5092170,7327476,0,485183,239028,102589,0,0,0,143566,0,3737,2455
2051,20688431,4652317,2179954,0,578673,5835871,7441616,0,1040497,484197,264350,0,0,0,291950,0,4581,3295
2052,19010408,3827066,2343322,0,376336,5053318,7410366,0,727198,321342,211947,0,0,0,193909,0,3954,2666
2053,6027812,884491,672884,0,220850,1553693,2695894,0,51368,29677,4418,0,0,0,17273,0,3252,2003
2054,13524902,1737581,951721,0,726705,3593741,6515154,0,338615,128980,131915,0,0,0,77720,0,2653,1477
2055,492765,154591,71922,0,34672,226153,5427,0,38621,10888,21242,0,0,0,6491,0,331,141
2056,0,0,0,0,0,0,0,0,0,0,0,0,0,0,0,0,0,0
2057,10848871,1753126,844400,0,2490,2706277,5542578,0,294792,132290,82923,0,0,0,79579,0,2178,1128
2058,7304826,856237,364500,0,191014,2179603,3713472,0,115510,72516,0,0,0,0,42994,0,1429,624
2059,23394325,6413707,2080215,0,647992,6775733,7476678,0,1265410,578065,338441,0,0,0,348904,0,5259,3926
2060,27265152,8165231,4151087,0,599764,6828184,7520886,0,1931076,532862,1070559,0,0,0,327655,0,5965,4681
2061,221515,164416,50233,0,6866,0,0,0,34790,17885,6311,0,0,0,10594,0,103,40
2062,11871853,1498280,1006119,0,579948,3068441,5719065,0,351788,153867,105379,0,0,0,92542,0,2933,1685
2063,2430316,513913,290333,0,159482,1140554,326034,0,93440,39114,30970,0,0,0,23356,0,501,220
2064,6156243,767117,403653,0,138602,1813097,3033774,0,184341,101437,22415,0,0,0,60489,0,1244,566
2065,7873106,1048589,1026496,0,8659,1948018,3841344,0,374858,129129,167709,0,0,0,78020,0,3074,1801
2066,91659,47322,33830,0,10507,0,0,0,9247,4202,2631,0,0,0,2414,0,23,8
2067,8390044,747095,567885,0,158106,2240454,4676504,0,119107,74281,708,0,0,0,44118,0,1635,692
2068,26606970,6686213,5448405,0,1103716,6285873,7082763,0,1064870,461268,324889,0,0,0,278713,0,6108,4805
2069,14597279,2345316,1172308,0,30917,3953354,7095384,0,713040,283594,257903,0,0,0,171543,0,3035,1772
2070,464356,267378,115627,0,0,81351,0,0,61114,25321,20726,0,0,0,15067,0,188,73
2071,0,0,0,0,0,0,0,0,0,0,0,0,0,0,0,0,0,0
2072,546977,268727,142147,0,96599,39504,0,0,72887,43336,3959,0,0,0,25592,0,152,59
2073,17427229,4243981,1152260,0,31644,5204382,6794962,0,880218,376458,276380,0,0,0,227380,0,4256,2969
2074,0,0,0,0,0,0,0,0,0,0,0,0,0,0,0,0,0,0
2075,36072,20438,10332,0,5302,0,0,0,2563,1281,811,0,0,0,471,0,23,9
2076,10661458,1306504,602128,0,680320,2568610,5503896,0,238140,115921,52932,0,0,0,69287,0,2096,1083
2077,10465366,1467917,559770,0,472,2469127,5968080,0,329402,164199,66685,0,0,0,98518,0,2124,1009
2078,11252391,1342656,882179,0,461208,2692210,5874138,0,255205,141167,29774,0,0,0,84264,0,2224,1124
2079,4476062,425184,304290,0,0,1271558,2475030,0,56186,25946,14882,0,0,0,15358,0,1491,597
2080,0,0,0,0,0,0,0,0,0,0,0,0,0,0,0,0,0,0
2081,0,0,0,0,0,0,0,0,0,0,0,0,0,0,0,0,0,0
2082,12653655,2312852,1151656,0,45874,3667128,5476145,0,461529,191401,154736,0,0,0,115392,0,3557,2266
2083,0,0,0,0,0,0,0,0,0,0,0,0,0,0,0,0,0,0
2084,1598846,454530,288231,0,36363,764462,55260,0,130995,33098,77510,0,0,0,20387,0,345,134
2085,0,0,0,0,0,0,0,0,0,0,0,0,0,0,0,0,0,0
2086,0,0,0,0,0,0,0,0,0,0,0,0,0,0,0,0,0,0
2087,0,0,0,0,0,0,0,0,0,0,0,0,0,0,0,0,0,0
2088,8840350,925281,722933,0,0,2257418,4934718,0,204261,85347,67727,0,0,0,51187,0,1725,753
2089,30553,24848,5392,0,313,0,0,0,5615,3116,865,0,0,0,1634,0,10,4
2090,6106981,682439,349975,0,115756,1993647,2965164,0,132021,49190,53289,0,0,0,29542,0,1365,585
2091,92283,52149,26416,0,13718,0,0,0,21350,6449,11106,0,0,0,3795,0,26,10
2092,1302690,384271,284407,0,102924,531088,0,0,115131,70030,3773,0,0,0,41328,0,317,134
2093,7213605,880405,663526,0,367271,1760489,3541914,0,197956,93137,49224,0,0,0,55595,0,2834,1570
2094,0,0,0,0,0,0,0,0,0,0,0,0,0,0,0,0,0,0
2095,22595315,6000846,2420224,0,299199,6420472,7454574,0,1162609,557779,268709,0,0,0,336121,0,5008,3721
2096,0,0,0,0,0,0,0,0,0,0,0,0,0,0,0,0,0,0
2097,10826,7814,3012,0,0,0,0,0,1922,903,699,0,0,0,320,0,4,1
2098,63165,43682,19483,0,0,0,0,0,11880,4251,5223,0,0,0,2406,0,18,5
2099,0,0,0,0,0,0,0,0,0,0,0,0,0,0,0,0,0,0
