"Year","AFem","AFemDeath","AMal","AMalDeath","Eggs","EggsDeath","FryGrad","FryExit","FryDeath","FryInStr","allMortAF","baseMortAF","tempMortAF","allMortAM","baseMortAM","tempMortAM","InVivo"
2010,7568,7568,7578,6324,23789430,20331488,3457942,1376804,830204,1250934,3263,161,3102,3305,197,3108,0
2011,7568,7568,7578,6326,17069111,15183179,1885932,309181,447369,1129382,4021,174,3847,4064,210,3854,2542037
2012,7568,7568,7578,6348,19490202,17599936,1890266,377824,433844,1078598,4041,161,3880,4089,203,3886,0
2013,7568,7568,7578,6872,7138193,6750751,387442,56581,79513,251348,6271,92,6179,6295,111,6184,29029
2014,7568,7568,7578,6278,35178516,31690346,3488170,2080548,655032,752590,1202,184,1018,1248,228,1020,0
2015,7568,7568,7578,6290,916143,870193,45950,16804,7797,21349,2449,188,2261,2500,233,2267,27459622
2016,7568,7568,7578,6312,28398114,24755061,3643053,1439518,647428,1556107,2429,189,2240,2473,226,2247,0
2017,7568,7568,7578,6322,33371645,26467985,6903660,4104705,1302087,1496868,1332,195,1137,1371,231,1140,1089043
2018,7568,7568,7578,6316,34266726,29399044,4867682,2778168,945832,1143682,1367,192,1175,1408,229,1179,0
2019,7568,7568,7578,6309,9336744,8117751,1218993,452700,278588,487705,1462,190,1272,1506,231,1275,24470014
2020,7568,7568,7578,6629,10073898,9207978,865920,82733,163331,619856,5745,110,5635,5770,127,5643,0
2021,7568,7568,7578,6587,11571444,10111631,1459813,428547,414687,616579,5474,128,5346,5495,145,5350,0
2022,7568,7568,7578,6376,23021316,19661318,3359998,1266981,762545,1330472,3402,179,3223,3447,216,3231,0
2023,7568,7568,7578,6333,24181776,21099153,3082623,688653,864967,1529003,3192,167,3025,3237,207,3030,0
2024,7568,7568,7578,6386,15058350,14348925,709425,17118,155341,536966,4843,133,4710,4891,175,4716,0
2025,7568,7568,7578,6325,22098474,19757241,2341233,550461,514590,1276182,3569,166,3403,3611,201,3410,0
2026,7568,7568,7578,6322,39288610,33158654,6129956,2439733,2072482,1617741,458,194,264,493,229,264,1250
2027,7568,7568,7578,6743,8736606,7880994,855612,122677,251423,481512,5987,121,5866,6004,128,5876,0
2028,7568,7568,7578,6582,11466450,10548330,918120,51360,271360,595400,5493,130,5363,5514,144,5370,0
2029,7568,7568,7578,6970,4164192,3844324,319868,49161,93570,177137,6455,83,6372,6481,100,6381,1996794
2030,7568,7568,7578,6323,26055090,23826042,2229048,913550,531464,784034,2853,172,2681,2896,208,2688,0
2031,7568,7568,7578,6322,31011912,24712445,6299467,3357061,1425737,1516669,1956,194,1762,1995,230,1765,0
2032,7568,7568,7578,6322,27403434,23211997,4191437,1472827,912825,1805785,2609,177,2432,2650,214,2436,0
2033,7568,7568,7578,6342,16793514,14875869,1917645,334423,626147,957075,4529,164,4365,4576,202,4374,0
2034,7568,7568,7578,7566,110520,67977,42543,5089,12108,25346,7548,47,7501,7559,49,7510,0
2035,7568,7568,7578,6336,21905064,19510811,2394253,754032,454545,1185676,3604,159,3445,3650,198,3452,0
2036,7568,7568,7578,6321,18253306,17831418,421888,235744,103458,82686,3853,166,3687,3896,201,3695,2283544
2037,7568,7568,7578,6351,14856667,13693486,1163181,81460,265949,815772,4827,153,4674,4874,194,4680,291175
2038,7568,7568,7578,7289,1237811,1058232,179579,7150,42649,129780,7066,89,6977,7057,74,6983,1545358
2039,7568,7568,7578,7574,38682,26497,12185,1835,2433,7917,7561,38,7523,7571,41,7530,0
2040,7568,7568,7578,6933,6255432,5749131,506301,84091,108740,313470,6436,62,6374,6461,78,6383,0
2041,7568,7568,7578,6270,27093978,23681925,3412053,950758,699448,1761847,2665,171,2494,2716,215,2501,0
2042,7568,7568,7578,7578,0,0,0,0,0,0,7568,47,7521,7578,51,7527,0
2043,7568,7568,7578,6322,23490257,19403931,4086326,2202712,941795,941819,1642,193,1449,1680,229,1451,9266161
2044,7568,7568,7578,6287,26651898,22226951,4424947,2589015,1012540,823392,2745,184,2561,2792,228,2564,0
2045,7568,7568,7578,6337,16395642,14894519,1501123,85490,314552,1101081,4601,148,4453,4649,189,4460,0
2046,7568,7568,7578,6322,33767011,29583821,4183190,2595189,914560,673441,1455,195,1260,1494,231,1263,13427
2047,7568,7568,7578,6323,28166022,26457617,1708405,858462,342553,507390,2471,194,2277,2511,227,2284,0
2048,7568,7568,7578,6318,29039130,23363551,5675579,2945769,1353668,1376142,2313,196,2117,2356,233,2123,0
2049,7568,7568,7578,6358,17478738,15388007,2090731,308764,538187,1243780,4405,155,4250,4456,197,4259,0
2050,7568,7568,7578,6330,20650662,18417319,2233343,460880,485183,1287280,3831,164,3667,3875,199,3676,0
2051,7568,7568,7578,6324,24781544,20688431,4093113,1826042,1040497,1226574,2987,169,2818,3029,206,2823,533212
2052,7568,7568,7578,6325,21849804,19010408,2839396,898197,727198,1214001,3614,167,3447,3659,205,3454,0
2053,7568,7568,7578,6370,6382336,6027812,354524,25613,51368,277543,4316,155,4161,4367,197,4170,11629402
2054,7568,7568,7578,6444,14660478,13524902,1135576,137775,338615,659186,4915,136,4779,4967,181,4786,0
2055,7568,7568,7578,7379,597100,492765,104335,2559,38621,63155,7237,65,7172,7238,63,7175,1235723
2056,7568,7568,7578,7578,0,0,0,0,0,0,7568,37,7531,7578,43,7535,0
2057,7568,7568,7578,6541,12035628,10848871,1186757,80145,294792,811820,5390,126,5264,5413,145,5268,0
2058,7568,7568,7578,6777,7896327,7304826,591501,53700,115510,422291,6139,102,6037,6153,112,6041,327
2059,7568,7568,7578,6281,28730541,23394325,5336216,2294504,1265410,1776302,2309,175,2134,2355,219,2136,330844
2060,7568,7568,7578,6324,32962590,27265152,5697438,2162388,1931076,1603974,1603,195,1408,1643,233,1410,0
2061,7568,7568,7578,7516,366397,221515,144882,8232,34790,101860,7465,47,7418,7476,48,7428,202781
2062,7568,7568,7578,6372,13070455,11871853,1198602,308439,351788,538375,4635,150,4485,4687,191,4496,3150518
2063,7568,7568,7578,7283,2768526,2430316,338210,11854,93440,232916,7067,75,6992,7063,69,6994,0
2064,7568,7568,7578,6914,6874344,6156243,718101,210119,184341,323641,6324,91,6233,6348,108,6240,0
2065,7568,7568,7578,6340,8861396,7873106,988290,317205,374858,296227,4494,160,4334,4539,198,4341,8159035
2066,7568,7568,7578,7564,127098,91659,35439,1177,9247,25015,7545,27,7518,7556,31,7525,0
2067,7568,7568,7578,6646,8943761,8390044,553717,100131,119107,334479,5933,113,5820,5954,130,5824,91749
2068,7568,7568,7578,6310,31059753,26606970,4452783,1876348,1064870,1511565,1460,189,1271,1505,230,1275,2699130
2069,7568,7568,7578,6348,16771410,14597279,2174131,619850,713040,841241,4533,154,4379,4576,192,4384,0
2070,7568,7568,7578,7463,678034,464356,213678,13024,61114,139540,7380,54,7326,7390,57,7333,360854
2071,7568,7568,7578,7578,0,0,0,0,0,0,7568,35,7533,7578,40,7538,0
2072,7568,7568,7578,7486,839952,546977,292975,81750,72887,138338,7416,43,7373,7427,49,7378,0
2073,7568,7568,7578,6324,20861926,17427229,3434697,1150930,880218,1403549,3312,170,3142,3355,204,3151,2664490
2074,7568,7568,7578,7578,0,0,0,0,0,0,7568,47,7521,7578,52,7526,0
2075,7568,7568,7578,7564,49303,36072,13231,42,2563,10626,7545,48,7497,7555,51,7504,77795
2076,7568,7568,7578,6578,11582496,10661458,921038,186975,238140,495923,5472,118,5354,5495,133,5362,0
2077,7568,7568,7578,6493,11737224,10465366,1271858,192139,329402,750317,5444,103,5341,5484,139,5345,0
2078,7568,7568,7578,6500,12289824,11252391,1037433,268609,255205,513619,5344,115,5229,5376,143,5233,0
2079,7568,7568,7578,6697,4724961,4476062,248899,4491,56186,188222,6077,93,5984,6100,106,5994,3533193
2080,7568,7568,7578,7578,0,0,0,0,0,0,7568,29,7539,7578,34,7544,0
2081,7568,7568,7578,7578,0,0,0,0,0,0,7568,32,7536,7578,35,7543,0
2082,7568,7568,7578,6320,14360939,12653655,1707284,328903,461529,916852,4011,170,3841,4054,206,3848,5317930
2083,7568,7568,7578,7578,0,0,0,0,0,0,7568,34,7534,7578,37,7541,0
2084,7568,7568,7578,7356,1906470,1598846,307624,5697,130995,170932,7223,40,7183,7222,28,7194,0
2085,7568,7568,7578,7578,0,0,0,0,0,0,7568,6,7562,7578,3,7575,0
2086,7568,7568,7578,7578,0,0,0,0,0,0,7568,27,7541,7578,31,7547,0
2087,7568,7568,7578,7578,0,0,0,0,0,0,7568,35,7533,7578,39,7539,0
2088,7568,7568,7578,6619,9532350,8840350,692000,91979,204261,395760,5843,109,5734,5866,127,5739,0
2089,7568,7568,7578,7572,55260,30553,24707,2193,5615,16899,7558,35,7523,7568,37,7531,0
2090,7568,7568,7578,6805,6536703,6106981,429722,26309,132021,271392,6203,102,6101,6220,108,6112,1011383
2091,7568,7568,7578,7562,143676,92283,51393,7718,21350,22325,7542,50,7492,7552,57,7495,0
2092,7568,7568,7578,7385,1751742,1302690,449052,187446,115131,146475,7251,68,7183,7251,67,7184,0
2093,7568,7568,7578,6354,7922289,7213605,708684,168443,197956,342285,4734,152,4582,4784,193,4591,7772978
2094,7568,7568,7578,7578,0,0,0,0,0,0,7568,29,7539,7578,33,7545,0
2095,7568,7568,7578,6321,27674208,22595315,5078893,2253141,1162609,1663143,2560,194,2366,2600,231,2369,0
2096,7568,7568,7578,7578,0,0,0,0,0,0,7568,22,7546,7578,25,7553,0
2097,7568,7568,7578,7576,19996,10826,9170,1970,1922,5278,7564,22,7542,7575,25,7550,2108
2098,7568,7568,7578,7567,99468,63165,36303,1676,11880,22747,7550,26,7524,7562,30,7532,0
2099,7568,7545,7578,7552,0,0,0,0,0,0,7545,43,7502,7552,48,7504,0
