"Year","AFem","AFemDeath","AMal","AMalDeath","Eggs","EggsDeath","FryGrad","FryExit","FryDeath","FryInStr","allMortAF","baseMortAF","tempMortAF","allMortAM","baseMortAM","tempMortAM","InVivo"
2010,7568,7568,7578,6305,28215507,23209192,5006315,2351265,897331,1757719,1332,188,1144,1379,231,1148,6260728
2011,7568,7568,7578,6310,23166485,17972335,5194150,3087831,1024774,1081545,879,188,691,920,228,692,13833371
2012,7568,7568,7578,6323,26778996,22776136,4002860,1563153,851738,1587969,2722,173,2549,2763,210,2553,0
2013,7568,7568,7578,6322,37991250,32392933,5598317,1708203,1282653,2607461,693,193,500,730,229,501,0
2014,7568,7568,7578,7560,160254,88964,71290,11971,17760,41559,7539,77,7462,7549,83,7466,0
2015,7568,7568,7578,6322,36222129,27754433,8467696,5305590,2013443,1148663,254,190,64,290,226,64,4201460
2016,7568,7568,7578,7310,1564376,1314987,249389,6589,44985,197815,7104,103,7001,7104,100,7004,1003958
2017,7568,7568,7578,7193,2393965,2144431,249534,13789,73034,162711,6892,89,6803,6923,114,6809,1349547
2018,7568,7568,7578,6324,25817472,21431312,4386160,1878784,1100062,1407314,2896,176,2720,2938,213,2725,0
2019,7568,7568,7578,6493,7190352,6606357,583995,15881,148545,419569,5265,112,5153,5294,135,5159,5561722
2020,7568,7568,7578,7386,1762794,1577498,185296,128,43421,141747,7249,69,7180,7252,65,7187,0
2021,7568,7568,7578,7435,1337292,1137720,199572,1298,47623,150651,7326,45,7281,7339,49,7290,0
2022,7568,7568,7578,6705,9526824,8505287,1021537,182392,275900,563245,5844,106,5738,5863,117,5746,0
2023,7568,7568,7578,6337,21462984,18492992,2969992,914983,726178,1328831,3684,165,3519,3730,204,3526,0
2024,7568,7568,7578,6312,39162762,32714833,6447929,2594068,1141421,2712440,481,193,288,519,231,288,0
2025,7568,7568,7578,6463,13704480,12702231,1002249,60971,310175,631103,5088,105,4983,5137,147,4990,0
2026,7568,7568,7578,7352,2005938,1656279,349659,17265,93742,238652,7205,49,7156,7209,42,7167,0
2027,7568,7568,7578,6324,27961360,23729546,4231814,2066623,867637,1297554,2395,189,2206,2436,227,2209,624638
2028,7568,7568,7578,6347,14958547,13234472,1724075,327489,469286,927300,4280,151,4129,4329,193,4136,3222544
2029,7568,7568,7578,6653,4734596,4327312,407284,52415,96193,258676,5820,116,5704,5844,133,5711,4952732
2030,7568,7568,7578,7578,0,0,0,0,0,0,7568,21,7547,7578,25,7553,0
2031,7568,7568,7578,6634,9797598,8978126,819472,38806,190927,589739,5795,122,5673,5817,139,5678,0
2032,7568,7568,7578,6322,18138721,15387255,2751466,1108915,491403,1151148,1038,196,842,1074,232,842,17989291
2033,7568,7568,7578,6315,18472646,15792892,2679754,1180674,650068,849012,3743,171,3572,3787,207,3580,2672442
2034,7568,7568,7578,6878,5685103,5263430,421673,20381,94276,307016,6357,92,6265,6383,107,6276,1010299
2035,7568,7568,7578,6359,15461748,14131720,1330028,243387,309903,776738,4770,146,4624,4818,186,4632,0
2036,7568,7568,7578,6324,9945158,8943713,1001445,154152,223609,623684,4111,164,3947,4154,198,3956,9193179
2037,7568,7568,7578,6752,8427150,7841617,585533,21668,116621,447244,6043,106,5937,6060,113,5947,0
2038,7568,7568,7578,7491,198243,122870,75373,16847,19224,39302,7430,47,7383,7440,48,7392,564345
2039,7568,7568,7578,6414,14089288,13342786,746502,10157,165750,570595,5017,132,4885,5071,177,4894,7538
2040,7568,7568,7578,7064,4951296,4636624,314672,2770,65567,246335,6672,71,6601,6697,91,6606,0
2041,7568,7568,7578,7578,0,0,0,0,0,0,7568,41,7527,7578,44,7534,0
2042,7568,7568,7578,7578,0,0,0,0,0,0,7568,46,7522,7578,50,7528,0
2043,7568,7568,7578,7578,0,0,0,0,0,0,7568,11,7557,7578,14,7564,0
2044,7568,7568,7578,6350,18489996,16375798,2114198,454298,473148,1186752,4222,161,4061,4267,197,4070,0
2045,7568,7568,7578,6366,14947830,13171983,1775847,578625,461934,735288,4863,139,4724,4914,181,4733,0
2046,7568,7568,7578,6371,15544638,13915035,1629603,292279,592070,745254,4755,136,4619,4808,181,4627,0
2047,7568,7568,7578,6376,14787576,13379923,1407653,170784,419110,817759,4892,136,4756,4942,177,4765,0
2048,7568,7568,7578,6941,6194231,5450728,743503,187584,181623,374296,6385,107,6278,6412,125,6287,344683
2049,7568,7568,7578,6787,7670088,7057516,612572,80339,155513,376720,6180,112,6068,6197,118,6079,0
2050,7568,7568,7578,7027,5476266,5017085,459181,28810,165150,265221,6577,98,6479,6606,117,6489,0
2051,7568,7568,7578,7451,1076322,818977,257345,19561,93570,144214,7362,55,7307,7371,54,7317,62034
2052,7568,7568,7578,7436,1265454,966188,299266,24430,83554,191282,7339,25,7314,7349,27,7322,0
2053,7568,7568,7578,6323,1608298,1513656,94642,13874,23952,56816,3348,175,3173,3389,210,3179,21788288
2054,7568,7568,7578,7480,867582,619427,248155,29395,67937,150823,7411,42,7369,7422,43,7379,0
2055,7568,7568,7578,6331,15235916,14470692,765224,378518,178893,207813,4171,170,4001,4216,207,4009,3551048
2056,7568,7568,7578,6497,10369829,9328999,1040830,260004,264626,516200,5282,132,5150,5313,159,5154,2272494
2057,7568,7568,7578,6565,6708086,6196210,511876,49969,205696,256211,5699,114,5585,5719,129,5590,3639348
2058,7568,7568,7578,7578,0,0,0,0,0,0,7568,41,7527,7578,46,7532,0
2059,7568,7568,7578,7578,0,0,0,0,0,0,7568,24,7544,7578,27,7551,0
2060,7568,7568,7578,7575,27630,20055,7575,350,1769,5456,7563,38,7525,7573,42,7531,0
2061,7568,7568,7578,6356,12613399,11234899,1378500,511116,343013,524371,4662,153,4509,4708,192,4516,3459998
2062,7568,7568,7578,6344,16225740,14525401,1700339,482759,484959,732621,4472,151,4321,4518,191,4327,885820
2063,7568,7568,7578,6322,28508634,23300650,5207984,2414167,1449318,1344499,2409,191,2218,2451,227,2224,0
2064,7568,7568,7578,7578,0,0,0,0,0,0,7568,34,7534,7578,38,7540,0
2065,7568,7568,7578,7571,51240,31617,19623,2953,5749,10921,7556,48,7508,7567,55,7512,15072
2066,7568,7568,7578,7285,2829312,2546089,283223,4372,120822,158029,7056,79,6977,7052,68,6984,0
2067,7568,7568,7578,7578,0,0,0,0,0,0,7568,45,7523,7578,55,7523,0
2068,7568,7568,7578,7578,0,0,0,0,0,0,7568,23,7545,7578,28,7550,0
2069,7568,7568,7578,7578,11052,7062,3990,603,737,2650,7566,45,7521,7578,48,7530,0
2070,7568,7568,7578,6827,3958480,3722794,235686,27780,67773,140133,6294,95,6199,6315,109,6206,3097823
2071,7568,7568,7578,7575,16830,10133,6697,471,1170,5056,7563,42,7521,7574,42,7532,10800
2072,7568,7568,7578,7578,0,0,0,0,0,0,7568,37,7531,7578,41,7537,0
2073,7568,7568,7578,6614,7464771,6822275,642496,123890,217338,301268,5837,116,5721,5859,133,5726,2112795
2074,7568,7568,7578,7578,0,0,0,0,0,0,7568,27,7541,7578,32,7546,0
2075,7568,7568,7578,7578,0,0,0,0,0,0,7568,6,7562,7578,10,7568,0
2076,7568,7568,7578,7514,527772,382184,145588,4003,43169,98416,7465,59,7406,7475,64,7411,41406
2077,7568,7568,7578,7578,0,0,0,0,0,0,7568,6,7562,7578,9,7569,0
2078,7568,7568,7578,7441,1178159,938129,240030,26859,105483,107688,7350,60,7290,7358,60,7298,26509
2079,7568,7568,7578,7578,0,0,0,0,0,0,7568,7,7561,7578,12,7566,0
2080,7568,7568,7578,7578,5526,4238,1288,196,277,815,7567,48,7519,7578,54,7524,0
2081,7568,7568,7578,6371,6055562,5605001,450561,95112,155741,199708,4997,140,4857,5046,183,4863,8174289
2082,7568,7568,7578,7578,0,0,0,0,0,0,7568,23,7545,7578,27,7551,0
2083,7568,7568,7578,7569,36930,19619,17311,6105,6003,5203,7553,52,7501,7564,59,7505,45960
2084,7568,7568,7578,7578,0,0,0,0,0,0,7568,33,7535,7578,35,7543,0
2085,7568,7568,7578,7578,0,0,0,0,0,0,7568,23,7545,7578,26,7552,0
2086,7568,7568,7578,7578,0,0,0,0,0,0,7568,31,7537,7578,35,7543,0
2087,7568,7568,7578,6613,2519708,2297140,222568,99347,83612,39609,5798,133,5665,5828,156,5672,7298642
2088,7568,7568,7578,7457,755322,496576,258746,65301,110225,83220,7376,49,7327,7385,55,7330,305670
2089,7568,7568,7578,7578,0,0,0,0,0,0,7568,31,7537,7578,35,7543,0
2090,7568,7568,7578,7541,122380,72643,49737,6996,27158,15583,7510,47,7463,7519,48,7471,198128
2091,7568,7568,7578,7578,0,0,0,0,0,0,7568,12,7556,7578,12,7566,0
2092,7568,7568,7578,7578,0,0,0,0,0,0,7568,22,7546,7578,25,7553,0
2093,7568,7568,7578,7578,0,0,0,0,0,0,7568,26,7542,7578,34,7544,0
2094,7568,7568,7578,7578,0,0,0,0,0,0,7568,23,7545,7578,26,7552,0
2095,7568,7568,7578,7578,0,0,0,0,0,0,7568,3,7565,7578,3,7575,0
2096,7568,7568,7578,7578,0,0,0,0,0,0,7568,12,7556,7578,0,7578,0
2097,7568,7568,7578,7578,0,0,0,0,0,0,7568,1,7567,7578,3,7575,0
2098,7568,7568,7578,7578,0,0,0,0,0,0,7568,16,7552,7578,19,7559,0
2099,7568,7568,7578,7578,0,0,0,0,0,0,7568,26,7542,7578,30,7548,0
