"Year","AFem","AFemDeath","AMal","AMalDeath","Eggs","EggsDeath","FryGrad","FryExit","FryDeath","FryInStr","allMortAF","baseMortAF","tempMortAF","allMortAM","baseMortAM","tempMortAM","InVivo","Year","allMortEgg","baseMortEgg","tempMortEgg","denMortEgg","incMortEgg","superMortEgg","lostMortEgg","catMortEgg","allMortFry","baseMortFry","tempMortFry","denMortFry","habMortFry","freshMortFry","seasMortFry","catMortFry","allMortSF","allMortSM"
2010,7568,7568,7578,6305,28215507,23209192,5006315,2351265,897331,1757719,1332,188,1144,1379,231,1148,6260728,2010,23209192,6672909,3932665,0,820192,5455866,6327560,0,897331,537788,37318,0,0,0,322225,0,6236,4926
2011,7568,7568,7578,6310,23166485,17972335,5194150,3087831,1024774,1081545,879,188,691,920,228,692,13833371,2011,17972335,5595698,2346089,0,824518,4445173,4760857,0,1024774,565942,119255,0,0,0,339577,0,6689,5390
2012,7568,7568,7578,6323,26778996,22776136,4002860,1563153,851738,1587969,2722,173,2549,2763,210,2553,0,2012,22776136,5589989,2446058,0,1043782,6258311,7437996,0,851738,446163,137353,0,0,0,268222,0,4846,3560
2013,7568,7568,7578,6322,37991250,32392933,5598317,1708203,1282653,2607461,693,193,500,730,229,501,0,2013,32392933,10444566,5814071,0,915906,7703030,7515360,0,1282653,451771,555899,0,0,0,274983,0,6875,5592
2014,7568,7568,7578,7560,160254,88964,71290,11971,17760,41559,7539,77,7462,7549,83,7466,0,2014,88964,67929,20466,0,569,0,0,0,17760,9796,2259,0,0,0,5705,0,29,11
2015,7568,7568,7578,6322,36222129,27754433,8467696,5305590,2013443,1148663,254,190,64,290,226,64,4201460,2015,27754433,8918352,2423327,0,2413230,6929009,7070515,0,2013443,921693,535248,0,0,0,556502,0,7314,6032
2016,7568,7568,7578,7310,1564376,1314987,249389,6589,44985,197815,7104,103,7001,7104,100,7004,1003958,2016,1314987,366643,173800,0,11548,654484,108512,0,44985,28380,0,0,0,0,16605,0,464,206
2017,7568,7568,7578,7193,2393965,2144431,249534,13789,73034,162711,6892,89,6803,6923,114,6809,1349547,2017,2144431,357193,161891,0,67801,1068750,488796,0,73034,30190,25054,0,0,0,17790,0,676,270
2018,7568,7568,7578,6324,25817472,21431312,4386160,1878784,1100062,1407314,2896,176,2720,2938,213,2725,0,2018,21431312,5271547,2645651,0,336590,5739528,7437996,0,1100062,499111,299626,0,0,0,301325,0,4672,3386
2019,7568,7568,7578,6493,7190352,6606357,583995,15881,148545,419569,5265,112,5153,5294,135,5159,5561722,2019,6606357,996136,473432,0,406,1716703,3419680,0,148545,57697,56263,0,0,0,34585,0,2303,1199
2020,7568,7568,7578,7386,1762794,1577498,185296,128,43421,141747,7249,69,7180,7252,65,7187,0,2020,1577498,427596,291185,0,98738,715771,44208,0,43421,15808,18237,0,0,0,9376,0,319,134
2021,7568,7568,7578,7435,1337292,1137720,199572,1298,47623,150651,7326,45,7281,7339,49,7290,0,2021,1137720,344696,155936,0,93237,527273,16578,0,47623,20221,15468,0,0,0,11934,0,242,96
2022,7568,7568,7578,6705,9526824,8505287,1021537,182392,275900,563245,5844,106,5738,5863,117,5746,0,2022,8505287,1258652,405942,0,262820,1908403,4669470,0,275900,134566,60560,0,0,0,80774,0,1724,842
2023,7568,7568,7578,6337,21462984,18492992,2969992,914983,726178,1328831,3684,165,3519,3730,204,3526,0,2023,18492992,4052026,1484010,0,746252,4988222,7222482,0,726178,332952,192651,0,0,0,200575,0,3884,2607
2024,7568,7568,7578,6312,39162762,32714833,6447929,2594068,1141421,2712440,481,193,288,519,231,288,0,2024,32714833,10531430,4887465,0,1376771,8199345,7719822,0,1141421,586665,201997,0,0,0,352759,0,7087,5793
2025,7568,7568,7578,6463,13704480,12702231,1002249,60971,310175,631103,5088,105,4983,5137,147,4990,0,2025,12702231,1680841,663128,0,564440,3472078,6321744,0,310175,105478,140864,0,0,0,63833,0,2480,1326
2026,7568,7568,7578,7352,2005938,1656279,349659,17265,93742,238652,7205,49,7156,7209,42,7167,0,2026,1656279,440474,162123,0,37404,856024,160254,0,93742,43568,24150,0,0,0,26024,0,363,143
2027,7568,7568,7578,6324,27961360,23729546,4231814,2066623,867637,1297554,2395,189,2206,2436,227,2209,624638,2027,23729546,5037855,2992623,0,2029551,6232573,7436944,0,867637,486088,89879,0,0,0,291670,0,5173,3888
2028,7568,7568,7578,6347,14958547,13234472,1724075,327489,469286,927300,4280,151,4129,4329,193,4136,3222544,2028,13234472,2387562,1170059,0,140319,3532608,6003924,0,469286,193517,159111,0,0,0,116658,0,3288,2018
2029,7568,7568,7578,6653,4734596,4327312,407284,52415,96193,258676,5820,116,5704,5844,133,5711,4952732,2029,4327312,534106,247427,0,48831,1180600,2316348,0,96193,49890,16954,0,0,0,29349,0,1748,809
2030,7568,7568,7578,7578,0,0,0,0,0,0,7568,21,7547,7578,25,7553,0,2030,0,0,0,0,0,0,0,0,0,0,0,0,0,0,0,0,0,0
2031,7568,7568,7578,6634,9797598,8978126,819472,38806,190927,589739,5795,122,5673,5817,139,5678,0,2031,8978126,1233940,550450,0,0,2369538,4824198,0,190927,90038,46858,0,0,0,54031,0,1773,817
2032,7568,7568,7578,6322,18138721,15387255,2751466,1108915,491403,1151148,1038,196,842,1074,232,842,17989291,2032,15387255,4293226,1907499,0,701499,3994479,4490552,0,491403,272784,55227,0,0,0,163392,0,6530,5248
2033,7568,7568,7578,6315,18472646,15792892,2679754,1180674,650068,849012,3743,171,3572,3787,207,3580,2672442,2033,15792892,2793418,1696593,0,237392,4292665,6772824,0,650068,346259,95947,0,0,0,207862,0,3825,2528
2034,7568,7568,7578,6878,5685103,5263430,421673,20381,94276,307016,6357,92,6265,6383,107,6276,1010299,2034,5263430,640958,427893,0,0,1741779,2452800,0,94276,47253,18924,0,0,0,28099,0,1211,495
2035,7568,7568,7578,6359,15461748,14131720,1330028,243387,309903,776738,4770,146,4624,4818,186,4632,0,2035,14131720,1893617,1218915,0,491870,3492720,7034598,0,309903,170716,36984,0,0,0,102203,0,2798,1541
2036,7568,7568,7578,6324,9945158,8943713,1001445,154152,223609,623684,4111,164,3947,4154,198,3956,9193179,2036,8943713,1468965,928385,0,23177,2535037,3988149,0,223609,110546,47035,0,0,0,66028,0,3457,2170
2037,7568,7568,7578,6752,8427150,7841617,585533,21668,116621,447244,6043,106,5937,6060,113,5947,0,2037,7841617,968479,656786,0,205484,2186876,3823992,0,116621,64193,14279,0,0,0,38149,0,1525,692
2038,7568,7568,7578,7491,198243,122870,75373,16847,19224,39302,7430,47,7383,7440,48,7392,564345,2038,122870,71176,30759,0,19018,1917,0,0,19224,10732,2206,0,0,0,6286,0,138,51
2039,7568,7568,7578,6414,14089288,13342786,746502,10157,165750,570595,5017,132,4885,5071,177,4894,7538,2039,13342786,1654353,1302003,0,283483,3471747,6631200,0,165750,69121,55113,0,0,0,41516,0,2551,1343
2040,7568,7568,7578,7064,4951296,4636624,314672,2770,65567,246335,6672,71,6601,6697,91,6606,0,2040,4636624,589652,418256,0,138442,1771688,1718586,0,65567,31214,15852,0,0,0,18501,0,896,367
2041,7568,7568,7578,7578,0,0,0,0,0,0,7568,41,7527,7578,44,7534,0,2041,0,0,0,0,0,0,0,0,0,0,0,0,0,0,0,0,0,0
2042,7568,7568,7578,7578,0,0,0,0,0,0,7568,46,7522,7578,50,7528,0,2042,0,0,0,0,0,0,0,0,0,0,0,0,0,0,0,0,0,0
2043,7568,7568,7578,7578,0,0,0,0,0,0,7568,11,7557,7578,14,7564,0,2043,0,0,0,0,0,0,0,0,0,0,0,0,0,0,0,0,0,0
2044,7568,7568,7578,6350,18489996,16375798,2114198,454298,473148,1186752,4222,161,4061,4267,197,4070,0,2044,16375798,2857555,1439502,0,390996,4603413,7084332,0,473148,241793,86177,0,0,0,145178,0,3346,2083
2045,7568,7568,7578,6366,14947830,13171983,1775847,578625,461934,735288,4863,139,4724,4914,181,4733,0,2045,13171983,1788561,871253,0,9745,3512034,6990390,0,461934,251668,59377,0,0,0,150889,0,2705,1452
2046,7568,7568,7578,6371,15544638,13915035,1629603,292279,592070,745254,4755,136,4619,4808,181,4627,0,2046,13915035,2080651,833871,0,245509,3803296,6951708,0,592070,198002,273514,0,0,0,120554,0,2813,1563
2047,7568,7568,7578,6376,14787576,13379923,1407653,170784,419110,817759,4892,136,4756,4942,177,4765,0,2047,13379923,1894618,1018790,0,2495,3545468,6918552,0,419110,169602,147124,0,0,0,102384,0,2676,1434
2048,7568,7568,7578,6941,6194231,5450728,743503,187584,181623,374296,6385,107,6278,6412,125,6287,344683,2048,5450728,811728,369189,0,13858,1972203,2283750,0,181623,103328,16738,0,0,0,61557,0,1183,529
2049,7568,7568,7578,6787,7670088,7057516,612572,80339,155513,376720,6180,112,6068,6197,118,6079,0,2049,7057516,800386,606172,0,231,2091983,3558744,0,155513,77728,31552,0,0,0,46233,0,1388,590
2050,7568,7568,7578,7027,5476266,5017085,459181,28810,165150,265221,6577,98,6479,6606,117,6489,0,2050,5017085,696453,314141,0,154654,2089043,1762794,0,165150,54025,78506,0,0,0,32619,0,991,421
2051,7568,7568,7578,7451,1076322,818977,257345,19561,93570,144214,7362,55,7307,7371,54,7317,62034,2051,818977,320473,136157,0,86277,276070,0,0,93570,31372,43288,0,0,0,18910,0,206,80
2052,7568,7568,7578,7436,1265454,966188,299266,24430,83554,191282,7339,25,7314,7349,27,7322,0,2052,966188,361330,167620,0,89976,347262,0,0,83554,38253,22452,0,0,0,22849,0,229,87
2053,7568,7568,7578,6323,1608298,1513656,94642,13874,23952,56816,3348,175,3173,3389,210,3179,21788288,2053,1513656,156694,185790,0,14648,452553,703971,0,23952,10087,8564,0,0,0,5301,0,4220,2934
2054,7568,7568,7578,7480,867582,619427,248155,29395,67937,150823,7411,42,7369,7422,43,7379,0,2054,619427,287076,83078,0,79062,170211,0,0,67937,33469,14456,0,0,0,20012,0,157,58
2055,7568,7568,7578,6331,15235916,14470692,765224,378518,178893,207813,4171,170,4001,4216,207,4009,3551048,2055,14470692,2007549,794536,0,1579115,4017540,6071952,0,178893,103657,13577,0,0,0,61659,0,3397,2115
2056,7568,7568,7578,6497,10369829,9328999,1040830,260004,264626,516200,5282,132,5150,5313,159,5154,2272494,2056,9328999,1243770,977089,0,19755,2240676,4847709,0,264626,137180,45443,0,0,0,82003,0,2286,1184
2057,7568,7568,7578,6565,6708086,6196210,511876,49969,205696,256211,5699,114,5585,5719,129,5590,3639348,2057,6196210,714912,497566,0,0,1499492,3484240,0,205696,58205,112325,0,0,0,35166,0,1869,846
2058,7568,7568,7578,7578,0,0,0,0,0,0,7568,41,7527,7578,46,7532,0,2058,0,0,0,0,0,0,0,0,0,0,0,0,0,0,0,0,0,0
2059,7568,7568,7578,7578,0,0,0,0,0,0,7568,24,7544,7578,27,7551,0,2059,0,0,0,0,0,0,0,0,0,0,0,0,0,0,0,0,0,0
2060,7568,7568,7578,7575,27630,20055,7575,350,1769,5456,7563,38,7525,7573,42,7531,0,2060,20055,10423,4345,0,5287,0,0,0,1769,615,933,0,0,0,221,0,5,2
2061,7568,7568,7578,6356,12613399,11234899,1378500,511116,343013,524371,4662,153,4509,4708,192,4516,3459998,2061,11234899,1506105,627405,0,445620,3042077,5613692,0,343013,192493,35386,0,0,0,115134,0,2906,1648
2062,7568,7568,7578,6344,16225740,14525401,1700339,482759,484959,732621,4472,151,4321,4518,191,4327,885820,2062,14525401,2126134,1309730,0,540863,3695774,6852900,0,484959,221826,129779,0,0,0,133354,0,3096,1826
2063,7568,7568,7578,6322,28508634,23300650,5207984,2414167,1449318,1344499,2409,191,2218,2451,227,2224,0,2063,23300650,6153747,2721049,0,391568,6574186,7460100,0,1449318,566405,539410,0,0,0,343503,0,5159,3871
2064,7568,7568,7578,7578,0,0,0,0,0,0,7568,34,7534,7578,38,7540,0,2064,0,0,0,0,0,0,0,0,0,0,0,0,0,0,0,0,0,0
2065,7568,7568,7578,7571,51240,31617,19623,2953,5749,10921,7556,48,7508,7567,55,7512,15072,2065,31617,20160,11457,0,0,0,0,0,5749,2327,2405,0,0,0,1017,0,12,4
2066,7568,7568,7578,7285,2829312,2546089,283223,4372,120822,158029,7056,79,6977,7052,68,6984,0,2066,2546089,563250,454270,0,179654,1067089,281826,0,120822,27575,76368,0,0,0,16879,0,512,233
2067,7568,7568,7578,7578,0,0,0,0,0,0,7568,45,7523,7578,55,7523,0,2067,0,0,0,0,0,0,0,0,0,0,0,0,0,0,0,0,0,0
2068,7568,7568,7578,7578,0,0,0,0,0,0,7568,23,7545,7578,28,7550,0,2068,0,0,0,0,0,0,0,0,0,0,0,0,0,0,0,0,0,0
2069,7568,7568,7578,7578,11052,7062,3990,603,737,2650,7566,45,7521,7578,48,7530,0,2069,7062,4144,1872,0,1046,0,0,0,737,248,355,0,0,0,134,0,2,0
2070,7568,7568,7578,6827,3958480,3722794,235686,27780,67773,140133,6294,95,6199,6315,109,6206,3097823,2070,3722794,341172,252348,0,66984,1232533,1829757,0,67773,29749,20523,0,0,0,17501,0,1274,512
2071,7568,7568,7578,7575,16830,10133,6697,471,1170,5056,7563,42,7521,7574,42,7532,10800,2071,10133,7004,2125,0,1004,0,0,0,1170,462,516,0,0,0,192,0,5,1
2072,7568,7568,7578,7578,0,0,0,0,0,0,7568,37,7531,7578,41,7537,0,2072,0,0,0,0,0,0,0,0,0,0,0,0,0,0,0,0,0,0
2073,7568,7568,7578,6614,7464771,6822275,642496,123890,217338,301268,5837,116,5721,5859,133,5726,2112795,2073,6822275,742928,306048,0,11883,1877736,3883680,0,217338,84744,81735,0,0,0,50859,0,1731,755
2074,7568,7568,7578,7578,0,0,0,0,0,0,7568,27,7541,7578,32,7546,0,2074,0,0,0,0,0,0,0,0,0,0,0,0,0,0,0,0,0,0
2075,7568,7568,7578,7578,0,0,0,0,0,0,7568,6,7562,7578,10,7568,0,2075,0,0,0,0,0,0,0,0,0,0,0,0,0,0,0,0,0,0
2076,7568,7568,7578,7514,527772,382184,145588,4003,43169,98416,7465,59,7406,7475,64,7411,41406,2076,382184,204189,120282,0,57713,0,0,0,43169,16604,16572,0,0,0,9993,0,103,39
2077,7568,7568,7578,7578,0,0,0,0,0,0,7568,6,7562,7578,9,7569,0,2077,0,0,0,0,0,0,0,0,0,0,0,0,0,0,0,0,0,0
2078,7568,7568,7578,7441,1178159,938129,240030,26859,105483,107688,7350,60,7290,7358,60,7298,26509,2078,938129,296662,279891,0,97156,264420,0,0,105483,30333,56706,0,0,0,18444,0,218,83
2079,7568,7568,7578,7578,0,0,0,0,0,0,7568,7,7561,7578,12,7566,0,2079,0,0,0,0,0,0,0,0,0,0,0,0,0,0,0,0,0,0
2080,7568,7568,7578,7578,5526,4238,1288,196,277,815,7567,48,7519,7578,54,7524,0,2080,4238,2163,567,0,1508,0,0,0,277,71,168,0,0,0,38,0,1,0
2081,7568,7568,7578,6371,6055562,5605001,450561,95112,155741,199708,4997,140,4857,5046,183,4863,8174289,2081,5605001,571929,629059,0,48730,1452667,2902616,0,155741,57715,63693,0,0,0,34333,0,2571,1325
2082,7568,7568,7578,7578,0,0,0,0,0,0,7568,23,7545,7578,27,7551,0,2082,0,0,0,0,0,0,0,0,0,0,0,0,0,0,0,0,0,0
2083,7568,7568,7578,7569,36930,19619,17311,6105,6003,5203,7553,52,7501,7564,59,7505,45960,2083,19619,13043,6514,0,62,0,0,0,6003,2217,3090,0,0,0,696,0,15,5
2084,7568,7568,7578,7578,0,0,0,0,0,0,7568,33,7535,7578,35,7543,0,2084,0,0,0,0,0,0,0,0,0,0,0,0,0,0,0,0,0,0
2085,7568,7568,7578,7578,0,0,0,0,0,0,7568,23,7545,7578,26,7552,0,2085,0,0,0,0,0,0,0,0,0,0,0,0,0,0,0,0,0,0
2086,7568,7568,7578,7578,0,0,0,0,0,0,7568,31,7537,7578,35,7543,0,2086,0,0,0,0,0,0,0,0,0,0,0,0,0,0,0,0,0,0
2087,7568,7568,7578,6613,2519708,2297140,222568,99347,83612,39609,5798,133,5665,5828,156,5672,7298642,2087,2297140,209987,229304,0,17279,596666,1243904,0,83612,32697,31528,0,0,0,19387,0,1770,785
2088,7568,7568,7578,7457,755322,496576,258746,65301,110225,83220,7376,49,7327,7385,55,7330,305670,2088,496576,228168,178107,0,0,90301,0,0,110225,36518,51639,0,0,0,22068,0,192,72
2089,7568,7568,7578,7578,0,0,0,0,0,0,7568,31,7537,7578,35,7543,0,2089,0,0,0,0,0,0,0,0,0,0,0,0,0,0,0,0,0,0
2090,7568,7568,7578,7541,122380,72643,49737,6996,27158,15583,7510,47,7463,7519,48,7471,198128,2090,0,0,0,0,0,0,0,0,0,0,0,0,0,0,0,0,0,0
2091,7568,7568,7578,7578,0,0,0,0,0,0,7568,12,7556,7578,12,7566,0,2091,0,0,0,0,0,0,0,0,0,0,0,0,0,0,0,0,0,0
2092,7568,7568,7578,7578,0,0,0,0,0,0,7568,22,7546,7578,25,7553,0,2092,0,0,0,0,0,0,0,0,0,0,0,0,0,0,0,0,0,0
2093,7568,7568,7578,7578,0,0,0,0,0,0,7568,26,7542,7578,34,7544,0,2093,0,0,0,0,0,0,0,0,0,0,0,0,0,0,0,0,0,0
2094,7568,7568,7578,7578,0,0,0,0,0,0,7568,23,7545,7578,26,7552,0,2094,0,0,0,0,0,0,0,0,0,0,0,0,0,0,0,0,0,0
2095,7568,7568,7578,7578,0,0,0,0,0,0,7568,3,7565,7578,3,7575,0,2095,0,0,0,0,0,0,0,0,0,0,0,0,0,0,0,0,0,0
2096,7568,7568,7578,7578,0,0,0,0,0,0,7568,12,7556,7578,0,7578,0,2096,0,0,0,0,0,0,0,0,0,0,0,0,0,0,0,0,0,0
2097,7568,7568,7578,7578,0,0,0,0,0,0,7568,1,7567,7578,3,7575,0,2097,0,0,0,0,0,0,0,0,0,0,0,0,0,0,0,0,0,0
2098,7568,7568,7578,7578,0,0,0,0,0,0,7568,16,7552,7578,19,7559,0,2098,72643,49432,19381,0,3830,0,0,0,27158,6342,16986,0,0,0,3830,0,58,22
2099,7568,7568,7578,7578,0,0,0,0,0,0,7568,26,7542,7578,30,7548,0,2099,0,0,0,0,0,0,0,0,0,0,0,0,0,0,0,0,0,0
