"Year","AFem","AFemDeath","AMal","AMalDeath","Eggs","EggsDeath","FryGrad","FryExit","FryDeath","FryInStr","allMortAF","baseMortAF","tempMortAF","allMortAM","baseMortAM","tempMortAM","InVivo","Year","allMortEgg","baseMortEgg","tempMortEgg","denMortEgg","incMortEgg","superMortEgg","lostMortEgg","catMortEgg","allMortFry","baseMortFry","tempMortFry","denMortFry","habMortFry","freshMortFry","seasMortFry","catMortFry","allMortSF","allMortSM"
2010,7568,7568,7578,6333,14945138,13061865,1883273,618533,478473,786267,3925,158,3767,3970,195,3775,5207860,2010,13061865,2483670,1330000,0,396255,3509168,5342772,0,478473,227501,114236,0,0,0,136736,0,3643,2363
2011,7568,7568,7578,6329,14413966,12891408,1522558,218348,365939,938271,4144,173,3971,4188,209,3979,4527454,2011,12891408,2311468,1181279,0,35300,3732031,5631330,0,365939,162462,105778,0,0,0,97699,0,3424,2141
2012,7568,7568,7578,6485,13135302,12126407,1008895,66247,250392,692256,5191,142,5049,5223,168,5055,0,2012,12126407,1660631,836938,0,470520,3123926,6034392,0,250392,108293,77052,0,0,0,65047,0,2377,1262
2013,7568,7568,7578,6924,6552464,6196530,355934,49961,72919,233054,6379,87,6292,6405,107,6298,17950,2013,6196530,671654,256552,0,530810,1974514,2763000,0,72919,45923,0,0,0,0,26996,0,1189,519
2014,7568,7568,7578,6278,36543438,32913087,3630351,2221884,676812,731655,955,185,770,1001,229,772,0,2014,32913087,6838264,4988548,0,7087890,6510655,7487730,0,676812,423441,0,0,0,0,253371,0,6613,5277
2015,7568,7568,7578,6290,1389079,1288381,100698,42207,20613,37878,2549,176,2373,2599,221,2378,26424945,2015,1288381,120943,198428,0,7249,372162,589599,0,20613,12883,868,0,0,0,6862,0,5019,3691
2016,7568,7568,7578,6314,14578263,12935117,1643146,561122,303105,778919,3285,180,3105,3328,216,3112,9123430,2016,12935117,2518823,2206894,0,604179,3028381,4576840,0,303105,187830,3379,0,0,0,111896,0,4283,2986
2017,7568,7568,7578,6324,19057879,15496065,3561814,1966443,711733,883638,2294,196,2098,2333,231,2102,10117374,2017,15496065,3792513,1685359,0,842175,4185787,4990231,0,711733,425911,30723,0,0,0,255099,0,5274,3991
2018,7568,7568,7578,6316,37016451,31554817,5461634,3361161,1057217,1043256,842,191,651,880,228,652,152400,2018,31554817,7510669,4704593,0,5340304,6621423,7377828,0,1057217,624914,57759,0,0,0,374544,0,6726,5436
2019,7568,7568,7578,6309,10593081,9231218,1361863,554858,309773,497232,1269,184,1085,1316,227,1089,24274356,2019,9231218,1987233,1758223,0,263579,2232779,2989404,0,309773,143356,80968,0,0,0,85449,0,6299,4993
2020,7568,7568,7578,6644,9930222,9076145,854077,83536,160993,609548,5771,111,5660,5795,127,5668,0,2020,9076145,1211372,578973,0,167550,2365890,4752360,0,160993,100549,642,0,0,0,59802,0,1797,849
2021,7568,7568,7578,6598,11317248,9898073,1419175,410514,405358,603303,5520,129,5391,5541,146,5395,0,2021,9898073,1549464,606906,0,264387,2360240,5117076,0,405358,188468,103621,0,0,0,113269,0,2048,1057
2022,7568,7568,7578,6713,10543308,9167548,1375760,251473,368140,756147,5660,142,5518,5679,154,5525,300,2022,9167548,1793043,612980,0,256355,2355144,4150026,0,368140,175493,87210,0,0,0,105437,0,1908,1034
2023,7568,7568,7578,6346,19163487,17147676,2015811,262747,594464,1158600,4099,151,3948,4147,191,3956,6207,2023,17147676,3429894,1968137,0,82334,4533245,7134066,0,594464,186983,293653,0,0,0,113828,0,3469,2199
2024,7568,7568,7578,6402,14444964,13790225,654739,13765,143926,497048,4954,127,4827,5007,172,4835,0,2024,13790225,1624308,1191480,0,798171,3390338,6785928,0,143926,58815,49888,0,0,0,35223,0,2614,1395
2025,7568,7568,7578,6326,22197942,19799796,2398146,556799,529112,1312235,3551,162,3389,3595,199,3396,0,2025,19799796,3942691,1557322,0,1185072,5737501,7377210,0,529112,240416,143730,0,0,0,144966,0,4017,2731
2026,7568,7568,7578,6322,38137943,32255806,5882137,2285546,2018767,1577824,657,200,457,694,234,460,52243,2026,32255806,9737570,7241437,0,581479,7146804,7548516,0,2018767,505356,1200938,0,0,0,312473,0,6911,5628
2027,7568,7568,7578,6916,6575940,5982200,593740,67781,174147,351812,6378,110,6268,6402,127,6275,0,2027,5982200,767869,487280,0,100785,1874318,2751948,0,174147,73437,56807,0,0,0,43903,0,1190,514
2028,7568,7568,7578,6598,11173572,10283915,889657,56212,262061,571384,5546,130,5416,5566,144,5422,0,2028,10283915,1502147,763083,0,426875,2491312,5100498,0,262061,90378,117037,0,0,0,54646,0,2022,1032
2029,7568,7568,7578,7001,3853347,3544178,309169,48561,93495,167113,6503,77,6426,6529,96,6433,2041263,2029,3544178,462777,217829,0,164221,1202489,1496862,0,93495,40093,29560,0,0,0,23842,0,1065,472
2030,7568,7568,7578,6328,20214108,18726233,1487875,490167,395663,602045,3910,154,3756,3956,190,3766,0,2030,18726233,2417946,1555879,0,2629123,4784757,7338528,0,395663,186454,97389,0,0,0,111820,0,3658,2372
2031,7568,7568,7578,6322,18039070,14951237,3087833,1522718,760074,805041,2941,181,2760,2983,217,2766,7556185,2031,14951237,3223797,2031263,0,524729,3948873,5222575,0,760074,375044,159496,0,0,0,225534,0,4627,3339
2032,7568,7568,7578,6325,23701014,20335523,3365491,1036819,756848,1571824,3279,168,3111,3319,200,3119,0,2032,20335523,4605855,2364835,0,527122,5471553,7366158,0,756848,364822,172389,0,0,0,219637,0,4289,3006
2033,7568,7568,7578,6422,13616064,12261601,1354463,188237,454970,711256,5104,149,4955,5153,193,4960,0,2033,12261601,1683448,917332,0,1568,3105417,6553836,0,454970,166409,187900,0,0,0,100661,0,2464,1269
2034,7568,7568,7578,7567,93942,57426,36516,3993,10054,22469,7551,44,7507,7560,46,7514,0,2034,57426,38177,10710,0,8539,0,0,0,10054,4635,2891,0,0,0,2528,0,17,7
2035,7568,7568,7578,6392,17694252,15952160,1742092,409328,346807,985957,4366,142,4224,4418,186,4232,0,2035,15952160,2548282,1656483,0,991554,3920179,6835662,0,346807,198555,29515,0,0,0,118737,0,3202,1974
2036,7568,7568,7578,6353,12417298,12160761,256537,132357,66715,57465,4615,146,4469,4664,188,4476,3915949,2036,12160761,1092522,922611,0,1728020,2945308,5472300,0,66715,37065,8054,0,0,0,21596,0,2953,1689
2037,7568,7568,7578,6360,4377984,4076738,301246,26472,68686,206088,4898,146,4752,4945,187,4758,10419764,2037,4076738,486076,595482,0,6,1011962,1983212,0,68686,34238,14275,0,0,0,20173,0,2670,1415
2038,7568,7568,7578,7344,909977,759591,150386,6067,35780,108539,7154,79,7075,7156,74,7082,1381103,2038,759591,215621,100063,0,37738,370809,35360,0,35780,17601,7965,0,0,0,10214,0,414,188
2039,7568,7568,7578,7576,22104,14658,7446,185,1399,5862,7564,37,7527,7575,41,7534,0,2039,14658,8667,4292,0,1699,0,0,0,1399,581,565,0,0,0,253,0,4,1
2040,7568,7568,7578,7151,4006350,3626886,379464,54117,82246,243101,6843,52,6791,6875,77,6798,0,2040,3626886,503919,371146,0,88714,1657375,1005732,0,82246,51759,0,0,0,0,30487,0,725,276
2041,7568,7568,7578,6286,16565155,14868166,1696989,269870,369754,1057365,4077,156,3921,4126,199,3927,2738446,2041,14868166,2742413,2075274,0,203940,3801500,6045039,0,369754,177279,86024,0,0,0,106451,0,3491,2160
2042,7568,7568,7578,7578,0,0,0,0,0,0,7568,45,7523,7578,49,7529,0,2042,0,0,0,0,0,0,0,0,0,0,0,0,0,0,0,0,0,0
2043,7568,7568,7578,6325,16712343,14254206,2458137,1090155,628104,739878,3166,170,2996,3209,207,3002,7625416,2043,14254206,2853315,1540449,0,471214,4002960,5386268,0,628104,299934,147687,0,0,0,180483,0,4402,3116
2044,7568,7568,7578,7441,1207398,783497,423901,169483,125764,128654,7338,102,7236,7349,108,7241,63582,2044,783497,330503,248491,0,4796,199707,0,0,125764,64908,22372,0,0,0,38484,0,230,92
2045,7568,7568,7578,6448,7536641,6921521,615120,48808,132414,433898,5337,113,5224,5387,159,5228,4815625,2045,6921521,888767,539355,0,0,1622499,3870900,0,132414,72172,17323,0,0,0,42919,0,2231,1061
2046,7568,7568,7578,6324,27343978,24210447,3133531,1848136,730591,554804,2224,198,2026,2268,235,2033,2192462,2046,24210447,4519208,2969013,0,3922459,5773921,7025846,0,730591,384078,116062,0,0,0,230451,0,5344,4056
2047,7568,7568,7578,6445,11220387,10466427,753960,349089,164509,240362,4102,168,3934,4140,199,3941,7961011,2047,10466427,1832016,836327,0,1671735,2511919,3614430,0,164509,98938,7127,0,0,0,58444,0,3466,2305
2048,7568,7568,7578,6319,15748972,13106186,2642786,1266662,666075,710049,3158,163,2995,3200,201,2999,8652061,2048,13106186,2789150,1899260,0,348252,3358022,4711502,0,666075,315079,161511,0,0,0,189485,0,4410,3119
2049,7568,7568,7578,6405,15108084,13443747,1664337,179190,445555,1039592,4834,153,4681,4882,198,4684,0,2049,13443747,2302929,967248,0,24813,3467823,6680934,0,445555,189048,142528,0,0,0,113979,0,2734,1523
2050,7568,7568,7578,6360,16423272,14903952,1519320,168194,349067,1002059,4596,145,4451,4644,186,4458,0,2050,14903952,2361933,1459249,0,101177,3952521,7029072,0,349067,169461,77801,0,0,0,101805,0,2972,1716
2051,7568,7568,7578,6342,18009747,15562171,2447576,807256,693919,946401,4088,163,3925,4135,201,3934,1225176,2051,15562171,2762569,1343171,0,149192,4482643,6824596,0,693919,308945,198783,0,0,0,186191,0,3480,2207
2052,7568,7568,7578,6493,12063258,10930706,1132552,149344,328466,654742,5385,126,5259,5417,152,5265,0,2052,10930706,1487303,903499,0,42618,2573414,5923872,0,328466,138547,106522,0,0,0,83397,0,2183,1076
2053,7568,7568,7578,6481,4841764,4581371,260393,14441,37626,208326,4896,140,4756,4930,167,4763,9960461,2053,4581371,648445,495995,0,161065,1166963,2108903,0,37626,21861,3229,0,0,0,12536,0,2672,1551
2054,7568,7568,7578,6458,14041566,12984971,1056595,114415,319790,622390,5027,128,4899,5074,169,4905,0,2054,12984971,1620344,888749,0,681538,3422862,6371478,0,319790,121041,125730,0,0,0,73019,0,2541,1384
2055,7568,7568,7578,7387,518802,426560,92242,2657,34201,55384,7248,62,7186,7250,62,7188,1253411,2055,426560,136669,64265,0,31576,194050,0,0,34201,9626,18866,0,0,0,5709,0,320,137
2056,7568,7568,7578,7578,0,0,0,0,0,0,7568,32,7536,7578,40,7538,0,2056,0,0,0,0,0,0,0,0,0,0,0,0,0,0,0,0,0,0
2057,7568,7568,7578,6574,11267514,10159839,1107675,72416,274898,760361,5529,123,5406,5551,141,5410,0,2057,10159839,1631639,778907,0,2086,2453299,5293908,0,274898,122931,78040,0,0,0,73927,0,2039,1023
2058,7568,7568,7578,6863,6995649,6471681,523968,42311,101847,379810,6302,93,6209,6325,108,6217,267,2058,6471681,769055,333893,0,168110,2128167,3072456,0,101847,63972,0,0,0,0,37875,0,1266,538
2059,7568,7568,7578,6283,11549334,9702379,1846955,655240,472105,719610,3452,170,3282,3503,214,3289,11239490,2059,9702379,2169821,865682,0,209093,2710711,3747072,0,472105,213126,130906,0,0,0,128073,0,4116,2780
2060,7568,7568,7578,6324,30321162,25327157,4994005,1766710,1740080,1487215,2081,182,1899,2123,218,1905,0,2060,25327157,7165184,3696661,0,619988,6412854,7432470,0,1740080,473993,974513,0,0,0,291574,0,5487,4201
2061,7568,7568,7578,7518,338764,205417,133347,7780,32072,93495,7470,46,7424,7479,48,7431,202784,2061,205417,151293,47160,0,6964,0,0,0,32072,16444,5914,0,0,0,9714,0,98,39
2062,7568,7568,7578,6606,8027878,7344272,683606,155986,208290,319330,5669,114,5555,5691,129,5562,2478806,2062,7344272,828417,572175,0,307541,1743474,3892665,0,208290,90899,62937,0,0,0,54454,0,1899,915
2063,7568,7568,7578,7448,1165986,889539,276447,14085,78572,183790,7357,49,7308,7367,52,7315,0,2063,889539,360004,176403,0,113197,239935,0,0,78572,33438,25171,0,0,0,19963,0,211,81
2064,7568,7568,7578,6992,5929398,5328179,601219,161641,158944,280634,6495,89,6406,6521,108,6413,0,2064,5328179,660677,361274,0,119047,1744689,2442492,0,158944,84956,23446,0,0,0,50542,0,1073,471
2065,7568,7568,7578,6689,3755343,3357559,397784,111023,157032,129729,5805,123,5682,5836,146,5690,6020905,2065,3357559,417004,432989,0,239,803597,1703730,0,157032,53227,72135,0,0,0,31670,0,1763,853
2066,7568,7568,7578,7578,5526,3916,1610,4,285,1321,7567,16,7551,7578,20,7558,0,2066,3916,2210,1190,0,516,0,0,0,285,94,142,0,0,0,49,0,1,0
2067,7568,7568,7578,7470,897104,578394,318710,87794,76054,154862,7393,47,7346,7403,51,7352,69946,2067,578394,288479,165268,0,50824,73823,0,0,76054,47097,983,0,0,0,27974,0,175,67
2068,7568,7568,7578,6310,14358352,12492637,1865715,735849,463713,666153,2085,189,1896,2132,231,1901,15993483,2068,12492637,2797994,2821263,0,557049,2810046,3506285,0,463713,198658,145588,0,0,0,119467,0,5483,4178
2069,7568,7568,7578,6417,14942304,13097373,1844931,506558,611182,727191,4864,145,4719,4917,189,4728,0,2069,13097373,1988509,1041048,0,25632,3433088,6609096,0,611182,241925,222888,0,0,0,146369,0,2704,1500
2070,7568,7568,7578,7550,144738,91320,53418,3424,15177,34817,7525,49,7476,7534,54,7480,92880,2070,91320,64528,26792,0,0,0,0,0,15177,6240,5298,0,0,0,3639,0,43,16
2071,7568,7568,7578,7578,0,0,0,0,0,0,7568,36,7532,7578,40,7538,0,2071,0,0,0,0,0,0,0,0,0,0,0,0,0,0,0,0,0,0
2072,7568,7568,7578,7573,49734,31572,18162,6311,3990,7861,7559,42,7517,7570,46,7524,0,2072,31572,15919,9377,0,6276,0,0,0,3990,2649,287,0,0,0,1054,0,9,3
2073,7568,7568,7578,6340,13132867,11334608,1798259,445298,497251,855710,4184,164,4020,4232,204,4028,5587784,2073,11334608,2207333,685015,0,28251,3298641,5115368,0,497251,209628,161418,0,0,0,126205,0,3384,2108
2074,7568,7568,7578,7578,0,0,0,0,0,0,7568,47,7521,7578,50,7528,0,2074,0,0,0,0,0,0,0,0,0,0,0,0,0,0,0,0,0,0
2075,7568,7568,7578,7566,41040,30079,10961,40,2158,8763,7549,47,7502,7559,50,7509,63954,2075,30079,16866,8656,0,4557,0,0,0,2158,1051,705,0,0,0,402,0,19,7
2076,7568,7568,7578,6603,10891746,10021445,870301,168892,235779,465630,5597,120,5477,5623,141,5482,0,2076,10021445,1203001,561561,0,616389,2324482,5316012,0,235779,110946,58452,0,0,0,66381,0,1971,980
2077,7568,7568,7578,7046,5089446,4542183,547263,51185,142515,353563,6647,71,6576,6667,85,6582,0,2077,4542183,685966,320005,0,0,1928146,1608066,0,142515,70477,29815,0,0,0,42223,0,921,379
2078,7568,7568,7578,6829,7493256,6910384,582872,121278,146575,315019,6212,95,6117,6231,105,6126,0,2078,6910384,773709,562476,0,214229,2099630,3260340,0,146575,78810,20886,0,0,0,46879,0,1356,598
2079,7568,7568,7578,7498,249210,161455,87755,5915,21957,59883,7441,32,7409,7451,39,7412,452592,2079,161455,105743,55712,0,0,0,0,0,21957,10623,5077,0,0,0,6257,0,127,47
2080,7568,7568,7578,7578,0,0,0,0,0,0,7568,30,7538,7578,35,7543,0,2080,0,0,0,0,0,0,0,0,0,0,0,0,0,0,0,0,0,0
2081,7568,7568,7578,7578,0,0,0,0,0,0,7568,32,7536,7578,37,7541,0,2081,0,0,0,0,0,0,0,0,0,0,0,0,0,0,0,0,0,0
2082,7568,7568,7578,6354,1345662,1213001,132661,22286,35925,74450,4601,151,4450,4649,193,4456,15116292,2082,1213001,182024,139792,0,1937,345250,543998,0,35925,14874,12799,0,0,0,8252,0,2967,1705
2083,7568,7568,7578,7578,0,0,0,0,0,0,7568,34,7534,7578,37,7541,0,2083,0,0,0,0,0,0,0,0,0,0,0,0,0,0,0,0,0,0
2084,7568,7568,7578,7573,48678,32592,16086,985,6742,8359,7559,22,7537,7570,25,7545,1056,2084,32592,19321,11538,0,1733,0,0,0,6742,1709,4257,0,0,0,776,0,9,3
2085,7568,7568,7578,7578,0,0,0,0,0,0,7568,6,7562,7578,3,7575,0,2085,0,0,0,0,0,0,0,0,0,0,0,0,0,0,0,0,0,0
2086,7568,7568,7578,7578,0,0,0,0,0,0,7568,27,7541,7578,31,7547,0,2086,0,0,0,0,0,0,0,0,0,0,0,0,0,0,0,0,0,0
2087,7568,7568,7578,7578,0,0,0,0,0,0,7568,31,7537,7578,35,7543,0,2087,0,0,0,0,0,0,0,0,0,0,0,0,0,0,0,0,0,0
2088,7568,7568,7578,7273,2751948,2395866,356082,26439,107720,221923,7070,67,7003,7082,68,7014,0,2088,2395866,471078,376517,0,0,1172503,375768,0,107720,45034,35605,0,0,0,27081,0,498,191
2089,7568,7568,7578,7573,44208,24610,19598,3295,4663,11640,7560,36,7524,7570,38,7532,0,2089,24610,18977,5040,0,593,0,0,0,4663,2605,793,0,0,0,1265,0,8,3
2090,7568,7568,7578,7319,1944420,1653241,291179,9234,90850,191095,7145,64,7081,7144,53,7091,394936,2090,1653241,423412,198710,0,64368,847229,119522,0,90850,33907,36661,0,0,0,20282,0,423,175
2091,7568,7568,7578,7566,110520,71453,39067,6020,16561,16486,7548,52,7496,7559,56,7503,0,2091,71453,39530,20807,0,11116,0,0,0,16561,4942,8881,0,0,0,2738,0,20,7
2092,7568,7568,7578,7500,707328,398403,308925,135660,80665,92600,7440,51,7389,7450,54,7396,0,2092,398403,220358,130483,0,47562,0,0,0,80665,48755,2917,0,0,0,28993,0,128,50
2093,7568,7568,7578,7414,11052,8679,2373,2119,224,30,7289,92,7197,7298,101,7197,1530702,2093,8679,1722,5277,0,0,1680,0,0,224,138,17,0,0,0,69,0,279,116
2094,7568,7568,7578,7578,0,0,0,0,0,0,7568,26,7542,7578,31,7547,0,2094,0,0,0,0,0,0,0,0,0,0,0,0,0,0,0,0,0,0
2095,7568,7568,7578,6325,12488654,10376540,2112114,847644,506669,757801,3254,189,3065,3295,224,3071,11393365,2095,0,0,0,0,0,0,0,0,0,0,0,0,0,0,0,0,0,0
2096,7568,7568,7578,7578,0,0,0,0,0,0,7568,21,7547,7578,20,7558,0,2096,0,0,0,0,0,0,0,0,0,0,0,0,0,0,0,0,0,0
2097,7568,7568,7578,7578,0,0,0,0,0,0,7568,18,7550,7578,21,7557,0,2097,0,0,0,0,0,0,0,0,0,0,0,0,0,0,0,0,0,0
2098,7568,7568,7578,7578,0,0,0,0,0,0,7568,20,7548,7578,24,7554,0,2098,10376540,2471316,1128125,0,134310,2838594,3804195,0,506669,240698,121341,0,0,0,144630,0,4314,3030
2099,7568,7553,7578,7561,0,0,0,0,0,0,7553,43,7510,7561,48,7513,0,2099,0,0,0,0,0,0,0,0,0,0,0,0,0,0,0,0,0,0
