"Year","allMortEgg","baseMortEgg","tempMortEgg","denMortEgg","incMortEgg","superMortEgg","lostMortEgg","catMortEgg","allMortFry","baseMortFry","tempMortFry","denMortFry","habMortFry","freshMortFry","seasMortFry","catMortFry","allMortSF","allMortSM"
2010,13081430,2819810,1890200,0,2094670,2879139,3397611,0,264223,161318,6923,0,0,0,95982,0,5800,4498
2011,136951,13678,67834,0,471,54968,0,0,557,365,3,0,0,0,189,0,3948,2646
2012,18151675,4255103,2724843,0,346239,4525153,6300337,0,677338,311773,177841,0,0,0,187724,0,4439,3152
2013,9822261,1972819,958274,0,566623,2645423,3679122,0,301179,187250,2348,0,0,0,111581,0,4169,2881
2014,29192314,8357092,6680544,0,949308,6255907,6949463,0,967637,490680,181899,0,0,0,295058,0,6764,5425
2015,5441627,675206,337011,0,35977,1760229,2633204,0,182253,70139,69972,0,0,0,42142,0,1363,595
2016,10856399,1913669,988516,0,423404,2847198,4683612,0,245356,132509,33735,0,0,0,79112,0,3477,2213
2017,16830368,3388757,1281299,0,170550,4817014,7172748,0,666142,291275,199119,0,0,0,175748,0,3510,2239
2018,27567634,6279498,5476379,0,2044147,6313036,7454574,0,549270,306651,58759,0,0,0,183860,0,5526,4244
2019,3573946,492386,350370,0,54203,1024187,1652800,0,65215,28265,20463,0,0,0,16487,0,3900,2623
2020,12508264,2380965,1159817,0,944952,3169125,4853405,0,333166,194175,23098,0,0,0,115893,0,4000,2720
2021,24667623,6514853,4812297,0,1717301,5458510,6164662,0,1488528,715374,341970,0,0,0,431184,0,6796,5465
2022,7181872,970904,910075,0,153097,1842996,3304800,0,192343,96733,38139,0,0,0,57471,0,3016,1741
2023,5730497,728359,515762,0,0,1374400,3111976,0,147822,67419,40295,0,0,0,40108,0,1831,849
2024,18939377,3849163,1500185,0,937750,5241913,7410366,0,584382,365626,0,0,0,0,218756,0,3966,2639
2025,17576696,4275204,3550837,0,2146309,3598368,4005978,0,859887,415175,194981,0,0,0,249731,0,7355,6008
2026,10013073,2829967,1598870,0,156049,2129165,3299022,0,637990,242850,248029,0,0,0,147111,0,2209,1439
2027,413274,247645,163522,0,2107,0,0,0,30803,15512,6053,0,0,0,9238,0,103,39
2028,3302896,465639,249191,0,76260,1383248,1128558,0,92964,41175,27458,0,0,0,24331,0,771,308
2029,13827021,2575138,1398838,0,1001020,3924751,4927274,0,450851,221712,96161,0,0,0,132978,0,4737,3450
2030,65008,42244,17545,0,5219,0,0,0,10125,5087,2169,0,0,0,2869,0,19,7
2031,28673322,9888658,2775887,0,619872,7790655,7598250,0,1701806,863521,318468,0,0,0,519817,0,6712,5430
2032,20832829,3784242,2613908,0,2074074,5190983,7169622,0,567824,334151,33592,0,0,0,200081,0,4497,3178
2033,34442413,8660770,6655202,0,4426173,7223590,7476678,0,568877,245328,175527,0,0,0,148022,0,6725,5425
2034,12864107,2107242,1051582,0,25186,3336249,6343848,0,376800,159774,120808,0,0,0,96218,0,2593,1423
2035,5608183,831838,645248,0,173864,1984451,1972782,0,86010,37976,25372,0,0,0,22662,0,1082,485
2036,14371999,1985697,1403809,0,927107,3798946,6256440,0,435873,251511,33979,0,0,0,150383,0,3406,2126
2037,14599503,2504504,2510555,0,1269187,3290121,5025136,0,377128,234865,2148,0,0,0,140115,0,4422,3136
2038,29429838,9030779,3457806,0,2186523,7272751,7481979,0,1672363,940641,166779,0,0,0,564943,0,7061,5761
2039,16588134,2705662,2838610,0,140610,3894052,7009200,0,498792,241980,111455,0,0,0,145357,0,3505,2229
2040,5020725,640106,319131,0,3013,2013855,2044620,0,123475,61127,26026,0,0,0,36322,0,996,389
2041,24118236,5968139,3148311,0,1343490,6209248,7449048,0,835765,362783,253755,0,0,0,219227,0,5001,3671
2042,7155371,891852,511008,0,0,1741119,4011392,0,178668,85376,42387,0,0,0,50905,0,1907,881
2043,10464952,1473120,805719,0,174133,2720708,5291272,0,186529,111733,8244,0,0,0,66552,0,2317,1219
2044,23414478,5791231,3746226,0,643747,5795278,7437996,0,1084499,434605,386663,0,0,0,263231,0,4988,3641
2045,10201621,1261294,626604,0,624091,2406776,5282856,0,158612,75887,37465,0,0,0,45260,0,1960,944
2046,12376287,1590683,901568,0,56975,3030081,6796980,0,312423,173333,35417,0,0,0,103673,0,2477,1252
2047,8481494,2387443,1249922,0,342126,2125187,2376816,0,315089,179245,29075,0,0,0,106769,0,5686,4381
2048,17246132,3243958,1087066,0,340635,5224893,7349580,0,874621,267097,444287,0,0,0,163237,0,3555,2271
2049,45322,34691,10631,0,0,0,0,0,11093,5119,3139,0,0,0,2835,0,15,5
2050,2284248,614922,177359,0,100740,1164661,226566,0,89348,48017,12788,0,0,0,28543,0,490,224
2051,11472527,2378019,1441046,0,544037,3015628,4093797,0,481551,280307,33719,0,0,0,167525,0,4627,3292
2052,14287281,3660828,2644426,0,288763,3518081,4175183,0,479600,179497,191605,0,0,0,108498,0,5363,4059
2053,9404443,1251189,597012,0,0,2383042,5173200,0,176018,92751,27755,0,0,0,55512,0,1903,881
2054,13645701,1927951,1056791,0,430912,3687263,6542784,0,347190,172517,71106,0,0,0,103567,0,2723,1527
2055,7916092,1028689,605530,0,363424,1931089,3987360,0,150753,85795,13917,0,0,0,51041,0,2015,1028
2056,8615114,1085493,456405,0,195244,2313496,4564476,0,187077,108977,13085,0,0,0,65015,0,1705,778
2057,16313645,2462316,1546540,0,739816,4491693,7073280,0,499512,307583,8081,0,0,0,183848,0,3359,2103
2058,8391755,1718960,1415064,0,238636,1974125,3044970,0,269637,147027,35045,0,0,0,87565,0,4414,3079
2059,12314415,2438245,1661508,0,523207,3131456,4559999,0,374865,230527,6790,0,0,0,137548,0,4290,3002
2060,24509244,6441447,5080377,0,1752361,5195066,6039993,0,672873,374639,73472,0,0,0,224762,0,6229,4937
2061,9773205,2022386,1065148,0,144332,2690302,3851037,0,573121,201324,249788,0,0,0,122009,0,3933,2648
2062,2954,2307,523,0,124,0,0,0,494,177,236,0,0,0,81,0,1,0
2063,15046075,2579223,1220006,0,279980,3948846,7018020,0,767255,248615,367181,0,0,0,151459,0,3102,1847
2064,3669,2446,745,0,478,0,0,0,182,119,0,0,0,0,63,0,1,0
2065,7087680,1005579,462337,0,71152,2146237,3402375,0,240768,103874,74521,0,0,0,62373,0,1475,684
2066,14209398,2490375,1122846,0,36612,3884157,6675408,0,540481,237091,160404,0,0,0,142986,0,2930,1721
2067,106418,53668,42486,0,10264,0,0,0,13393,3095,8491,0,0,0,1807,0,25,9
2068,0,0,0,0,0,0,0,0,0,0,0,0,0,0,0,0,0,0
2069,13128673,1814112,1139133,0,1331,3255545,6918552,0,415304,190864,109556,0,0,0,114884,0,2646,1404
2070,0,0,0,0,0,0,0,0,0,0,0,0,0,0,0,0,0,0
2071,7113718,896643,877486,0,1460,1691299,3646830,0,210136,94487,59067,0,0,0,56582,0,2740,1475
2072,1455050,434904,254498,0,33359,683559,48730,0,103167,44195,32658,0,0,0,26314,0,371,160
2073,29013,18634,4110,0,6269,0,0,0,3593,1922,877,0,0,0,794,0,8,3
2074,3200722,603263,269434,0,0,1609645,718380,0,112971,40402,48409,0,0,0,24160,0,648,252
2075,0,0,0,0,0,0,0,0,0,0,0,0,0,0,0,0,0,0
2076,0,0,0,0,0,0,0,0,0,0,0,0,0,0,0,0,0,0
2077,746869,384913,135122,0,10459,216375,0,0,70351,44010,273,0,0,0,26068,0,197,75
2078,20610191,4013059,2709234,0,1015457,5583647,7288794,0,893376,392625,263864,0,0,0,236887,0,4345,3069
2079,2081519,547495,315881,0,135370,939097,143676,0,111936,46935,37040,0,0,0,27961,0,444,195
2080,2648728,525852,281317,0,0,1327641,513918,0,134630,58379,41420,0,0,0,34831,0,559,220
2081,5423816,721599,421229,0,35107,1365661,2880220,0,154743,75397,34367,0,0,0,44979,0,2018,981
2082,7631133,864807,448281,0,124545,2122683,4070817,0,168351,85306,32284,0,0,0,50761,0,1598,701
2083,4829168,586659,371915,0,0,1159326,2711268,0,142970,78560,17898,0,0,0,46512,0,2204,1062
2084,18067428,3559936,2261807,0,187621,4807952,7250112,0,601723,263873,178810,0,0,0,159040,0,3710,2429
2085,37451,19645,8536,0,9270,0,0,0,3477,1378,1549,0,0,0,550,0,10,4
2086,9770370,1323742,934800,0,890,2378504,5132434,0,234559,104843,67175,0,0,0,62541,0,2338,1185
2087,0,0,0,0,0,0,0,0,0,0,0,0,0,0,0,0,0,0
2088,1112948,277048,178871,0,75594,538631,42804,0,46780,19253,16133,0,0,0,11394,0,360,144
2089,2652847,563455,204947,0,6160,1391997,486288,0,64128,40250,0,0,0,0,23878,0,546,209
2090,5188735,580515,389507,0,80142,1350251,2788320,0,130654,58942,36882,0,0,0,34830,0,1794,806
2091,162274,94815,49306,0,18153,0,0,0,34408,18320,5235,0,0,0,10853,0,60,23
2092,5083570,594428,496426,0,0,1540756,2451960,0,191529,45531,118080,0,0,0,27918,0,1303,544
2093,0,0,0,0,0,0,0,0,0,0,0,0,0,0,0,0,0,0
2094,3744,2268,813,0,663,0,0,0,163,109,3,0,0,0,51,0,1,0
2095,2960599,577470,433637,0,98952,792028,1058512,0,132972,62928,32817,0,0,0,37227,0,4716,3399
2096,0,0,0,0,0,0,0,0,0,0,0,0,0,0,0,0,0,0
2097,2299,1814,382,0,103,0,0,0,685,120,502,0,0,0,63,0,0,0
2098,0,0,0,0,0,0,0,0,0,0,0,0,0,0,0,0,1,0
2099,0,0,0,0,0,0,0,0,0,0,0,0,0,0,0,0,0,0
