"Year","AFem","AFemDeath","AMal","AMalDeath","Eggs","EggsDeath","FryGrad","FryExit","FryDeath","FryInStr","allMortAF","baseMortAF","tempMortAF","allMortAM","baseMortAM","tempMortAM","InVivo","Year","allMortEgg","baseMortEgg","tempMortEgg","denMortEgg","incMortEgg","superMortEgg","lostMortEgg","catMortEgg","allMortFry","baseMortFry","tempMortFry","denMortFry","habMortFry","freshMortFry","seasMortFry","catMortFry","allMortSF","allMortSM"
2010,7568,7568,7578,6309,14423309,13081430,1341879,746673,264223,330983,1768,192,1576,1811,231,1580,17681970,2010,13081430,2819810,1890200,0,2094670,2879139,3397611,0,264223,161318,6923,0,0,0,95982,0,5800,4498
2011,7568,7568,7578,6312,143676,136951,6725,6154,557,14,3620,161,3459,3666,202,3464,21761388,2011,136951,13678,67834,0,471,54968,0,0,557,365,3,0,0,0,189,0,3948,2646
2012,7568,7568,7578,6323,21128606,18151675,2976931,915122,677338,1384471,3129,176,2953,3171,214,2957,3414747,2012,18151675,4255103,2724843,0,346239,4525153,6300337,0,677338,311773,177841,0,0,0,187724,0,4439,3152
2013,7568,7568,7578,6325,11382260,9822261,1559999,605231,301179,653589,3399,166,3233,3444,205,3239,11700317,2013,9822261,1972819,958274,0,566623,2645423,3679122,0,301179,187250,2348,0,0,0,111581,0,4169,2881
2014,7568,7568,7578,6275,34267495,29192314,5075181,2129889,967637,1977655,804,185,619,850,229,621,3111323,2014,29192314,8357092,6680544,0,949308,6255907,6949463,0,967637,490680,181899,0,0,0,295058,0,6764,5425
2015,7568,7568,7578,6821,5987933,5441627,546306,81093,182253,282960,6205,93,6112,6226,104,6122,1551915,2015,5441627,675206,337011,0,35977,1760229,2633204,0,182253,70139,69972,0,0,0,42142,0,1363,595
2016,7568,7568,7578,6348,12046933,10856399,1190534,228645,245356,716533,4091,173,3918,4135,211,3924,7191712,2016,10856399,1913669,988516,0,423404,2847198,4683612,0,245356,132509,33735,0,0,0,79112,0,3477,2213
2017,7568,7568,7578,6342,19396260,16830368,2565892,566776,666142,1332974,4058,169,3889,4103,208,3895,0,2017,16830368,3388757,1281299,0,170550,4817014,7172748,0,666142,291275,199119,0,0,0,175748,0,3510,2239
2018,7568,7568,7578,6322,30536676,27567634,2969042,1045000,549270,1374772,2042,198,1844,2078,232,1846,0,2018,27567634,6279498,5476379,0,2044147,6313036,7454574,0,549270,306651,58759,0,0,0,183860,0,5526,4244
2019,7568,7568,7578,6336,3851989,3573946,278043,34777,65215,178051,3668,153,3515,3713,196,3517,17764076,2019,3573946,492386,350370,0,54203,1024187,1652800,0,65215,28265,20463,0,0,0,16487,0,3900,2623
2020,7568,7568,7578,6334,14105934,12508264,1597670,620419,333166,644085,3568,168,3400,3614,207,3407,8026101,2020,12508264,2380965,1159817,0,944952,3169125,4853405,0,333166,194175,23098,0,0,0,115893,0,4000,2720
2021,7568,7568,7578,6286,31022828,24667623,6355205,4023414,1488528,843263,772,181,591,821,227,594,6549508,2021,24667623,6514853,4812297,0,1717301,5458510,6164662,0,1488528,715374,341970,0,0,0,431184,0,6796,5465
2022,7568,7568,7578,6343,7899694,7181872,717822,213708,192343,311771,4552,155,4397,4602,196,4406,8798708,2022,7181872,970904,910075,0,153097,1842996,3304800,0,192343,96733,38139,0,0,0,57471,0,3016,1741
2023,7568,7568,7578,6607,6288551,5730497,558054,62800,147822,347432,5737,123,5614,5758,138,5620,3850655,2023,5730497,728359,515762,0,0,1374400,3111976,0,147822,67419,40295,0,0,0,40108,0,1831,849
2024,7568,7568,7578,6292,21916116,18939377,2976739,1135351,584382,1257006,3602,157,3445,3653,202,3451,0,2024,18939377,3849163,1500185,0,937750,5241913,7410366,0,584382,365626,0,0,0,0,218756,0,3966,2639
2025,7568,7568,7578,6266,21332749,17576696,3756053,2455696,859887,440470,213,182,31,258,226,32,19357374,2025,17576696,4275204,3550837,0,2146309,3598368,4005978,0,859887,415175,194981,0,0,0,249731,0,7355,6008
2026,7568,7568,7578,6822,12206934,10013073,2193861,689077,637990,866794,5359,163,5196,5383,180,5203,0,2026,10013073,2829967,1598870,0,156049,2129165,3299022,0,637990,242850,248029,0,0,0,147111,0,2209,1439
2027,7568,7568,7578,7514,569178,413274,155904,957,30803,124144,7465,36,7429,7475,38,7437,0,2027,413274,247645,163522,0,2107,0,0,0,30803,15512,6053,0,0,0,9238,0,103,39
2028,7568,7568,7578,7134,3638728,3302896,335832,22211,92964,220657,6797,102,6695,6826,122,6704,625034,2028,3302896,465639,249191,0,76260,1383248,1128558,0,92964,41175,27458,0,0,0,24331,0,771,308
2029,7568,7568,7578,6324,15801861,13827021,1974840,836968,450851,687021,2831,163,2668,2874,201,2673,10405373,2029,13827021,2575138,1398838,0,1001020,3924751,4927274,0,450851,221712,96161,0,0,0,132978,0,4737,3450
2030,7568,7568,7578,7566,104994,65008,39986,4258,10125,25603,7549,34,7515,7559,38,7521,0,2030,65008,42244,17545,0,5219,0,0,0,10125,5087,2169,0,0,0,2869,0,19,7
2031,7568,7568,7578,6323,37090512,28673322,8417190,4437938,1701806,2277446,856,201,655,893,237,656,0,2031,28673322,9888658,2775887,0,619872,7790655,7598250,0,1701806,863521,318468,0,0,0,519817,0,6712,5430
2032,7568,7568,7578,6299,23604144,20832829,2771315,1284609,567824,918882,3071,164,2907,3121,209,2912,1248331,2032,20832829,3784242,2613908,0,2074074,5190983,7169622,0,567824,334151,33592,0,0,0,200081,0,4497,3178
2033,7568,7568,7578,6309,37112469,34442413,2670056,832275,568877,1268904,843,189,654,884,228,656,49881,2033,34442413,8660770,6655202,0,4426173,7223590,7476678,0,568877,245328,175527,0,0,0,148022,0,6725,5425
2034,7568,7568,7578,6450,14328918,12864107,1464811,128163,376800,959848,4975,125,4850,5027,170,4857,0,2034,12864107,2107242,1051582,0,25186,3336249,6343848,0,376800,159774,120808,0,0,0,96218,0,2593,1423
2035,7568,7568,7578,6997,5979132,5608183,370949,8300,86010,276639,6486,98,6388,6512,116,6396,0,2035,5608183,831838,645248,0,173864,1984451,1972782,0,86010,37976,25372,0,0,0,22662,0,1082,485
2036,7568,7568,7578,6337,16195504,14371999,1823505,839706,435873,547926,4162,158,4004,4211,197,4014,2635592,2036,14371999,1985697,1403809,0,927107,3798946,6256440,0,435873,251511,33979,0,0,0,150383,0,3406,2126
2037,7568,7568,7578,6324,16430273,14599503,1830770,965247,377128,488395,3146,167,2979,3188,205,2983,8033427,2037,14599503,2504504,2510555,0,1269187,3290121,5025136,0,377128,234865,2148,0,0,0,140115,0,4422,3136
2038,7568,7568,7578,6309,37985441,29429838,8555603,5260800,1672363,1622440,507,187,320,548,227,321,1034047,2038,29429838,9030779,3457806,0,2186523,7272751,7481979,0,1672363,940641,166779,0,0,0,564943,0,7061,5761
2039,7568,7568,7578,6340,18670338,16588134,2082204,525282,498792,1058130,4063,155,3908,4111,194,3917,699174,2039,16588134,2705662,2838610,0,140610,3894052,7009200,0,498792,241980,111455,0,0,0,145357,0,3505,2229
2040,7568,7568,7578,6988,5503896,5020725,483171,40609,123475,319087,6572,91,6481,6599,115,6484,0,2040,5020725,640106,319131,0,3013,2013855,2044620,0,123475,61127,26026,0,0,0,36322,0,996,389
2041,7568,7568,7578,6287,27635526,24118236,3517290,1132478,835765,1549047,2567,187,2380,2616,233,2383,0,2041,24118236,5968139,3148311,0,1343490,6209248,7449048,0,835765,362783,253755,0,0,0,219227,0,5001,3671
2042,7568,7568,7578,6567,7856630,7155371,701259,84348,178668,438243,5661,123,5538,5686,142,5544,2695272,2042,7155371,891852,511008,0,0,1741119,4011392,0,178668,85376,42387,0,0,0,50905,0,1907,881
2043,7568,7568,7578,6497,11430849,10464952,965897,86665,186529,692703,5251,119,5132,5278,141,5137,1376211,2043,10464952,1473120,805719,0,174133,2720708,5291272,0,186529,111733,8244,0,0,0,66552,0,2317,1219
2044,7568,7568,7578,6270,27563688,23414478,4149210,1539229,1084499,1525482,2580,175,2405,2629,219,2410,0,2044,23414478,5791231,3746226,0,643747,5795278,7437996,0,1084499,434605,386663,0,0,0,263231,0,4988,3641
2045,7568,7568,7578,6575,10830960,10201621,629339,66008,158612,404719,5608,109,5499,5631,122,5509,0,2045,10201621,1261294,626604,0,624091,2406776,5282856,0,158612,75887,37465,0,0,0,45260,0,1960,944
2046,7568,7568,7578,6390,13687902,12376287,1311615,261914,312423,737278,5091,133,4958,5138,175,4963,0,2046,12376287,1590683,901568,0,56975,3030081,6796980,0,312423,173333,35417,0,0,0,103673,0,2477,1252
2047,7568,7568,7578,6308,10161667,8481494,1680173,702489,315089,662595,1882,191,1691,1927,231,1696,21326943,2047,8481494,2387443,1249922,0,342126,2125187,2376816,0,315089,179245,29075,0,0,0,106769,0,5686,4381
2048,7568,7568,7578,6329,19644930,17246132,2398798,423216,874621,1100961,4013,174,3839,4058,210,3848,0,2048,17246132,3243958,1087066,0,340635,5224893,7349580,0,874621,267097,444287,0,0,0,163237,0,3555,2271
2049,7568,7568,7578,7569,82890,45322,37568,6696,11093,19779,7553,15,7538,7564,16,7548,0,2049,45322,34691,10631,0,0,0,0,0,11093,5119,3139,0,0,0,2835,0,15,5
2050,7568,7568,7578,7290,2707740,2284248,423492,13699,89348,320445,7078,71,7007,7066,51,7015,0,2050,2284248,614922,177359,0,100740,1164661,226566,0,89348,48017,12788,0,0,0,28543,0,490,224
2051,7568,7568,7578,6282,13716792,11472527,2244265,1188177,481551,574537,2941,175,2766,2990,218,2772,11892027,2051,11472527,2378019,1441046,0,544037,3015628,4093797,0,481551,280307,33719,0,0,0,167525,0,4627,3292
2052,7568,7568,7578,6308,16289920,14287281,2002639,511647,479600,1011392,2205,201,2004,2249,240,2009,13389921,2052,14287281,3660828,2644426,0,288763,3518081,4175183,0,479600,179497,191605,0,0,0,108498,0,5363,4059
2053,7568,7568,7578,6574,10240195,9404443,835752,37753,176018,621981,5665,125,5540,5693,151,5542,277043,2053,9404443,1251189,597012,0,0,2383042,5173200,0,176018,92751,27755,0,0,0,55512,0,1903,881
2054,7568,7568,7578,6427,15047298,13645701,1401597,252837,347190,801570,4845,131,4714,4900,181,4719,0,2054,13645701,1927951,1056791,0,430912,3687263,6542784,0,347190,172517,71106,0,0,0,103567,0,2723,1527
2055,7568,7568,7578,6607,8602996,7916092,686904,92546,150753,443605,5553,111,5442,5579,129,5450,2543954,2055,7916092,1028689,605530,0,363424,1931089,3987360,0,150753,85795,13917,0,0,0,51041,0,2015,1028
2056,7568,7568,7578,6662,9421830,8615114,806716,182041,187077,437598,5863,107,5756,5884,122,5762,0,2056,8615114,1085493,456405,0,195244,2313496,4564476,0,187077,108977,13085,0,0,0,65015,0,1705,778
2057,7568,7568,7578,6354,18561834,16313645,2248189,974742,499512,773935,4209,173,4036,4251,205,4046,0,2057,16313645,2462316,1546540,0,739816,4491693,7073280,0,499512,307583,8081,0,0,0,183848,0,3359,2103
2058,7568,7568,7578,6285,9659788,8391755,1268033,452800,269637,545596,3154,160,2994,3206,207,2999,14784444,2058,8391755,1718960,1415064,0,238636,1974125,3044970,0,269637,147027,35045,0,0,0,87565,0,4414,3079
2059,7568,7568,7578,6323,14228480,12314415,1914065,754622,374865,784578,3278,163,3115,3321,199,3122,9509011,2059,12314415,2438245,1661508,0,523207,3131456,4559999,0,374865,230527,6790,0,0,0,137548,0,4290,3002
2060,7568,7568,7578,6317,28200622,24509244,3691378,1514610,672873,1503895,1339,181,1158,1380,219,1161,6239922,2060,24509244,6441447,5080377,0,1752361,5195066,6039993,0,672873,374639,73472,0,0,0,224762,0,6229,4937
2061,7568,7568,7578,6325,11450399,9773205,1677194,629919,573121,474154,3635,172,3463,3677,205,3472,10325551,2061,9773205,2022386,1065148,0,144332,2690302,3851037,0,573121,201324,249788,0,0,0,122009,0,3933,2648
2062,7568,7568,7578,7578,5526,2954,2572,381,494,1697,7567,14,7553,7578,9,7569,0,2062,2954,2307,523,0,124,0,0,0,494,177,236,0,0,0,81,0,1,0
2063,7568,7568,7578,6363,17141652,15046075,2095577,501813,767255,826509,4466,155,4311,4516,198,4318,0,2063,15046075,2579223,1220006,0,279980,3948846,7018020,0,767255,248615,367181,0,0,0,151459,0,3102,1847
2064,7568,7568,7578,7578,5526,3669,1857,4,182,1671,7567,17,7550,7578,13,7565,0,2064,3669,2446,745,0,478,0,0,0,182,119,0,0,0,0,63,0,1,0
2065,7568,7568,7578,6797,7906005,7087680,818325,125257,240768,452300,6093,107,5986,6113,119,5994,245902,2065,7087680,1005579,462337,0,71152,2146237,3402375,0,240768,103874,74521,0,0,0,62373,0,1475,684
2066,7568,7568,7578,6406,16191180,14209398,1981782,344607,540481,1096694,4638,148,4490,4685,190,4495,0,2066,14209398,2490375,1122846,0,36612,3884157,6675408,0,540481,237091,160404,0,0,0,142986,0,2930,1721
2067,7568,7568,7578,7562,138150,106418,31732,401,13393,17938,7543,46,7497,7553,49,7504,0,2067,106418,53668,42486,0,10264,0,0,0,13393,3095,8491,0,0,0,1807,0,25,9
2068,7568,7568,7578,7578,0,0,0,0,0,0,7568,8,7560,7578,0,7578,0,2068,0,0,0,0,0,0,0,0,0,0,0,0,0,0,0,0,0,0
2069,7568,7568,7578,6372,14621796,13128673,1493123,256587,415304,821232,4922,151,4771,4968,191,4777,0,2069,13128673,1814112,1139133,0,1331,3255545,6918552,0,415304,190864,109556,0,0,0,114884,0,2646,1404
2070,7568,7568,7578,7578,0,0,0,0,0,0,7568,26,7542,7578,27,7551,0,2070,0,0,0,0,0,0,0,0,0,0,0,0,0,0,0,0,0,0
2071,7568,7568,7578,6351,7855833,7113718,742115,146278,210136,385701,4828,149,4679,4876,192,4684,7320326,2071,7113718,896643,877486,0,1460,1691299,3646830,0,210136,94487,59067,0,0,0,56582,0,2740,1475
2072,7568,7568,7578,7355,1806240,1455050,351190,27683,103167,220340,7197,60,7137,7195,52,7143,244559,2072,1455050,434904,254498,0,33359,683559,48730,0,103167,44195,32658,0,0,0,26314,0,371,160
2073,7568,7568,7578,7573,44208,29013,15195,2060,3593,9542,7560,23,7537,7570,25,7545,0,2073,29013,18634,4110,0,6269,0,0,0,3593,1922,877,0,0,0,794,0,8,3
2074,7568,7568,7578,7198,3580848,3200722,380126,5710,112971,261445,6920,84,6836,6946,106,6840,0,2074,3200722,603263,269434,0,0,1609645,718380,0,112971,40402,48409,0,0,0,24160,0,648,252
2075,7568,7568,7578,7578,0,0,0,0,0,0,7568,20,7548,7578,23,7555,0,2075,0,0,0,0,0,0,0,0,0,0,0,0,0,0,0,0,0,0
2076,7568,7568,7578,7578,0,0,0,0,0,0,7568,19,7549,7578,21,7557,0,2076,0,0,0,0,0,0,0,0,0,0,0,0,0,0,0,0,0,0
2077,7568,7568,7578,7456,1088622,746869,341753,29316,70351,242086,7371,53,7318,7381,60,7321,0,2077,746869,384913,135122,0,10459,216375,0,0,70351,44010,273,0,0,0,26068,0,197,75
2078,7568,7568,7578,6335,24010470,20610191,3400279,1483179,893376,1023724,3223,178,3045,3266,212,3054,0,2078,20610191,4013059,2709234,0,1015457,5583647,7288794,0,893376,392625,263864,0,0,0,236887,0,4345,3069
2079,7568,7568,7578,7323,2453444,2081519,371925,36077,111936,223912,7124,93,7031,7128,92,7036,100,2079,2081519,547495,315881,0,135370,939097,143676,0,111936,46935,37040,0,0,0,27961,0,444,195
2080,7568,7568,7578,7243,3088684,2648728,439956,53654,134630,251672,7009,81,6928,7023,88,6935,350,2080,2648728,525852,281317,0,0,1327641,513918,0,134630,58379,41420,0,0,0,34831,0,559,220
2081,7568,7568,7578,6557,6018610,5423816,594794,98442,154743,341609,5550,113,5437,5576,132,5444,5148380,2081,5423816,721599,421229,0,35107,1365661,2880220,0,154743,75397,34367,0,0,0,44979,0,2018,981
2082,7568,7568,7578,6697,8292547,7631133,661414,101975,168351,391088,5970,125,5845,5996,141,5855,540617,2082,7631133,864807,448281,0,124545,2122683,4070817,0,168351,85306,32284,0,0,0,50761,0,1598,701
2083,7568,7568,7578,6467,5396234,4829168,567066,167834,142970,256262,5364,118,5246,5405,156,5249,6817060,2083,4829168,586659,371915,0,0,1159326,2711268,0,142970,78560,17898,0,0,0,46512,0,2204,1062
2084,7568,7568,7578,6336,20501460,18067428,2434032,542364,601723,1289945,3858,163,3695,3907,203,3704,0,2084,18067428,3559936,2261807,0,187621,4807952,7250112,0,601723,263873,178810,0,0,0,159040,0,3710,2429
2085,7568,7568,7578,7571,50517,37451,13066,1099,3477,8490,7558,42,7516,7567,49,7518,4743,2085,37451,19645,8536,0,9270,0,0,0,3477,1378,1549,0,0,0,550,0,10,4
2086,7568,7568,7578,6458,10668334,9770370,897964,107276,234559,556129,5230,114,5116,5273,154,5119,2257334,2086,9770370,1323742,934800,0,890,2378504,5132434,0,234559,104843,67175,0,0,0,62541,0,2338,1185
2087,7568,7568,7578,7578,0,0,0,0,0,0,7568,28,7540,7578,34,7544,0,2087,0,0,0,0,0,0,0,0,0,0,0,0,0,0,0,0,0,0
2088,7568,7568,7578,7358,1287357,1112948,174409,5729,46780,121900,7208,96,7112,7214,96,7118,703962,2088,1112948,277048,178871,0,75594,538631,42804,0,46780,19253,16133,0,0,0,11394,0,360,144
2089,7568,7568,7578,7243,3017196,2652847,364349,3034,64128,297187,7022,64,6958,7034,71,6963,0,2089,2652847,563455,204947,0,6160,1391997,486288,0,64128,40250,0,0,0,0,23878,0,546,209
2090,7568,7568,7578,6607,5642859,5188735,454124,85293,130654,238177,5774,113,5661,5801,130,5671,4294645,2090,5188735,580515,389507,0,80142,1350251,2788320,0,130654,58942,36882,0,0,0,34830,0,1794,806
2091,7568,7568,7578,7540,281820,162274,119546,42434,34408,42704,7508,38,7470,7517,43,7474,49740,2091,162274,94815,49306,0,18153,0,0,0,34408,18320,5235,0,0,0,10853,0,60,23
2092,7568,7568,7578,6830,5497344,5083570,413774,29107,191529,193138,6265,92,6173,6286,105,6181,1708458,2092,5083570,594428,496426,0,0,1540756,2451960,0,191529,45531,118080,0,0,0,27918,0,1303,544
2093,7568,7568,7578,7578,0,0,0,0,0,0,7568,1,7567,7578,3,7575,0,2093,0,0,0,0,0,0,0,0,0,0,0,0,0,0,0,0,0,0
2094,7568,7568,7578,7578,5476,3744,1732,147,163,1422,7567,58,7509,7578,60,7518,50,2094,3744,2268,813,0,663,0,0,0,163,109,3,0,0,0,51,0,1,0
2095,7568,7568,7578,6296,3481126,2960599,520527,240783,132972,146772,2852,184,2668,2897,225,2672,22655236,2095,2960599,577470,433637,0,98952,792028,1058512,0,132972,62928,32817,0,0,0,37227,0,4716,3399
2096,7568,7568,7578,7578,0,0,0,0,0,0,7568,30,7538,7578,35,7543,0,2096,0,0,0,0,0,0,0,0,0,0,0,0,0,0,0,0,0,0
2097,7568,7568,7578,7578,4170,2299,1871,144,685,1042,7567,17,7550,7578,21,7557,1356,2097,2299,1814,382,0,103,0,0,0,685,120,502,0,0,0,63,0,0,0
2098,7568,7568,7578,7578,0,0,0,0,0,0,7568,8,7560,7578,14,7564,0,2098,0,0,0,0,0,0,0,0,0,0,0,0,0,0,0,0,1,0
2099,7568,7554,7578,7566,0,0,0,0,0,0,7554,44,7510,7566,47,7519,1764,2099,0,0,0,0,0,0,0,0,0,0,0,0,0,0,0,0,0,0
