"Year","AFem","AFemDeath","AMal","AMalDeath","Eggs","EggsDeath","FryGrad","FryExit","FryDeath","FryInStr","allMortAF","baseMortAF","tempMortAF","allMortAM","baseMortAM","tempMortAM","InVivo","Year","allMortEgg","baseMortEgg","tempMortEgg","denMortEgg","incMortEgg","superMortEgg","lostMortEgg","catMortEgg","allMortFry","baseMortFry","tempMortFry","denMortFry","habMortFry","freshMortFry","seasMortFry","catMortFry","allMortSF","allMortSM"
2010,7568,7568,7578,6575,11328300,10730116,598184,12267,87460,498457,5518,98,5420,5536,111,5425,0,2010,10730116,1458465,983102,0,502874,2513871,5271804,0,87460,52494,4123,0,0,0,30843,0,2050,1039
2011,7568,7568,7578,6361,14920200,13578927,1341273,220455,342229,778589,4868,137,4731,4920,180,4740,0,2011,13578927,1901197,872665,0,284635,3546618,6973812,0,342229,171188,68404,0,0,0,102637,0,2700,1441
2012,7568,7568,7578,6323,28646484,23845297,4801187,1966069,1014071,1821047,2384,193,2191,2426,230,2196,300,2012,23845297,6123436,3163303,0,760275,6343709,7454574,0,1014071,517176,185785,0,0,0,311110,0,5184,3897
2013,7568,7568,7578,6652,9982927,9238911,744016,17085,128795,598136,5758,123,5635,5781,139,5642,19133,2013,9238911,1434039,720583,0,2535,2401232,4680522,0,128795,68801,19053,0,0,0,40941,0,1810,871
2014,7568,7568,7578,6491,13170265,12029337,1140928,126438,251269,763221,5184,131,5053,5214,153,5061,3719,2014,12029337,1611850,906517,0,403179,3062347,6045444,0,251269,136242,33608,0,0,0,81419,0,2384,1277
2015,7568,7568,7578,7539,242916,153221,89695,20900,21636,47159,7506,32,7474,7516,37,7479,99696,2015,153221,84382,25370,0,43469,0,0,0,21636,12934,1066,0,0,0,7636,0,62,23
2016,7568,7568,7578,6760,8101116,7691498,409618,2442,94039,313137,6102,111,5991,6117,121,5996,0,2016,7691498,847903,447813,0,256347,2315443,3823992,0,94039,37495,34089,0,0,0,22455,0,1466,643
2017,7568,7568,7578,6733,7448424,7110954,337470,13889,57099,266482,5912,115,5797,5930,125,5805,1710472,2017,7110954,763494,598857,0,460903,1696360,3591340,0,57099,34998,1618,0,0,0,20483,0,1656,803
2018,7568,7568,7578,6323,38936196,34072001,4864195,1694841,990375,2178979,522,194,328,559,228,331,0,2018,34072001,9645469,7000502,0,1738249,7973485,7714296,0,990375,406179,338274,0,0,0,245922,0,7046,5764
2019,7568,7568,7578,6710,9140004,8274495,865509,55911,285888,523710,5914,110,5804,5940,133,5807,0,2019,8274495,1185878,392866,0,31413,1956186,4708152,0,285888,99356,126351,0,0,0,60181,0,1654,770
2020,7568,7568,7578,7433,1309662,1149334,160328,1502,37591,121235,7331,71,7260,7338,78,7260,0,2020,1149334,300856,181499,0,132137,534842,0,0,37591,16244,11708,0,0,0,9639,0,237,95
2021,7568,7568,7578,7240,2816666,2476351,340315,13580,87362,239373,6970,72,6898,6979,76,6903,490294,2021,2476351,493540,234383,0,87085,1151367,509976,0,87362,39000,25192,0,0,0,23170,0,598,261
2022,7568,7568,7578,6323,27663156,23296673,4366483,1967862,891228,1507393,2562,172,2390,2601,209,2392,0,2022,23296673,5867370,1954344,0,1679837,6312918,7482204,0,891228,490272,106623,0,0,0,294333,0,5006,3722
2023,7568,7568,7578,6352,20495934,18103883,2392051,1122232,568226,701593,3859,168,3691,3901,205,3696,0,2023,18103883,3054269,1766821,0,1584069,4603340,7095384,0,568226,311779,69736,0,0,0,186711,0,3709,2451
2024,7568,7568,7578,6302,37107090,28437400,8669690,5525851,1876721,1267118,853,190,663,898,231,667,0,2024,28437400,8326425,4174794,0,1572826,6886677,7476678,0,1876721,960648,337902,0,0,0,578171,0,6715,5404
2025,7568,7568,7578,6324,29334987,24897238,4437749,1442048,920407,2075294,2094,191,1903,2135,228,1907,914964,2025,24897238,7078221,3180773,0,524032,6684948,7429264,0,920407,421028,245465,0,0,0,253914,0,5474,4189
2026,7568,7568,7578,6353,18611568,16360104,2251464,474349,738374,1038741,4200,156,4044,4246,200,4046,0,2026,16360104,3100853,1469705,0,312082,4343398,7134066,0,738374,248253,339089,0,0,0,151032,0,3368,2107
2027,7568,7568,7578,7578,0,0,0,0,0,0,7568,11,7557,7578,15,7563,0,2027,0,0,0,0,0,0,0,0,0,0,0,0,0,0,0,0,0,0
2028,7568,7568,7578,6327,15939985,14885092,1054893,445964,252727,356202,2917,173,2744,2956,203,2753,9792838,2028,14885092,2830651,1203948,0,2310079,3763009,4777405,0,252727,126244,51026,0,0,0,75457,0,4651,3371
2029,7568,7568,7578,6322,679277,642948,36329,9236,5486,21607,1335,194,1141,1373,230,1143,33860216,2029,642948,64903,118367,0,6167,200007,253504,0,5486,3030,1205,0,0,0,1251,0,6233,4949
2030,7568,7568,7578,7497,712854,457185,255669,72610,79215,103844,7439,27,7412,7450,28,7422,0,2030,457185,258758,127631,0,70796,0,0,0,79215,38089,18382,0,0,0,22744,0,129,47
2031,7568,7568,7578,6329,20860650,17955323,2905327,751887,1081436,1072004,3793,175,3618,3832,209,3623,0,2031,17955323,3866346,1492117,0,137555,5153933,7305372,0,1081436,313156,576284,0,0,0,191996,0,3775,2497
2032,7568,7568,7578,7578,11052,6834,4218,346,748,3124,7566,26,7540,7578,26,7552,0,2032,6834,4582,1602,0,650,0,0,0,748,269,339,0,0,0,140,0,2,0
2033,7568,7568,7578,6665,11957866,10383057,1574809,439964,402014,732831,5331,153,5178,5358,173,5185,404796,2033,10383057,1878613,953649,0,247240,2799975,4503580,0,402014,209945,66209,0,0,0,125860,0,2237,1307
2034,7568,7568,7578,6791,7095935,6503417,592518,24887,153065,414566,6122,102,6020,6138,108,6030,897173,2034,6503417,929331,555283,0,1865,1896912,3120026,0,153065,61636,54417,0,0,0,37012,0,1446,653
2035,7568,7568,7578,7161,3734710,3388230,346480,5888,106152,234440,6853,84,6769,6886,112,6774,217584,2035,3388230,549866,405769,0,39063,1442582,950950,0,106152,36208,48173,0,0,0,21771,0,715,275
2036,7568,7568,7578,6775,7186575,6307384,879191,224628,232464,422099,5899,113,5786,5919,124,5795,2043572,2036,6307384,949573,518220,0,57468,1599307,3182816,0,232464,118410,43453,0,0,0,70601,0,1669,856
2037,7568,7568,7578,6336,12741597,11562654,1178943,337487,275935,565521,3707,174,3533,3750,210,3540,8624685,2037,11562654,2043777,1503090,0,638790,2848307,4528690,0,275935,137956,55586,0,0,0,82393,0,3861,2586
2038,7568,7568,7578,7352,609879,497851,112028,6465,28790,76773,7183,73,7110,7184,68,7116,1521499,2038,497851,149368,66810,0,12385,248813,20475,0,28790,13302,7831,0,0,0,7657,0,385,168
2039,7568,7568,7578,6393,18302112,16470506,1831606,353390,407613,1070603,4256,172,4084,4303,212,4091,0,2039,16470506,3081407,2312134,0,507045,3800570,6769350,0,407613,194020,97199,0,0,0,116394,0,3312,2090
2040,7568,7568,7578,7550,238278,163822,74456,1706,18485,54265,7521,96,7425,7530,105,7425,21444,2040,163822,104574,55140,0,4108,0,0,0,18485,7729,6294,0,0,0,4462,0,47,20
2041,7568,7568,7578,6887,6758298,6331249,427049,11850,104762,310437,6345,96,6249,6369,114,6255,0,2041,6331249,720542,497972,0,163907,1931632,3017196,0,104762,44908,32917,0,0,0,26937,0,1223,518
2042,7568,7568,7578,7578,0,0,0,0,0,0,7568,45,7523,7578,49,7529,0,2042,0,0,0,0,0,0,0,0,0,0,0,0,0,0,0,0,0,0
2043,7568,7568,7578,7259,2445258,2119847,325411,33697,72956,218758,7012,42,6970,7019,42,6977,628353,2043,2119847,426662,201025,0,79831,1067020,345309,0,72956,43125,4378,0,0,0,25453,0,556,240
2044,7568,7568,7578,6320,19258110,17179860,2078250,445108,668020,965122,4083,155,3928,4136,201,3935,0,2044,17179860,3220869,1752242,0,637532,4424099,7145118,0,668020,228971,299878,0,0,0,139171,0,3485,2184
2045,7568,7568,7578,6697,8885808,8092519,793289,85747,227424,480118,5960,109,5851,5983,125,5858,0,2045,8092519,1013665,507294,0,0,2244702,4326858,0,227424,97885,70870,0,0,0,58669,0,1608,714
2046,7568,7568,7578,6662,10156788,9123128,1033660,276597,336342,420721,5730,107,5623,5755,128,5627,0,2046,9123128,1200526,441359,0,449345,2384532,4647366,0,336342,142689,107658,0,0,0,85995,0,1838,907
2047,7568,7568,7578,7576,22104,12472,9632,753,2937,5942,7564,21,7543,7575,24,7551,0,2047,12472,9570,1883,0,1019,0,0,0,2937,962,1634,0,0,0,341,0,4,1
2048,7568,7568,7578,6692,5168103,4739747,428356,41673,141790,244893,5795,126,5669,5822,143,5679,4648119,2048,4739747,645667,351970,0,135355,1280335,2326420,0,141790,47577,65724,0,0,0,28489,0,1773,870
2049,7568,7568,7578,7029,5448636,5061453,387183,7548,116439,263196,6582,81,6501,6617,99,6518,0,2049,5061453,667154,361821,0,102104,1830494,2099880,0,116439,38682,54476,0,0,0,23281,0,986,412
2050,7568,7568,7578,6678,9333414,8558491,774923,123040,183317,468566,5879,124,5755,5902,141,5761,0,2050,8558491,1021215,334272,0,278720,2293496,4630788,0,183317,99616,24324,0,0,0,59377,0,1689,776
2051,7568,7568,7578,6626,4938104,4668715,269389,10635,57255,201499,5880,112,5768,5912,134,5778,4415904,2051,4668715,479691,404870,0,493,1213513,2570148,0,57255,28260,12386,0,0,0,16609,0,1688,714
2052,7568,7568,7578,6323,11432231,9970153,1462078,404515,368341,689222,3246,189,3057,3286,224,3062,12497027,2052,9970153,2183963,1471249,0,151691,2595657,3567593,0,368341,150525,127142,0,0,0,90674,0,4322,3037
2053,7568,7568,7578,6604,11256462,10117321,1139141,309176,262492,567473,5531,132,5399,5556,148,5408,0,2053,10117321,1476139,663583,0,507770,2413539,5056290,0,262492,150753,21616,0,0,0,90123,0,2037,1048
2054,7568,7568,7578,6311,23048946,19410645,3638301,1853835,814657,969809,3397,172,3225,3442,210,3232,0,2054,19410645,3738822,2352638,0,822086,5059103,7437996,0,814657,473632,57081,0,0,0,283944,0,4171,2869
2055,7568,7568,7578,6436,3525675,3149579,376096,154615,92308,129173,5081,114,4967,5139,166,4973,10266846,2055,3149579,359946,383838,0,2105,762663,1641027,0,92308,53974,6636,0,0,0,31698,0,2487,1297
2056,7568,7568,7578,6842,7156170,6576222,579948,62986,161996,354966,6273,84,6189,6297,98,6199,0,2056,6576222,767480,652274,0,5263,1973755,3177450,0,161996,71271,48214,0,0,0,42511,0,1295,545
2057,7568,7568,7578,7363,2066724,1544676,522048,160086,165000,196962,7194,58,7136,7194,50,7144,0,2057,1544676,483367,257827,0,34815,713407,55260,0,165000,76983,41897,0,0,0,46120,0,374,169
2058,7568,7568,7578,6337,13665824,10810091,2855733,1604603,704246,546884,1255,196,1059,1295,233,1062,21277411,2058,10810091,3199619,2137691,0,158636,2485245,2828900,0,704246,299176,224604,0,0,0,180466,0,6313,5042
2059,7568,7568,7578,7578,0,0,0,0,0,0,7568,27,7541,7578,33,7545,0,2059,0,0,0,0,0,0,0,0,0,0,0,0,0,0,0,0,0,0
2060,7568,7568,7578,6725,8626086,7901989,724097,90034,196244,437819,6007,109,5898,6023,115,5908,0,2060,7901989,1023950,430830,0,123139,2284564,4039506,0,196244,90669,51504,0,0,0,54071,0,1561,702
2061,7568,7568,7578,6329,18460305,14438347,4021958,2284803,828857,908298,1484,196,1288,1524,231,1293,15201431,2061,14438347,4214323,1721448,0,141952,3926895,4433729,0,828857,442685,120317,0,0,0,265855,0,6084,4805
2062,7568,7568,7578,6781,6372656,5849795,522861,66346,141516,314999,6148,101,6047,6165,109,6056,1481474,2062,5849795,684822,454817,0,61154,1713114,2935888,0,141516,65379,37135,0,0,0,39002,0,1420,616
2063,7568,7568,7578,6588,10332463,9376754,955709,152659,285635,517415,5676,127,5549,5699,143,5556,122979,2063,9376754,1217247,702911,0,45378,2280206,5131012,0,285635,120515,92607,0,0,0,72513,0,1892,889
2064,7568,7568,7578,6435,13004043,11528128,1475915,454707,433951,587257,5117,134,4983,5164,176,4988,541590,2064,11528128,1501209,841621,0,1632,2980041,6203625,0,433951,204735,106249,0,0,0,122967,0,2451,1271
2065,7568,7568,7578,7569,57798,36380,21418,859,5189,15370,7555,42,7513,7563,44,7519,14040,2065,36380,25429,7595,0,3356,0,0,0,5189,2449,1501,0,0,0,1239,0,13,6
2066,7568,7568,7578,6607,10835633,9593067,1242566,321050,362650,558866,5607,116,5491,5632,134,5498,853,2066,9593067,1377352,660292,0,225693,2240284,5089446,0,362650,169695,90998,0,0,0,101957,0,1961,975
2067,7568,7568,7578,7420,1409130,1047788,361342,43991,103444,213907,7313,57,7256,7321,55,7266,0,2067,1047788,407993,193280,0,46167,400348,0,0,103444,47998,26844,0,0,0,28602,0,255,99
2068,7568,7568,7578,6328,13980400,12313726,1666674,461118,370362,835194,3919,172,3747,3962,209,3753,6210077,2068,12313726,2182329,1185148,0,294881,3446471,5204897,0,370362,202158,47215,0,0,0,120989,0,3649,2366
2069,7568,7568,7578,6444,13980780,12412672,1568108,630830,442402,494876,5038,122,4916,5089,168,4921,0,2069,12412672,1586360,686774,0,441574,3354116,6343848,0,442402,223652,84607,0,0,0,134143,0,2530,1355
2070,7568,7568,7578,6705,9161014,8147814,1013200,109000,310243,593957,5811,109,5702,5831,121,5710,550576,2070,8147814,1341874,689574,0,1995,2122471,3991900,0,310243,118736,119901,0,0,0,71606,0,1757,874
2071,7568,7568,7578,7578,0,0,0,0,0,0,7568,33,7535,7578,36,7542,0,2071,0,0,0,0,0,0,0,0,0,0,0,0,0,0,0,0,0,0
2072,7568,7568,7578,6866,2829777,2578420,251357,42295,66040,143022,6277,103,6174,6300,118,6182,4326342,2072,2578420,313542,255612,0,25656,811912,1171698,0,66040,32713,14098,0,0,0,19229,0,1291,566
2073,7568,7568,7578,6881,1514214,1356690,157524,31841,48331,77352,6232,111,6121,6257,132,6125,5898773,2073,1356690,186919,90936,0,15820,464281,598734,0,48331,21011,15190,0,0,0,12130,0,1336,624
2074,7568,7568,7578,7546,275350,167212,108138,11976,39909,56253,7518,46,7472,7527,50,7477,950,2074,167212,112992,40941,0,13279,0,0,0,39909,14045,17461,0,0,0,8403,0,50,19
2075,7568,7568,7578,7002,2150902,2020146,130756,35434,29482,65840,6519,105,6414,6549,134,6415,3663202,2075,2020146,256780,128464,0,166918,738744,729240,0,29482,18288,792,0,0,0,10402,0,1049,453
2076,7568,7568,7578,6322,426119,401305,24814,16783,2060,5971,3616,163,3453,3664,203,3461,21495259,2076,401305,38234,134809,0,4703,132311,91248,0,2060,1034,653,0,0,0,373,0,3952,2658
2077,7568,7568,7578,7473,797276,491257,306019,70248,105386,130385,7398,19,7379,7408,25,7383,142144,2077,491257,277104,156466,0,0,57687,0,0,105386,43199,36404,0,0,0,25783,0,170,65
2078,7568,7568,7578,7443,1210194,874027,336167,69219,117671,149277,7349,56,7293,7357,61,7296,0,2078,874027,340926,244420,0,65525,223156,0,0,117671,46524,43321,0,0,0,27826,0,219,86
2079,7568,7568,7578,7578,0,0,0,0,0,0,7568,10,7558,7578,12,7566,0,2079,0,0,0,0,0,0,0,0,0,0,0,0,0,0,0,0,0,0
2080,7568,7568,7578,6657,10206522,9355287,851235,177605,311590,362040,5721,118,5603,5740,133,5607,0,2080,9355287,1160731,857291,0,405976,2306027,4625262,0,311590,110168,134712,0,0,0,66710,0,1847,917
2081,7568,7568,7578,7546,196716,141833,54883,3120,15218,36545,7518,43,7475,7527,48,7479,79584,2081,141833,75405,49245,0,17183,0,0,0,15218,6567,4819,0,0,0,3832,0,50,19
2082,7568,7568,7578,6333,17273102,15175391,2097711,845878,572438,679395,3415,166,3249,3459,204,3255,5695216,2082,15175391,2850121,1485664,0,1089139,4078772,5671695,0,572438,245462,179086,0,0,0,147890,0,4153,2874
2083,7568,7568,7578,7578,0,0,0,0,0,0,7568,32,7536,7578,37,7541,0,2083,0,0,0,0,0,0,0,0,0,0,0,0,0,0,0,0,0,0
2084,7568,7568,7578,6324,25263270,22286780,2976490,769219,762338,1444933,2995,171,2824,3038,207,2831,7128,2084,22286780,4995490,3914099,0,394938,5566361,7415892,0,762338,288500,298911,0,0,0,174927,0,4573,3286
2085,7568,7568,7578,7578,0,0,0,0,0,0,7568,43,7525,7578,50,7528,0,2085,0,0,0,0,0,0,0,0,0,0,0,0,0,0,0,0,0,0
2086,7568,7568,7578,7578,0,0,0,0,0,0,7568,25,7543,7578,33,7545,0,2086,0,0,0,0,0,0,0,0,0,0,0,0,0,0,0,0,0,0
2087,7568,7568,7578,7578,0,0,0,0,0,0,7568,33,7535,7578,37,7541,0,2087,0,0,0,0,0,0,0,0,0,0,0,0,0,0,0,0,0,0
2088,7568,7568,7578,6698,7260580,6832302,428278,9551,144227,274500,5968,111,5857,5992,127,5865,1588860,2088,6832302,865798,687288,0,150300,1792152,3336764,0,144227,40984,78376,0,0,0,24867,0,1600,706
2089,7568,7568,7578,7578,0,0,0,0,0,0,7568,35,7533,7578,38,7540,0,2089,0,0,0,0,0,0,0,0,0,0,0,0,0,0,0,0,0,0
2090,7568,7568,7578,7008,851632,749287,102345,27057,29166,46122,6376,109,6267,6404,140,6264,5759220,2090,749287,115314,77806,0,27598,283519,245050,0,29166,13604,7941,0,0,0,7621,0,1192,604
2091,7568,7568,7578,6803,3576219,3250157,326062,62578,94425,169059,6204,105,6099,6221,112,6109,3981643,2091,3250157,376664,263345,0,0,985484,1624664,0,94425,43515,25132,0,0,0,25778,0,1364,582
2092,7568,7568,7578,7393,1597014,1149212,447802,120186,156908,170708,7279,47,7232,7278,40,7238,0,2092,1149212,413579,167061,0,4080,564492,0,0,156908,65763,51702,0,0,0,39443,0,289,115
2093,7568,7568,7578,7076,33156,33155,1,1,0,0,6695,96,6599,6722,115,6607,4813146,2093,33155,2526,14676,0,0,15953,0,0,0,0,0,0,0,0,0,0,873,354
2094,7568,7568,7578,6794,8586181,7601166,985015,453596,288244,243175,4491,166,4325,4514,180,4334,8451279,2094,7601166,1013118,936203,0,213180,1877932,3560733,0,288244,139184,65786,0,0,0,83274,0,3077,2280
2095,7568,7568,7578,6329,3607829,3229367,378462,71818,100562,206082,4088,162,3926,4133,197,3936,15694987,2095,3229367,553859,451346,0,22336,869196,1332630,0,100562,41227,34906,0,0,0,24429,0,3480,2196
2096,7568,7568,7578,7578,0,0,0,0,0,0,7568,13,7555,7578,3,7575,0,2096,0,0,0,0,0,0,0,0,0,0,0,0,0,0,0,0,0,0
2097,7568,7568,7578,6509,8054076,7430918,623158,27861,151768,443529,5457,102,5355,5478,117,5361,3630098,2097,7430918,1081435,641845,0,1252,1708940,3997446,0,151768,63283,50827,0,0,0,37658,0,2111,1031
2098,7568,7568,7578,7509,607860,319714,288146,76245,81815,130086,7458,57,7401,7469,57,7412,0,2098,319714,243565,71747,0,4402,0,0,0,81815,42744,13550,0,0,0,25521,0,110,40
2099,7568,5055,7578,5022,602334,84087,0,0,0,0,4946,139,4807,4956,145,4811,0,2099,84087,22924,61163,0,0,0,0,0,0,0,0,0,0,0,0,0,109,66
