1     
Chinook Salmon ; 2010 spawners 
1 3 3896 0.5 7500 7500
4 9 2203 0.5 7500 7500
10 12 750 0.5 7500 7500
13 15 315 0.5 7500 7500
16 21 570 0.5 7500 7500
22 24 330 0.5 7500 7500
25 30 869 0.5 7500 7500
31 36 644 0.5 7500 7500
37 42 345 0.5 7500 7500
43 45 404 0.5 7500 7500
46 54 132 0.5 7500 7500
55 57 1169 0.5 7500 7500
58 63 794 0.5 7500 7500
64 69 959 0.5 7500 7500
70 75 420 0.5 7500 7500
76 84 465 0.5 7500 7500
85 93 539 0.5 7500 7500
94 102 315 0.5 7500 7500
103 111 12 0.5 7500 7500
112 120 15 0.5 7500 7500
53     
Chinook Salmon ; 2011 spawners 
1 3 3896 0.5 7500 7500
4 9 2203 0.5 7500 7500
10 12 750 0.5 7500 7500
13 15 315 0.5 7500 7500
16 21 570 0.5 7500 7500
22 24 330 0.5 7500 7500
25 30 869 0.5 7500 7500
31 36 644 0.5 7500 7500
37 42 345 0.5 7500 7500
43 45 404 0.5 7500 7500
46 54 132 0.5 7500 7500
55 57 1169 0.5 7500 7500
58 63 794 0.5 7500 7500
64 69 959 0.5 7500 7500
70 75 420 0.5 7500 7500
76 84 465 0.5 7500 7500
85 93 539 0.5 7500 7500
94 102 315 0.5 7500 7500
103 111 12 0.5 7500 7500
112 120 15 0.5 7500 7500
105     
Chinook Salmon ; 2012 spawners 
1 3 3896 0.5 7500 7500
4 9 2203 0.5 7500 7500
10 12 750 0.5 7500 7500
13 15 315 0.5 7500 7500
16 21 570 0.5 7500 7500
22 24 330 0.5 7500 7500
25 30 869 0.5 7500 7500
31 36 644 0.5 7500 7500
37 42 345 0.5 7500 7500
43 45 404 0.5 7500 7500
46 54 132 0.5 7500 7500
55 57 1169 0.5 7500 7500
58 63 794 0.5 7500 7500
64 69 959 0.5 7500 7500
70 75 420 0.5 7500 7500
76 84 465 0.5 7500 7500
85 93 539 0.5 7500 7500
94 102 315 0.5 7500 7500
103 111 12 0.5 7500 7500
112 120 15 0.5 7500 7500
157     
Chinook Salmon ; 2013 spawners 
1 3 3896 0.5 7500 7500
4 9 2203 0.5 7500 7500
10 12 750 0.5 7500 7500
13 15 315 0.5 7500 7500
16 21 570 0.5 7500 7500
22 24 330 0.5 7500 7500
25 30 869 0.5 7500 7500
31 36 644 0.5 7500 7500
37 42 345 0.5 7500 7500
43 45 404 0.5 7500 7500
46 54 132 0.5 7500 7500
55 57 1169 0.5 7500 7500
58 63 794 0.5 7500 7500
64 69 959 0.5 7500 7500
70 75 420 0.5 7500 7500
76 84 465 0.5 7500 7500
85 93 539 0.5 7500 7500
94 102 315 0.5 7500 7500
103 111 12 0.5 7500 7500
112 120 15 0.5 7500 7500
209     
Chinook Salmon ; 2014 spawners 
1 3 3896 0.5 7500 7500
4 9 2203 0.5 7500 7500
10 12 750 0.5 7500 7500
13 15 315 0.5 7500 7500
16 21 570 0.5 7500 7500
22 24 330 0.5 7500 7500
25 30 869 0.5 7500 7500
31 36 644 0.5 7500 7500
37 42 345 0.5 7500 7500
43 45 404 0.5 7500 7500
46 54 132 0.5 7500 7500
55 57 1169 0.5 7500 7500
58 63 794 0.5 7500 7500
64 69 959 0.5 7500 7500
70 75 420 0.5 7500 7500
76 84 465 0.5 7500 7500
85 93 539 0.5 7500 7500
94 102 315 0.5 7500 7500
103 111 12 0.5 7500 7500
112 120 15 0.5 7500 7500
261     
Chinook Salmon ; 2015 spawners 
1 3 3896 0.5 7500 7500
4 9 2203 0.5 7500 7500
10 12 750 0.5 7500 7500
13 15 315 0.5 7500 7500
16 21 570 0.5 7500 7500
22 24 330 0.5 7500 7500
25 30 869 0.5 7500 7500
31 36 644 0.5 7500 7500
37 42 345 0.5 7500 7500
43 45 404 0.5 7500 7500
46 54 132 0.5 7500 7500
55 57 1169 0.5 7500 7500
58 63 794 0.5 7500 7500
64 69 959 0.5 7500 7500
70 75 420 0.5 7500 7500
76 84 465 0.5 7500 7500
85 93 539 0.5 7500 7500
94 102 315 0.5 7500 7500
103 111 12 0.5 7500 7500
112 120 15 0.5 7500 7500
313     
Chinook Salmon ; 2016 spawners 
1 3 3896 0.5 7500 7500
4 9 2203 0.5 7500 7500
10 12 750 0.5 7500 7500
13 15 315 0.5 7500 7500
16 21 570 0.5 7500 7500
22 24 330 0.5 7500 7500
25 30 869 0.5 7500 7500
31 36 644 0.5 7500 7500
37 42 345 0.5 7500 7500
43 45 404 0.5 7500 7500
46 54 132 0.5 7500 7500
55 57 1169 0.5 7500 7500
58 63 794 0.5 7500 7500
64 69 959 0.5 7500 7500
70 75 420 0.5 7500 7500
76 84 465 0.5 7500 7500
85 93 539 0.5 7500 7500
94 102 315 0.5 7500 7500
103 111 12 0.5 7500 7500
112 120 15 0.5 7500 7500
365     
Chinook Salmon ; 2017 spawners 
1 3 3896 0.5 7500 7500
4 9 2203 0.5 7500 7500
10 12 750 0.5 7500 7500
13 15 315 0.5 7500 7500
16 21 570 0.5 7500 7500
22 24 330 0.5 7500 7500
25 30 869 0.5 7500 7500
31 36 644 0.5 7500 7500
37 42 345 0.5 7500 7500
43 45 404 0.5 7500 7500
46 54 132 0.5 7500 7500
55 57 1169 0.5 7500 7500
58 63 794 0.5 7500 7500
64 69 959 0.5 7500 7500
70 75 420 0.5 7500 7500
76 84 465 0.5 7500 7500
85 93 539 0.5 7500 7500
94 102 315 0.5 7500 7500
103 111 12 0.5 7500 7500
112 120 15 0.5 7500 7500
417     
Chinook Salmon ; 2018 spawners 
1 3 3896 0.5 7500 7500
4 9 2203 0.5 7500 7500
10 12 750 0.5 7500 7500
13 15 315 0.5 7500 7500
16 21 570 0.5 7500 7500
22 24 330 0.5 7500 7500
25 30 869 0.5 7500 7500
31 36 644 0.5 7500 7500
37 42 345 0.5 7500 7500
43 45 404 0.5 7500 7500
46 54 132 0.5 7500 7500
55 57 1169 0.5 7500 7500
58 63 794 0.5 7500 7500
64 69 959 0.5 7500 7500
70 75 420 0.5 7500 7500
76 84 465 0.5 7500 7500
85 93 539 0.5 7500 7500
94 102 315 0.5 7500 7500
103 111 12 0.5 7500 7500
112 120 15 0.5 7500 7500
469     
Chinook Salmon ; 2019 spawners 
1 3 3896 0.5 7500 7500
4 9 2203 0.5 7500 7500
10 12 750 0.5 7500 7500
13 15 315 0.5 7500 7500
16 21 570 0.5 7500 7500
22 24 330 0.5 7500 7500
25 30 869 0.5 7500 7500
31 36 644 0.5 7500 7500
37 42 345 0.5 7500 7500
43 45 404 0.5 7500 7500
46 54 132 0.5 7500 7500
55 57 1169 0.5 7500 7500
58 63 794 0.5 7500 7500
64 69 959 0.5 7500 7500
70 75 420 0.5 7500 7500
76 84 465 0.5 7500 7500
85 93 539 0.5 7500 7500
94 102 315 0.5 7500 7500
103 111 12 0.5 7500 7500
112 120 15 0.5 7500 7500
521     
Chinook Salmon ; 2020 spawners 
1 3 3896 0.5 7500 7500
4 9 2203 0.5 7500 7500
10 12 750 0.5 7500 7500
13 15 315 0.5 7500 7500
16 21 570 0.5 7500 7500
22 24 330 0.5 7500 7500
25 30 869 0.5 7500 7500
31 36 644 0.5 7500 7500
37 42 345 0.5 7500 7500
43 45 404 0.5 7500 7500
46 54 132 0.5 7500 7500
55 57 1169 0.5 7500 7500
58 63 794 0.5 7500 7500
64 69 959 0.5 7500 7500
70 75 420 0.5 7500 7500
76 84 465 0.5 7500 7500
85 93 539 0.5 7500 7500
94 102 315 0.5 7500 7500
103 111 12 0.5 7500 7500
112 120 15 0.5 7500 7500
573     
Chinook Salmon ; 2021 spawners 
1 3 3896 0.5 7500 7500
4 9 2203 0.5 7500 7500
10 12 750 0.5 7500 7500
13 15 315 0.5 7500 7500
16 21 570 0.5 7500 7500
22 24 330 0.5 7500 7500
25 30 869 0.5 7500 7500
31 36 644 0.5 7500 7500
37 42 345 0.5 7500 7500
43 45 404 0.5 7500 7500
46 54 132 0.5 7500 7500
55 57 1169 0.5 7500 7500
58 63 794 0.5 7500 7500
64 69 959 0.5 7500 7500
70 75 420 0.5 7500 7500
76 84 465 0.5 7500 7500
85 93 539 0.5 7500 7500
94 102 315 0.5 7500 7500
103 111 12 0.5 7500 7500
112 120 15 0.5 7500 7500
625     
Chinook Salmon ; 2022 spawners 
1 3 3896 0.5 7500 7500
4 9 2203 0.5 7500 7500
10 12 750 0.5 7500 7500
13 15 315 0.5 7500 7500
16 21 570 0.5 7500 7500
22 24 330 0.5 7500 7500
25 30 869 0.5 7500 7500
31 36 644 0.5 7500 7500
37 42 345 0.5 7500 7500
43 45 404 0.5 7500 7500
46 54 132 0.5 7500 7500
55 57 1169 0.5 7500 7500
58 63 794 0.5 7500 7500
64 69 959 0.5 7500 7500
70 75 420 0.5 7500 7500
76 84 465 0.5 7500 7500
85 93 539 0.5 7500 7500
94 102 315 0.5 7500 7500
103 111 12 0.5 7500 7500
112 120 15 0.5 7500 7500
677     
Chinook Salmon ; 2023 spawners 
1 3 3896 0.5 7500 7500
4 9 2203 0.5 7500 7500
10 12 750 0.5 7500 7500
13 15 315 0.5 7500 7500
16 21 570 0.5 7500 7500
22 24 330 0.5 7500 7500
25 30 869 0.5 7500 7500
31 36 644 0.5 7500 7500
37 42 345 0.5 7500 7500
43 45 404 0.5 7500 7500
46 54 132 0.5 7500 7500
55 57 1169 0.5 7500 7500
58 63 794 0.5 7500 7500
64 69 959 0.5 7500 7500
70 75 420 0.5 7500 7500
76 84 465 0.5 7500 7500
85 93 539 0.5 7500 7500
94 102 315 0.5 7500 7500
103 111 12 0.5 7500 7500
112 120 15 0.5 7500 7500
729     
Chinook Salmon ; 2024 spawners 
1 3 3896 0.5 7500 7500
4 9 2203 0.5 7500 7500
10 12 750 0.5 7500 7500
13 15 315 0.5 7500 7500
16 21 570 0.5 7500 7500
22 24 330 0.5 7500 7500
25 30 869 0.5 7500 7500
31 36 644 0.5 7500 7500
37 42 345 0.5 7500 7500
43 45 404 0.5 7500 7500
46 54 132 0.5 7500 7500
55 57 1169 0.5 7500 7500
58 63 794 0.5 7500 7500
64 69 959 0.5 7500 7500
70 75 420 0.5 7500 7500
76 84 465 0.5 7500 7500
85 93 539 0.5 7500 7500
94 102 315 0.5 7500 7500
103 111 12 0.5 7500 7500
112 120 15 0.5 7500 7500
781     
Chinook Salmon ; 2025 spawners 
1 3 3896 0.5 7500 7500
4 9 2203 0.5 7500 7500
10 12 750 0.5 7500 7500
13 15 315 0.5 7500 7500
16 21 570 0.5 7500 7500
22 24 330 0.5 7500 7500
25 30 869 0.5 7500 7500
31 36 644 0.5 7500 7500
37 42 345 0.5 7500 7500
43 45 404 0.5 7500 7500
46 54 132 0.5 7500 7500
55 57 1169 0.5 7500 7500
58 63 794 0.5 7500 7500
64 69 959 0.5 7500 7500
70 75 420 0.5 7500 7500
76 84 465 0.5 7500 7500
85 93 539 0.5 7500 7500
94 102 315 0.5 7500 7500
103 111 12 0.5 7500 7500
112 120 15 0.5 7500 7500
833     
Chinook Salmon ; 2026 spawners 
1 3 3896 0.5 7500 7500
4 9 2203 0.5 7500 7500
10 12 750 0.5 7500 7500
13 15 315 0.5 7500 7500
16 21 570 0.5 7500 7500
22 24 330 0.5 7500 7500
25 30 869 0.5 7500 7500
31 36 644 0.5 7500 7500
37 42 345 0.5 7500 7500
43 45 404 0.5 7500 7500
46 54 132 0.5 7500 7500
55 57 1169 0.5 7500 7500
58 63 794 0.5 7500 7500
64 69 959 0.5 7500 7500
70 75 420 0.5 7500 7500
76 84 465 0.5 7500 7500
85 93 539 0.5 7500 7500
94 102 315 0.5 7500 7500
103 111 12 0.5 7500 7500
112 120 15 0.5 7500 7500
885     
Chinook Salmon ; 2027 spawners 
1 3 3896 0.5 7500 7500
4 9 2203 0.5 7500 7500
10 12 750 0.5 7500 7500
13 15 315 0.5 7500 7500
16 21 570 0.5 7500 7500
22 24 330 0.5 7500 7500
25 30 869 0.5 7500 7500
31 36 644 0.5 7500 7500
37 42 345 0.5 7500 7500
43 45 404 0.5 7500 7500
46 54 132 0.5 7500 7500
55 57 1169 0.5 7500 7500
58 63 794 0.5 7500 7500
64 69 959 0.5 7500 7500
70 75 420 0.5 7500 7500
76 84 465 0.5 7500 7500
85 93 539 0.5 7500 7500
94 102 315 0.5 7500 7500
103 111 12 0.5 7500 7500
112 120 15 0.5 7500 7500
937     
Chinook Salmon ; 2028 spawners 
1 3 3896 0.5 7500 7500
4 9 2203 0.5 7500 7500
10 12 750 0.5 7500 7500
13 15 315 0.5 7500 7500
16 21 570 0.5 7500 7500
22 24 330 0.5 7500 7500
25 30 869 0.5 7500 7500
31 36 644 0.5 7500 7500
37 42 345 0.5 7500 7500
43 45 404 0.5 7500 7500
46 54 132 0.5 7500 7500
55 57 1169 0.5 7500 7500
58 63 794 0.5 7500 7500
64 69 959 0.5 7500 7500
70 75 420 0.5 7500 7500
76 84 465 0.5 7500 7500
85 93 539 0.5 7500 7500
94 102 315 0.5 7500 7500
103 111 12 0.5 7500 7500
112 120 15 0.5 7500 7500
989     
Chinook Salmon ; 2029 spawners 
1 3 3896 0.5 7500 7500
4 9 2203 0.5 7500 7500
10 12 750 0.5 7500 7500
13 15 315 0.5 7500 7500
16 21 570 0.5 7500 7500
22 24 330 0.5 7500 7500
25 30 869 0.5 7500 7500
31 36 644 0.5 7500 7500
37 42 345 0.5 7500 7500
43 45 404 0.5 7500 7500
46 54 132 0.5 7500 7500
55 57 1169 0.5 7500 7500
58 63 794 0.5 7500 7500
64 69 959 0.5 7500 7500
70 75 420 0.5 7500 7500
76 84 465 0.5 7500 7500
85 93 539 0.5 7500 7500
94 102 315 0.5 7500 7500
103 111 12 0.5 7500 7500
112 120 15 0.5 7500 7500
1041     
Chinook Salmon ; 2030 spawners 
1 3 3896 0.5 7500 7500
4 9 2203 0.5 7500 7500
10 12 750 0.5 7500 7500
13 15 315 0.5 7500 7500
16 21 570 0.5 7500 7500
22 24 330 0.5 7500 7500
25 30 869 0.5 7500 7500
31 36 644 0.5 7500 7500
37 42 345 0.5 7500 7500
43 45 404 0.5 7500 7500
46 54 132 0.5 7500 7500
55 57 1169 0.5 7500 7500
58 63 794 0.5 7500 7500
64 69 959 0.5 7500 7500
70 75 420 0.5 7500 7500
76 84 465 0.5 7500 7500
85 93 539 0.5 7500 7500
94 102 315 0.5 7500 7500
103 111 12 0.5 7500 7500
112 120 15 0.5 7500 7500
1093     
Chinook Salmon ; 2031 spawners 
1 3 3896 0.5 7500 7500
4 9 2203 0.5 7500 7500
10 12 750 0.5 7500 7500
13 15 315 0.5 7500 7500
16 21 570 0.5 7500 7500
22 24 330 0.5 7500 7500
25 30 869 0.5 7500 7500
31 36 644 0.5 7500 7500
37 42 345 0.5 7500 7500
43 45 404 0.5 7500 7500
46 54 132 0.5 7500 7500
55 57 1169 0.5 7500 7500
58 63 794 0.5 7500 7500
64 69 959 0.5 7500 7500
70 75 420 0.5 7500 7500
76 84 465 0.5 7500 7500
85 93 539 0.5 7500 7500
94 102 315 0.5 7500 7500
103 111 12 0.5 7500 7500
112 120 15 0.5 7500 7500
1145     
Chinook Salmon ; 2032 spawners 
1 3 3896 0.5 7500 7500
4 9 2203 0.5 7500 7500
10 12 750 0.5 7500 7500
13 15 315 0.5 7500 7500
16 21 570 0.5 7500 7500
22 24 330 0.5 7500 7500
25 30 869 0.5 7500 7500
31 36 644 0.5 7500 7500
37 42 345 0.5 7500 7500
43 45 404 0.5 7500 7500
46 54 132 0.5 7500 7500
55 57 1169 0.5 7500 7500
58 63 794 0.5 7500 7500
64 69 959 0.5 7500 7500
70 75 420 0.5 7500 7500
76 84 465 0.5 7500 7500
85 93 539 0.5 7500 7500
94 102 315 0.5 7500 7500
103 111 12 0.5 7500 7500
112 120 15 0.5 7500 7500
1197     
Chinook Salmon ; 2033 spawners 
1 3 3896 0.5 7500 7500
4 9 2203 0.5 7500 7500
10 12 750 0.5 7500 7500
13 15 315 0.5 7500 7500
16 21 570 0.5 7500 7500
22 24 330 0.5 7500 7500
25 30 869 0.5 7500 7500
31 36 644 0.5 7500 7500
37 42 345 0.5 7500 7500
43 45 404 0.5 7500 7500
46 54 132 0.5 7500 7500
55 57 1169 0.5 7500 7500
58 63 794 0.5 7500 7500
64 69 959 0.5 7500 7500
70 75 420 0.5 7500 7500
76 84 465 0.5 7500 7500
85 93 539 0.5 7500 7500
94 102 315 0.5 7500 7500
103 111 12 0.5 7500 7500
112 120 15 0.5 7500 7500
1249     
Chinook Salmon ; 2034 spawners 
1 3 3896 0.5 7500 7500
4 9 2203 0.5 7500 7500
10 12 750 0.5 7500 7500
13 15 315 0.5 7500 7500
16 21 570 0.5 7500 7500
22 24 330 0.5 7500 7500
25 30 869 0.5 7500 7500
31 36 644 0.5 7500 7500
37 42 345 0.5 7500 7500
43 45 404 0.5 7500 7500
46 54 132 0.5 7500 7500
55 57 1169 0.5 7500 7500
58 63 794 0.5 7500 7500
64 69 959 0.5 7500 7500
70 75 420 0.5 7500 7500
76 84 465 0.5 7500 7500
85 93 539 0.5 7500 7500
94 102 315 0.5 7500 7500
103 111 12 0.5 7500 7500
112 120 15 0.5 7500 7500
1301     
Chinook Salmon ; 2035 spawners 
1 3 3896 0.5 7500 7500
4 9 2203 0.5 7500 7500
10 12 750 0.5 7500 7500
13 15 315 0.5 7500 7500
16 21 570 0.5 7500 7500
22 24 330 0.5 7500 7500
25 30 869 0.5 7500 7500
31 36 644 0.5 7500 7500
37 42 345 0.5 7500 7500
43 45 404 0.5 7500 7500
46 54 132 0.5 7500 7500
55 57 1169 0.5 7500 7500
58 63 794 0.5 7500 7500
64 69 959 0.5 7500 7500
70 75 420 0.5 7500 7500
76 84 465 0.5 7500 7500
85 93 539 0.5 7500 7500
94 102 315 0.5 7500 7500
103 111 12 0.5 7500 7500
112 120 15 0.5 7500 7500
1353     
Chinook Salmon ; 2036 spawners 
1 3 3896 0.5 7500 7500
4 9 2203 0.5 7500 7500
10 12 750 0.5 7500 7500
13 15 315 0.5 7500 7500
16 21 570 0.5 7500 7500
22 24 330 0.5 7500 7500
25 30 869 0.5 7500 7500
31 36 644 0.5 7500 7500
37 42 345 0.5 7500 7500
43 45 404 0.5 7500 7500
46 54 132 0.5 7500 7500
55 57 1169 0.5 7500 7500
58 63 794 0.5 7500 7500
64 69 959 0.5 7500 7500
70 75 420 0.5 7500 7500
76 84 465 0.5 7500 7500
85 93 539 0.5 7500 7500
94 102 315 0.5 7500 7500
103 111 12 0.5 7500 7500
112 120 15 0.5 7500 7500
1405     
Chinook Salmon ; 2037 spawners 
1 3 3896 0.5 7500 7500
4 9 2203 0.5 7500 7500
10 12 750 0.5 7500 7500
13 15 315 0.5 7500 7500
16 21 570 0.5 7500 7500
22 24 330 0.5 7500 7500
25 30 869 0.5 7500 7500
31 36 644 0.5 7500 7500
37 42 345 0.5 7500 7500
43 45 404 0.5 7500 7500
46 54 132 0.5 7500 7500
55 57 1169 0.5 7500 7500
58 63 794 0.5 7500 7500
64 69 959 0.5 7500 7500
70 75 420 0.5 7500 7500
76 84 465 0.5 7500 7500
85 93 539 0.5 7500 7500
94 102 315 0.5 7500 7500
103 111 12 0.5 7500 7500
112 120 15 0.5 7500 7500
1457     
Chinook Salmon ; 2038 spawners 
1 3 3896 0.5 7500 7500
4 9 2203 0.5 7500 7500
10 12 750 0.5 7500 7500
13 15 315 0.5 7500 7500
16 21 570 0.5 7500 7500
22 24 330 0.5 7500 7500
25 30 869 0.5 7500 7500
31 36 644 0.5 7500 7500
37 42 345 0.5 7500 7500
43 45 404 0.5 7500 7500
46 54 132 0.5 7500 7500
55 57 1169 0.5 7500 7500
58 63 794 0.5 7500 7500
64 69 959 0.5 7500 7500
70 75 420 0.5 7500 7500
76 84 465 0.5 7500 7500
85 93 539 0.5 7500 7500
94 102 315 0.5 7500 7500
103 111 12 0.5 7500 7500
112 120 15 0.5 7500 7500
1509     
Chinook Salmon ; 2039 spawners 
1 3 3896 0.5 7500 7500
4 9 2203 0.5 7500 7500
10 12 750 0.5 7500 7500
13 15 315 0.5 7500 7500
16 21 570 0.5 7500 7500
22 24 330 0.5 7500 7500
25 30 869 0.5 7500 7500
31 36 644 0.5 7500 7500
37 42 345 0.5 7500 7500
43 45 404 0.5 7500 7500
46 54 132 0.5 7500 7500
55 57 1169 0.5 7500 7500
58 63 794 0.5 7500 7500
64 69 959 0.5 7500 7500
70 75 420 0.5 7500 7500
76 84 465 0.5 7500 7500
85 93 539 0.5 7500 7500
94 102 315 0.5 7500 7500
103 111 12 0.5 7500 7500
112 120 15 0.5 7500 7500
1561     
Chinook Salmon ; 2040 spawners 
1 3 3896 0.5 7500 7500
4 9 2203 0.5 7500 7500
10 12 750 0.5 7500 7500
13 15 315 0.5 7500 7500
16 21 570 0.5 7500 7500
22 24 330 0.5 7500 7500
25 30 869 0.5 7500 7500
31 36 644 0.5 7500 7500
37 42 345 0.5 7500 7500
43 45 404 0.5 7500 7500
46 54 132 0.5 7500 7500
55 57 1169 0.5 7500 7500
58 63 794 0.5 7500 7500
64 69 959 0.5 7500 7500
70 75 420 0.5 7500 7500
76 84 465 0.5 7500 7500
85 93 539 0.5 7500 7500
94 102 315 0.5 7500 7500
103 111 12 0.5 7500 7500
112 120 15 0.5 7500 7500
1613     
Chinook Salmon ; 2041 spawners 
1 3 3896 0.5 7500 7500
4 9 2203 0.5 7500 7500
10 12 750 0.5 7500 7500
13 15 315 0.5 7500 7500
16 21 570 0.5 7500 7500
22 24 330 0.5 7500 7500
25 30 869 0.5 7500 7500
31 36 644 0.5 7500 7500
37 42 345 0.5 7500 7500
43 45 404 0.5 7500 7500
46 54 132 0.5 7500 7500
55 57 1169 0.5 7500 7500
58 63 794 0.5 7500 7500
64 69 959 0.5 7500 7500
70 75 420 0.5 7500 7500
76 84 465 0.5 7500 7500
85 93 539 0.5 7500 7500
94 102 315 0.5 7500 7500
103 111 12 0.5 7500 7500
112 120 15 0.5 7500 7500
1665     
Chinook Salmon ; 2042 spawners 
1 3 3896 0.5 7500 7500
4 9 2203 0.5 7500 7500
10 12 750 0.5 7500 7500
13 15 315 0.5 7500 7500
16 21 570 0.5 7500 7500
22 24 330 0.5 7500 7500
25 30 869 0.5 7500 7500
31 36 644 0.5 7500 7500
37 42 345 0.5 7500 7500
43 45 404 0.5 7500 7500
46 54 132 0.5 7500 7500
55 57 1169 0.5 7500 7500
58 63 794 0.5 7500 7500
64 69 959 0.5 7500 7500
70 75 420 0.5 7500 7500
76 84 465 0.5 7500 7500
85 93 539 0.5 7500 7500
94 102 315 0.5 7500 7500
103 111 12 0.5 7500 7500
112 120 15 0.5 7500 7500
1717     
Chinook Salmon ; 2043 spawners 
1 3 3896 0.5 7500 7500
4 9 2203 0.5 7500 7500
10 12 750 0.5 7500 7500
13 15 315 0.5 7500 7500
16 21 570 0.5 7500 7500
22 24 330 0.5 7500 7500
25 30 869 0.5 7500 7500
31 36 644 0.5 7500 7500
37 42 345 0.5 7500 7500
43 45 404 0.5 7500 7500
46 54 132 0.5 7500 7500
55 57 1169 0.5 7500 7500
58 63 794 0.5 7500 7500
64 69 959 0.5 7500 7500
70 75 420 0.5 7500 7500
76 84 465 0.5 7500 7500
85 93 539 0.5 7500 7500
94 102 315 0.5 7500 7500
103 111 12 0.5 7500 7500
112 120 15 0.5 7500 7500
1769     
Chinook Salmon ; 2044 spawners 
1 3 3896 0.5 7500 7500
4 9 2203 0.5 7500 7500
10 12 750 0.5 7500 7500
13 15 315 0.5 7500 7500
16 21 570 0.5 7500 7500
22 24 330 0.5 7500 7500
25 30 869 0.5 7500 7500
31 36 644 0.5 7500 7500
37 42 345 0.5 7500 7500
43 45 404 0.5 7500 7500
46 54 132 0.5 7500 7500
55 57 1169 0.5 7500 7500
58 63 794 0.5 7500 7500
64 69 959 0.5 7500 7500
70 75 420 0.5 7500 7500
76 84 465 0.5 7500 7500
85 93 539 0.5 7500 7500
94 102 315 0.5 7500 7500
103 111 12 0.5 7500 7500
112 120 15 0.5 7500 7500
1821     
Chinook Salmon ; 2045 spawners 
1 3 3896 0.5 7500 7500
4 9 2203 0.5 7500 7500
10 12 750 0.5 7500 7500
13 15 315 0.5 7500 7500
16 21 570 0.5 7500 7500
22 24 330 0.5 7500 7500
25 30 869 0.5 7500 7500
31 36 644 0.5 7500 7500
37 42 345 0.5 7500 7500
43 45 404 0.5 7500 7500
46 54 132 0.5 7500 7500
55 57 1169 0.5 7500 7500
58 63 794 0.5 7500 7500
64 69 959 0.5 7500 7500
70 75 420 0.5 7500 7500
76 84 465 0.5 7500 7500
85 93 539 0.5 7500 7500
94 102 315 0.5 7500 7500
103 111 12 0.5 7500 7500
112 120 15 0.5 7500 7500
1873     
Chinook Salmon ; 2046 spawners 
1 3 3896 0.5 7500 7500
4 9 2203 0.5 7500 7500
10 12 750 0.5 7500 7500
13 15 315 0.5 7500 7500
16 21 570 0.5 7500 7500
22 24 330 0.5 7500 7500
25 30 869 0.5 7500 7500
31 36 644 0.5 7500 7500
37 42 345 0.5 7500 7500
43 45 404 0.5 7500 7500
46 54 132 0.5 7500 7500
55 57 1169 0.5 7500 7500
58 63 794 0.5 7500 7500
64 69 959 0.5 7500 7500
70 75 420 0.5 7500 7500
76 84 465 0.5 7500 7500
85 93 539 0.5 7500 7500
94 102 315 0.5 7500 7500
103 111 12 0.5 7500 7500
112 120 15 0.5 7500 7500
1925     
Chinook Salmon ; 2047 spawners 
1 3 3896 0.5 7500 7500
4 9 2203 0.5 7500 7500
10 12 750 0.5 7500 7500
13 15 315 0.5 7500 7500
16 21 570 0.5 7500 7500
22 24 330 0.5 7500 7500
25 30 869 0.5 7500 7500
31 36 644 0.5 7500 7500
37 42 345 0.5 7500 7500
43 45 404 0.5 7500 7500
46 54 132 0.5 7500 7500
55 57 1169 0.5 7500 7500
58 63 794 0.5 7500 7500
64 69 959 0.5 7500 7500
70 75 420 0.5 7500 7500
76 84 465 0.5 7500 7500
85 93 539 0.5 7500 7500
94 102 315 0.5 7500 7500
103 111 12 0.5 7500 7500
112 120 15 0.5 7500 7500
1977     
Chinook Salmon ; 2048 spawners 
1 3 3896 0.5 7500 7500
4 9 2203 0.5 7500 7500
10 12 750 0.5 7500 7500
13 15 315 0.5 7500 7500
16 21 570 0.5 7500 7500
22 24 330 0.5 7500 7500
25 30 869 0.5 7500 7500
31 36 644 0.5 7500 7500
37 42 345 0.5 7500 7500
43 45 404 0.5 7500 7500
46 54 132 0.5 7500 7500
55 57 1169 0.5 7500 7500
58 63 794 0.5 7500 7500
64 69 959 0.5 7500 7500
70 75 420 0.5 7500 7500
76 84 465 0.5 7500 7500
85 93 539 0.5 7500 7500
94 102 315 0.5 7500 7500
103 111 12 0.5 7500 7500
112 120 15 0.5 7500 7500
2029     
Chinook Salmon ; 2049 spawners 
1 3 3896 0.5 7500 7500
4 9 2203 0.5 7500 7500
10 12 750 0.5 7500 7500
13 15 315 0.5 7500 7500
16 21 570 0.5 7500 7500
22 24 330 0.5 7500 7500
25 30 869 0.5 7500 7500
31 36 644 0.5 7500 7500
37 42 345 0.5 7500 7500
43 45 404 0.5 7500 7500
46 54 132 0.5 7500 7500
55 57 1169 0.5 7500 7500
58 63 794 0.5 7500 7500
64 69 959 0.5 7500 7500
70 75 420 0.5 7500 7500
76 84 465 0.5 7500 7500
85 93 539 0.5 7500 7500
94 102 315 0.5 7500 7500
103 111 12 0.5 7500 7500
112 120 15 0.5 7500 7500
2081     
Chinook Salmon ; 2050 spawners 
1 3 3896 0.5 7500 7500
4 9 2203 0.5 7500 7500
10 12 750 0.5 7500 7500
13 15 315 0.5 7500 7500
16 21 570 0.5 7500 7500
22 24 330 0.5 7500 7500
25 30 869 0.5 7500 7500
31 36 644 0.5 7500 7500
37 42 345 0.5 7500 7500
43 45 404 0.5 7500 7500
46 54 132 0.5 7500 7500
55 57 1169 0.5 7500 7500
58 63 794 0.5 7500 7500
64 69 959 0.5 7500 7500
70 75 420 0.5 7500 7500
76 84 465 0.5 7500 7500
85 93 539 0.5 7500 7500
94 102 315 0.5 7500 7500
103 111 12 0.5 7500 7500
112 120 15 0.5 7500 7500
2133     
Chinook Salmon ; 2051 spawners 
1 3 3896 0.5 7500 7500
4 9 2203 0.5 7500 7500
10 12 750 0.5 7500 7500
13 15 315 0.5 7500 7500
16 21 570 0.5 7500 7500
22 24 330 0.5 7500 7500
25 30 869 0.5 7500 7500
31 36 644 0.5 7500 7500
37 42 345 0.5 7500 7500
43 45 404 0.5 7500 7500
46 54 132 0.5 7500 7500
55 57 1169 0.5 7500 7500
58 63 794 0.5 7500 7500
64 69 959 0.5 7500 7500
70 75 420 0.5 7500 7500
76 84 465 0.5 7500 7500
85 93 539 0.5 7500 7500
94 102 315 0.5 7500 7500
103 111 12 0.5 7500 7500
112 120 15 0.5 7500 7500
2185     
Chinook Salmon ; 2052 spawners 
1 3 3896 0.5 7500 7500
4 9 2203 0.5 7500 7500
10 12 750 0.5 7500 7500
13 15 315 0.5 7500 7500
16 21 570 0.5 7500 7500
22 24 330 0.5 7500 7500
25 30 869 0.5 7500 7500
31 36 644 0.5 7500 7500
37 42 345 0.5 7500 7500
43 45 404 0.5 7500 7500
46 54 132 0.5 7500 7500
55 57 1169 0.5 7500 7500
58 63 794 0.5 7500 7500
64 69 959 0.5 7500 7500
70 75 420 0.5 7500 7500
76 84 465 0.5 7500 7500
85 93 539 0.5 7500 7500
94 102 315 0.5 7500 7500
103 111 12 0.5 7500 7500
112 120 15 0.5 7500 7500
2237     
Chinook Salmon ; 2053 spawners 
1 3 3896 0.5 7500 7500
4 9 2203 0.5 7500 7500
10 12 750 0.5 7500 7500
13 15 315 0.5 7500 7500
16 21 570 0.5 7500 7500
22 24 330 0.5 7500 7500
25 30 869 0.5 7500 7500
31 36 644 0.5 7500 7500
37 42 345 0.5 7500 7500
43 45 404 0.5 7500 7500
46 54 132 0.5 7500 7500
55 57 1169 0.5 7500 7500
58 63 794 0.5 7500 7500
64 69 959 0.5 7500 7500
70 75 420 0.5 7500 7500
76 84 465 0.5 7500 7500
85 93 539 0.5 7500 7500
94 102 315 0.5 7500 7500
103 111 12 0.5 7500 7500
112 120 15 0.5 7500 7500
2289     
Chinook Salmon ; 2054 spawners 
1 3 3896 0.5 7500 7500
4 9 2203 0.5 7500 7500
10 12 750 0.5 7500 7500
13 15 315 0.5 7500 7500
16 21 570 0.5 7500 7500
22 24 330 0.5 7500 7500
25 30 869 0.5 7500 7500
31 36 644 0.5 7500 7500
37 42 345 0.5 7500 7500
43 45 404 0.5 7500 7500
46 54 132 0.5 7500 7500
55 57 1169 0.5 7500 7500
58 63 794 0.5 7500 7500
64 69 959 0.5 7500 7500
70 75 420 0.5 7500 7500
76 84 465 0.5 7500 7500
85 93 539 0.5 7500 7500
94 102 315 0.5 7500 7500
103 111 12 0.5 7500 7500
112 120 15 0.5 7500 7500
2341     
Chinook Salmon ; 2055 spawners 
1 3 3896 0.5 7500 7500
4 9 2203 0.5 7500 7500
10 12 750 0.5 7500 7500
13 15 315 0.5 7500 7500
16 21 570 0.5 7500 7500
22 24 330 0.5 7500 7500
25 30 869 0.5 7500 7500
31 36 644 0.5 7500 7500
37 42 345 0.5 7500 7500
43 45 404 0.5 7500 7500
46 54 132 0.5 7500 7500
55 57 1169 0.5 7500 7500
58 63 794 0.5 7500 7500
64 69 959 0.5 7500 7500
70 75 420 0.5 7500 7500
76 84 465 0.5 7500 7500
85 93 539 0.5 7500 7500
94 102 315 0.5 7500 7500
103 111 12 0.5 7500 7500
112 120 15 0.5 7500 7500
2393     
Chinook Salmon ; 2056 spawners 
1 3 3896 0.5 7500 7500
4 9 2203 0.5 7500 7500
10 12 750 0.5 7500 7500
13 15 315 0.5 7500 7500
16 21 570 0.5 7500 7500
22 24 330 0.5 7500 7500
25 30 869 0.5 7500 7500
31 36 644 0.5 7500 7500
37 42 345 0.5 7500 7500
43 45 404 0.5 7500 7500
46 54 132 0.5 7500 7500
55 57 1169 0.5 7500 7500
58 63 794 0.5 7500 7500
64 69 959 0.5 7500 7500
70 75 420 0.5 7500 7500
76 84 465 0.5 7500 7500
85 93 539 0.5 7500 7500
94 102 315 0.5 7500 7500
103 111 12 0.5 7500 7500
112 120 15 0.5 7500 7500
2445     
Chinook Salmon ; 2057 spawners 
1 3 3896 0.5 7500 7500
4 9 2203 0.5 7500 7500
10 12 750 0.5 7500 7500
13 15 315 0.5 7500 7500
16 21 570 0.5 7500 7500
22 24 330 0.5 7500 7500
25 30 869 0.5 7500 7500
31 36 644 0.5 7500 7500
37 42 345 0.5 7500 7500
43 45 404 0.5 7500 7500
46 54 132 0.5 7500 7500
55 57 1169 0.5 7500 7500
58 63 794 0.5 7500 7500
64 69 959 0.5 7500 7500
70 75 420 0.5 7500 7500
76 84 465 0.5 7500 7500
85 93 539 0.5 7500 7500
94 102 315 0.5 7500 7500
103 111 12 0.5 7500 7500
112 120 15 0.5 7500 7500
2497     
Chinook Salmon ; 2058 spawners 
1 3 3896 0.5 7500 7500
4 9 2203 0.5 7500 7500
10 12 750 0.5 7500 7500
13 15 315 0.5 7500 7500
16 21 570 0.5 7500 7500
22 24 330 0.5 7500 7500
25 30 869 0.5 7500 7500
31 36 644 0.5 7500 7500
37 42 345 0.5 7500 7500
43 45 404 0.5 7500 7500
46 54 132 0.5 7500 7500
55 57 1169 0.5 7500 7500
58 63 794 0.5 7500 7500
64 69 959 0.5 7500 7500
70 75 420 0.5 7500 7500
76 84 465 0.5 7500 7500
85 93 539 0.5 7500 7500
94 102 315 0.5 7500 7500
103 111 12 0.5 7500 7500
112 120 15 0.5 7500 7500
2549     
Chinook Salmon ; 2059 spawners 
1 3 3896 0.5 7500 7500
4 9 2203 0.5 7500 7500
10 12 750 0.5 7500 7500
13 15 315 0.5 7500 7500
16 21 570 0.5 7500 7500
22 24 330 0.5 7500 7500
25 30 869 0.5 7500 7500
31 36 644 0.5 7500 7500
37 42 345 0.5 7500 7500
43 45 404 0.5 7500 7500
46 54 132 0.5 7500 7500
55 57 1169 0.5 7500 7500
58 63 794 0.5 7500 7500
64 69 959 0.5 7500 7500
70 75 420 0.5 7500 7500
76 84 465 0.5 7500 7500
85 93 539 0.5 7500 7500
94 102 315 0.5 7500 7500
103 111 12 0.5 7500 7500
112 120 15 0.5 7500 7500
2601     
Chinook Salmon ; 2060 spawners 
1 3 3896 0.5 7500 7500
4 9 2203 0.5 7500 7500
10 12 750 0.5 7500 7500
13 15 315 0.5 7500 7500
16 21 570 0.5 7500 7500
22 24 330 0.5 7500 7500
25 30 869 0.5 7500 7500
31 36 644 0.5 7500 7500
37 42 345 0.5 7500 7500
43 45 404 0.5 7500 7500
46 54 132 0.5 7500 7500
55 57 1169 0.5 7500 7500
58 63 794 0.5 7500 7500
64 69 959 0.5 7500 7500
70 75 420 0.5 7500 7500
76 84 465 0.5 7500 7500
85 93 539 0.5 7500 7500
94 102 315 0.5 7500 7500
103 111 12 0.5 7500 7500
112 120 15 0.5 7500 7500
2653     
Chinook Salmon ; 2061 spawners 
1 3 3896 0.5 7500 7500
4 9 2203 0.5 7500 7500
10 12 750 0.5 7500 7500
13 15 315 0.5 7500 7500
16 21 570 0.5 7500 7500
22 24 330 0.5 7500 7500
25 30 869 0.5 7500 7500
31 36 644 0.5 7500 7500
37 42 345 0.5 7500 7500
43 45 404 0.5 7500 7500
46 54 132 0.5 7500 7500
55 57 1169 0.5 7500 7500
58 63 794 0.5 7500 7500
64 69 959 0.5 7500 7500
70 75 420 0.5 7500 7500
76 84 465 0.5 7500 7500
85 93 539 0.5 7500 7500
94 102 315 0.5 7500 7500
103 111 12 0.5 7500 7500
112 120 15 0.5 7500 7500
2705     
Chinook Salmon ; 2062 spawners 
1 3 3896 0.5 7500 7500
4 9 2203 0.5 7500 7500
10 12 750 0.5 7500 7500
13 15 315 0.5 7500 7500
16 21 570 0.5 7500 7500
22 24 330 0.5 7500 7500
25 30 869 0.5 7500 7500
31 36 644 0.5 7500 7500
37 42 345 0.5 7500 7500
43 45 404 0.5 7500 7500
46 54 132 0.5 7500 7500
55 57 1169 0.5 7500 7500
58 63 794 0.5 7500 7500
64 69 959 0.5 7500 7500
70 75 420 0.5 7500 7500
76 84 465 0.5 7500 7500
85 93 539 0.5 7500 7500
94 102 315 0.5 7500 7500
103 111 12 0.5 7500 7500
112 120 15 0.5 7500 7500
2757     
Chinook Salmon ; 2063 spawners 
1 3 3896 0.5 7500 7500
4 9 2203 0.5 7500 7500
10 12 750 0.5 7500 7500
13 15 315 0.5 7500 7500
16 21 570 0.5 7500 7500
22 24 330 0.5 7500 7500
25 30 869 0.5 7500 7500
31 36 644 0.5 7500 7500
37 42 345 0.5 7500 7500
43 45 404 0.5 7500 7500
46 54 132 0.5 7500 7500
55 57 1169 0.5 7500 7500
58 63 794 0.5 7500 7500
64 69 959 0.5 7500 7500
70 75 420 0.5 7500 7500
76 84 465 0.5 7500 7500
85 93 539 0.5 7500 7500
94 102 315 0.5 7500 7500
103 111 12 0.5 7500 7500
112 120 15 0.5 7500 7500
2809     
Chinook Salmon ; 2064 spawners 
1 3 3896 0.5 7500 7500
4 9 2203 0.5 7500 7500
10 12 750 0.5 7500 7500
13 15 315 0.5 7500 7500
16 21 570 0.5 7500 7500
22 24 330 0.5 7500 7500
25 30 869 0.5 7500 7500
31 36 644 0.5 7500 7500
37 42 345 0.5 7500 7500
43 45 404 0.5 7500 7500
46 54 132 0.5 7500 7500
55 57 1169 0.5 7500 7500
58 63 794 0.5 7500 7500
64 69 959 0.5 7500 7500
70 75 420 0.5 7500 7500
76 84 465 0.5 7500 7500
85 93 539 0.5 7500 7500
94 102 315 0.5 7500 7500
103 111 12 0.5 7500 7500
112 120 15 0.5 7500 7500
2861     
Chinook Salmon ; 2065 spawners 
1 3 3896 0.5 7500 7500
4 9 2203 0.5 7500 7500
10 12 750 0.5 7500 7500
13 15 315 0.5 7500 7500
16 21 570 0.5 7500 7500
22 24 330 0.5 7500 7500
25 30 869 0.5 7500 7500
31 36 644 0.5 7500 7500
37 42 345 0.5 7500 7500
43 45 404 0.5 7500 7500
46 54 132 0.5 7500 7500
55 57 1169 0.5 7500 7500
58 63 794 0.5 7500 7500
64 69 959 0.5 7500 7500
70 75 420 0.5 7500 7500
76 84 465 0.5 7500 7500
85 93 539 0.5 7500 7500
94 102 315 0.5 7500 7500
103 111 12 0.5 7500 7500
112 120 15 0.5 7500 7500
2913     
Chinook Salmon ; 2066 spawners 
1 3 3896 0.5 7500 7500
4 9 2203 0.5 7500 7500
10 12 750 0.5 7500 7500
13 15 315 0.5 7500 7500
16 21 570 0.5 7500 7500
22 24 330 0.5 7500 7500
25 30 869 0.5 7500 7500
31 36 644 0.5 7500 7500
37 42 345 0.5 7500 7500
43 45 404 0.5 7500 7500
46 54 132 0.5 7500 7500
55 57 1169 0.5 7500 7500
58 63 794 0.5 7500 7500
64 69 959 0.5 7500 7500
70 75 420 0.5 7500 7500
76 84 465 0.5 7500 7500
85 93 539 0.5 7500 7500
94 102 315 0.5 7500 7500
103 111 12 0.5 7500 7500
112 120 15 0.5 7500 7500
2965     
Chinook Salmon ; 2067 spawners 
1 3 3896 0.5 7500 7500
4 9 2203 0.5 7500 7500
10 12 750 0.5 7500 7500
13 15 315 0.5 7500 7500
16 21 570 0.5 7500 7500
22 24 330 0.5 7500 7500
25 30 869 0.5 7500 7500
31 36 644 0.5 7500 7500
37 42 345 0.5 7500 7500
43 45 404 0.5 7500 7500
46 54 132 0.5 7500 7500
55 57 1169 0.5 7500 7500
58 63 794 0.5 7500 7500
64 69 959 0.5 7500 7500
70 75 420 0.5 7500 7500
76 84 465 0.5 7500 7500
85 93 539 0.5 7500 7500
94 102 315 0.5 7500 7500
103 111 12 0.5 7500 7500
112 120 15 0.5 7500 7500
3017     
Chinook Salmon ; 2068 spawners 
1 3 3896 0.5 7500 7500
4 9 2203 0.5 7500 7500
10 12 750 0.5 7500 7500
13 15 315 0.5 7500 7500
16 21 570 0.5 7500 7500
22 24 330 0.5 7500 7500
25 30 869 0.5 7500 7500
31 36 644 0.5 7500 7500
37 42 345 0.5 7500 7500
43 45 404 0.5 7500 7500
46 54 132 0.5 7500 7500
55 57 1169 0.5 7500 7500
58 63 794 0.5 7500 7500
64 69 959 0.5 7500 7500
70 75 420 0.5 7500 7500
76 84 465 0.5 7500 7500
85 93 539 0.5 7500 7500
94 102 315 0.5 7500 7500
103 111 12 0.5 7500 7500
112 120 15 0.5 7500 7500
3069     
Chinook Salmon ; 2069 spawners 
1 3 3896 0.5 7500 7500
4 9 2203 0.5 7500 7500
10 12 750 0.5 7500 7500
13 15 315 0.5 7500 7500
16 21 570 0.5 7500 7500
22 24 330 0.5 7500 7500
25 30 869 0.5 7500 7500
31 36 644 0.5 7500 7500
37 42 345 0.5 7500 7500
43 45 404 0.5 7500 7500
46 54 132 0.5 7500 7500
55 57 1169 0.5 7500 7500
58 63 794 0.5 7500 7500
64 69 959 0.5 7500 7500
70 75 420 0.5 7500 7500
76 84 465 0.5 7500 7500
85 93 539 0.5 7500 7500
94 102 315 0.5 7500 7500
103 111 12 0.5 7500 7500
112 120 15 0.5 7500 7500
3121     
Chinook Salmon ; 2070 spawners 
1 3 3896 0.5 7500 7500
4 9 2203 0.5 7500 7500
10 12 750 0.5 7500 7500
13 15 315 0.5 7500 7500
16 21 570 0.5 7500 7500
22 24 330 0.5 7500 7500
25 30 869 0.5 7500 7500
31 36 644 0.5 7500 7500
37 42 345 0.5 7500 7500
43 45 404 0.5 7500 7500
46 54 132 0.5 7500 7500
55 57 1169 0.5 7500 7500
58 63 794 0.5 7500 7500
64 69 959 0.5 7500 7500
70 75 420 0.5 7500 7500
76 84 465 0.5 7500 7500
85 93 539 0.5 7500 7500
94 102 315 0.5 7500 7500
103 111 12 0.5 7500 7500
112 120 15 0.5 7500 7500
3173     
Chinook Salmon ; 2071 spawners 
1 3 3896 0.5 7500 7500
4 9 2203 0.5 7500 7500
10 12 750 0.5 7500 7500
13 15 315 0.5 7500 7500
16 21 570 0.5 7500 7500
22 24 330 0.5 7500 7500
25 30 869 0.5 7500 7500
31 36 644 0.5 7500 7500
37 42 345 0.5 7500 7500
43 45 404 0.5 7500 7500
46 54 132 0.5 7500 7500
55 57 1169 0.5 7500 7500
58 63 794 0.5 7500 7500
64 69 959 0.5 7500 7500
70 75 420 0.5 7500 7500
76 84 465 0.5 7500 7500
85 93 539 0.5 7500 7500
94 102 315 0.5 7500 7500
103 111 12 0.5 7500 7500
112 120 15 0.5 7500 7500
3225     
Chinook Salmon ; 2072 spawners 
1 3 3896 0.5 7500 7500
4 9 2203 0.5 7500 7500
10 12 750 0.5 7500 7500
13 15 315 0.5 7500 7500
16 21 570 0.5 7500 7500
22 24 330 0.5 7500 7500
25 30 869 0.5 7500 7500
31 36 644 0.5 7500 7500
37 42 345 0.5 7500 7500
43 45 404 0.5 7500 7500
46 54 132 0.5 7500 7500
55 57 1169 0.5 7500 7500
58 63 794 0.5 7500 7500
64 69 959 0.5 7500 7500
70 75 420 0.5 7500 7500
76 84 465 0.5 7500 7500
85 93 539 0.5 7500 7500
94 102 315 0.5 7500 7500
103 111 12 0.5 7500 7500
112 120 15 0.5 7500 7500
3277     
Chinook Salmon ; 2073 spawners 
1 3 3896 0.5 7500 7500
4 9 2203 0.5 7500 7500
10 12 750 0.5 7500 7500
13 15 315 0.5 7500 7500
16 21 570 0.5 7500 7500
22 24 330 0.5 7500 7500
25 30 869 0.5 7500 7500
31 36 644 0.5 7500 7500
37 42 345 0.5 7500 7500
43 45 404 0.5 7500 7500
46 54 132 0.5 7500 7500
55 57 1169 0.5 7500 7500
58 63 794 0.5 7500 7500
64 69 959 0.5 7500 7500
70 75 420 0.5 7500 7500
76 84 465 0.5 7500 7500
85 93 539 0.5 7500 7500
94 102 315 0.5 7500 7500
103 111 12 0.5 7500 7500
112 120 15 0.5 7500 7500
3329     
Chinook Salmon ; 2074 spawners 
1 3 3896 0.5 7500 7500
4 9 2203 0.5 7500 7500
10 12 750 0.5 7500 7500
13 15 315 0.5 7500 7500
16 21 570 0.5 7500 7500
22 24 330 0.5 7500 7500
25 30 869 0.5 7500 7500
31 36 644 0.5 7500 7500
37 42 345 0.5 7500 7500
43 45 404 0.5 7500 7500
46 54 132 0.5 7500 7500
55 57 1169 0.5 7500 7500
58 63 794 0.5 7500 7500
64 69 959 0.5 7500 7500
70 75 420 0.5 7500 7500
76 84 465 0.5 7500 7500
85 93 539 0.5 7500 7500
94 102 315 0.5 7500 7500
103 111 12 0.5 7500 7500
112 120 15 0.5 7500 7500
3381     
Chinook Salmon ; 2075 spawners 
1 3 3896 0.5 7500 7500
4 9 2203 0.5 7500 7500
10 12 750 0.5 7500 7500
13 15 315 0.5 7500 7500
16 21 570 0.5 7500 7500
22 24 330 0.5 7500 7500
25 30 869 0.5 7500 7500
31 36 644 0.5 7500 7500
37 42 345 0.5 7500 7500
43 45 404 0.5 7500 7500
46 54 132 0.5 7500 7500
55 57 1169 0.5 7500 7500
58 63 794 0.5 7500 7500
64 69 959 0.5 7500 7500
70 75 420 0.5 7500 7500
76 84 465 0.5 7500 7500
85 93 539 0.5 7500 7500
94 102 315 0.5 7500 7500
103 111 12 0.5 7500 7500
112 120 15 0.5 7500 7500
3433     
Chinook Salmon ; 2076 spawners 
1 3 3896 0.5 7500 7500
4 9 2203 0.5 7500 7500
10 12 750 0.5 7500 7500
13 15 315 0.5 7500 7500
16 21 570 0.5 7500 7500
22 24 330 0.5 7500 7500
25 30 869 0.5 7500 7500
31 36 644 0.5 7500 7500
37 42 345 0.5 7500 7500
43 45 404 0.5 7500 7500
46 54 132 0.5 7500 7500
55 57 1169 0.5 7500 7500
58 63 794 0.5 7500 7500
64 69 959 0.5 7500 7500
70 75 420 0.5 7500 7500
76 84 465 0.5 7500 7500
85 93 539 0.5 7500 7500
94 102 315 0.5 7500 7500
103 111 12 0.5 7500 7500
112 120 15 0.5 7500 7500
3485     
Chinook Salmon ; 2077 spawners 
1 3 3896 0.5 7500 7500
4 9 2203 0.5 7500 7500
10 12 750 0.5 7500 7500
13 15 315 0.5 7500 7500
16 21 570 0.5 7500 7500
22 24 330 0.5 7500 7500
25 30 869 0.5 7500 7500
31 36 644 0.5 7500 7500
37 42 345 0.5 7500 7500
43 45 404 0.5 7500 7500
46 54 132 0.5 7500 7500
55 57 1169 0.5 7500 7500
58 63 794 0.5 7500 7500
64 69 959 0.5 7500 7500
70 75 420 0.5 7500 7500
76 84 465 0.5 7500 7500
85 93 539 0.5 7500 7500
94 102 315 0.5 7500 7500
103 111 12 0.5 7500 7500
112 120 15 0.5 7500 7500
3537     
Chinook Salmon ; 2078 spawners 
1 3 3896 0.5 7500 7500
4 9 2203 0.5 7500 7500
10 12 750 0.5 7500 7500
13 15 315 0.5 7500 7500
16 21 570 0.5 7500 7500
22 24 330 0.5 7500 7500
25 30 869 0.5 7500 7500
31 36 644 0.5 7500 7500
37 42 345 0.5 7500 7500
43 45 404 0.5 7500 7500
46 54 132 0.5 7500 7500
55 57 1169 0.5 7500 7500
58 63 794 0.5 7500 7500
64 69 959 0.5 7500 7500
70 75 420 0.5 7500 7500
76 84 465 0.5 7500 7500
85 93 539 0.5 7500 7500
94 102 315 0.5 7500 7500
103 111 12 0.5 7500 7500
112 120 15 0.5 7500 7500
3589     
Chinook Salmon ; 2079 spawners 
1 3 3896 0.5 7500 7500
4 9 2203 0.5 7500 7500
10 12 750 0.5 7500 7500
13 15 315 0.5 7500 7500
16 21 570 0.5 7500 7500
22 24 330 0.5 7500 7500
25 30 869 0.5 7500 7500
31 36 644 0.5 7500 7500
37 42 345 0.5 7500 7500
43 45 404 0.5 7500 7500
46 54 132 0.5 7500 7500
55 57 1169 0.5 7500 7500
58 63 794 0.5 7500 7500
64 69 959 0.5 7500 7500
70 75 420 0.5 7500 7500
76 84 465 0.5 7500 7500
85 93 539 0.5 7500 7500
94 102 315 0.5 7500 7500
103 111 12 0.5 7500 7500
112 120 15 0.5 7500 7500
3641     
Chinook Salmon ; 2080 spawners 
1 3 3896 0.5 7500 7500
4 9 2203 0.5 7500 7500
10 12 750 0.5 7500 7500
13 15 315 0.5 7500 7500
16 21 570 0.5 7500 7500
22 24 330 0.5 7500 7500
25 30 869 0.5 7500 7500
31 36 644 0.5 7500 7500
37 42 345 0.5 7500 7500
43 45 404 0.5 7500 7500
46 54 132 0.5 7500 7500
55 57 1169 0.5 7500 7500
58 63 794 0.5 7500 7500
64 69 959 0.5 7500 7500
70 75 420 0.5 7500 7500
76 84 465 0.5 7500 7500
85 93 539 0.5 7500 7500
94 102 315 0.5 7500 7500
103 111 12 0.5 7500 7500
112 120 15 0.5 7500 7500
3693     
Chinook Salmon ; 2081 spawners 
1 3 3896 0.5 7500 7500
4 9 2203 0.5 7500 7500
10 12 750 0.5 7500 7500
13 15 315 0.5 7500 7500
16 21 570 0.5 7500 7500
22 24 330 0.5 7500 7500
25 30 869 0.5 7500 7500
31 36 644 0.5 7500 7500
37 42 345 0.5 7500 7500
43 45 404 0.5 7500 7500
46 54 132 0.5 7500 7500
55 57 1169 0.5 7500 7500
58 63 794 0.5 7500 7500
64 69 959 0.5 7500 7500
70 75 420 0.5 7500 7500
76 84 465 0.5 7500 7500
85 93 539 0.5 7500 7500
94 102 315 0.5 7500 7500
103 111 12 0.5 7500 7500
112 120 15 0.5 7500 7500
3745     
Chinook Salmon ; 2082 spawners 
1 3 3896 0.5 7500 7500
4 9 2203 0.5 7500 7500
10 12 750 0.5 7500 7500
13 15 315 0.5 7500 7500
16 21 570 0.5 7500 7500
22 24 330 0.5 7500 7500
25 30 869 0.5 7500 7500
31 36 644 0.5 7500 7500
37 42 345 0.5 7500 7500
43 45 404 0.5 7500 7500
46 54 132 0.5 7500 7500
55 57 1169 0.5 7500 7500
58 63 794 0.5 7500 7500
64 69 959 0.5 7500 7500
70 75 420 0.5 7500 7500
76 84 465 0.5 7500 7500
85 93 539 0.5 7500 7500
94 102 315 0.5 7500 7500
103 111 12 0.5 7500 7500
112 120 15 0.5 7500 7500
3797     
Chinook Salmon ; 2083 spawners 
1 3 3896 0.5 7500 7500
4 9 2203 0.5 7500 7500
10 12 750 0.5 7500 7500
13 15 315 0.5 7500 7500
16 21 570 0.5 7500 7500
22 24 330 0.5 7500 7500
25 30 869 0.5 7500 7500
31 36 644 0.5 7500 7500
37 42 345 0.5 7500 7500
43 45 404 0.5 7500 7500
46 54 132 0.5 7500 7500
55 57 1169 0.5 7500 7500
58 63 794 0.5 7500 7500
64 69 959 0.5 7500 7500
70 75 420 0.5 7500 7500
76 84 465 0.5 7500 7500
85 93 539 0.5 7500 7500
94 102 315 0.5 7500 7500
103 111 12 0.5 7500 7500
112 120 15 0.5 7500 7500
3849     
Chinook Salmon ; 2084 spawners 
1 3 3896 0.5 7500 7500
4 9 2203 0.5 7500 7500
10 12 750 0.5 7500 7500
13 15 315 0.5 7500 7500
16 21 570 0.5 7500 7500
22 24 330 0.5 7500 7500
25 30 869 0.5 7500 7500
31 36 644 0.5 7500 7500
37 42 345 0.5 7500 7500
43 45 404 0.5 7500 7500
46 54 132 0.5 7500 7500
55 57 1169 0.5 7500 7500
58 63 794 0.5 7500 7500
64 69 959 0.5 7500 7500
70 75 420 0.5 7500 7500
76 84 465 0.5 7500 7500
85 93 539 0.5 7500 7500
94 102 315 0.5 7500 7500
103 111 12 0.5 7500 7500
112 120 15 0.5 7500 7500
3901     
Chinook Salmon ; 2085 spawners 
1 3 3896 0.5 7500 7500
4 9 2203 0.5 7500 7500
10 12 750 0.5 7500 7500
13 15 315 0.5 7500 7500
16 21 570 0.5 7500 7500
22 24 330 0.5 7500 7500
25 30 869 0.5 7500 7500
31 36 644 0.5 7500 7500
37 42 345 0.5 7500 7500
43 45 404 0.5 7500 7500
46 54 132 0.5 7500 7500
55 57 1169 0.5 7500 7500
58 63 794 0.5 7500 7500
64 69 959 0.5 7500 7500
70 75 420 0.5 7500 7500
76 84 465 0.5 7500 7500
85 93 539 0.5 7500 7500
94 102 315 0.5 7500 7500
103 111 12 0.5 7500 7500
112 120 15 0.5 7500 7500
3953     
Chinook Salmon ; 2086 spawners 
1 3 3896 0.5 7500 7500
4 9 2203 0.5 7500 7500
10 12 750 0.5 7500 7500
13 15 315 0.5 7500 7500
16 21 570 0.5 7500 7500
22 24 330 0.5 7500 7500
25 30 869 0.5 7500 7500
31 36 644 0.5 7500 7500
37 42 345 0.5 7500 7500
43 45 404 0.5 7500 7500
46 54 132 0.5 7500 7500
55 57 1169 0.5 7500 7500
58 63 794 0.5 7500 7500
64 69 959 0.5 7500 7500
70 75 420 0.5 7500 7500
76 84 465 0.5 7500 7500
85 93 539 0.5 7500 7500
94 102 315 0.5 7500 7500
103 111 12 0.5 7500 7500
112 120 15 0.5 7500 7500
4005     
Chinook Salmon ; 2087 spawners 
1 3 3896 0.5 7500 7500
4 9 2203 0.5 7500 7500
10 12 750 0.5 7500 7500
13 15 315 0.5 7500 7500
16 21 570 0.5 7500 7500
22 24 330 0.5 7500 7500
25 30 869 0.5 7500 7500
31 36 644 0.5 7500 7500
37 42 345 0.5 7500 7500
43 45 404 0.5 7500 7500
46 54 132 0.5 7500 7500
55 57 1169 0.5 7500 7500
58 63 794 0.5 7500 7500
64 69 959 0.5 7500 7500
70 75 420 0.5 7500 7500
76 84 465 0.5 7500 7500
85 93 539 0.5 7500 7500
94 102 315 0.5 7500 7500
103 111 12 0.5 7500 7500
112 120 15 0.5 7500 7500
4057     
Chinook Salmon ; 2088 spawners 
1 3 3896 0.5 7500 7500
4 9 2203 0.5 7500 7500
10 12 750 0.5 7500 7500
13 15 315 0.5 7500 7500
16 21 570 0.5 7500 7500
22 24 330 0.5 7500 7500
25 30 869 0.5 7500 7500
31 36 644 0.5 7500 7500
37 42 345 0.5 7500 7500
43 45 404 0.5 7500 7500
46 54 132 0.5 7500 7500
55 57 1169 0.5 7500 7500
58 63 794 0.5 7500 7500
64 69 959 0.5 7500 7500
70 75 420 0.5 7500 7500
76 84 465 0.5 7500 7500
85 93 539 0.5 7500 7500
94 102 315 0.5 7500 7500
103 111 12 0.5 7500 7500
112 120 15 0.5 7500 7500
4109     
Chinook Salmon ; 2089 spawners 
1 3 3896 0.5 7500 7500
4 9 2203 0.5 7500 7500
10 12 750 0.5 7500 7500
13 15 315 0.5 7500 7500
16 21 570 0.5 7500 7500
22 24 330 0.5 7500 7500
25 30 869 0.5 7500 7500
31 36 644 0.5 7500 7500
37 42 345 0.5 7500 7500
43 45 404 0.5 7500 7500
46 54 132 0.5 7500 7500
55 57 1169 0.5 7500 7500
58 63 794 0.5 7500 7500
64 69 959 0.5 7500 7500
70 75 420 0.5 7500 7500
76 84 465 0.5 7500 7500
85 93 539 0.5 7500 7500
94 102 315 0.5 7500 7500
103 111 12 0.5 7500 7500
112 120 15 0.5 7500 7500
4161     
Chinook Salmon ; 2090 spawners 
1 3 3896 0.5 7500 7500
4 9 2203 0.5 7500 7500
10 12 750 0.5 7500 7500
13 15 315 0.5 7500 7500
16 21 570 0.5 7500 7500
22 24 330 0.5 7500 7500
25 30 869 0.5 7500 7500
31 36 644 0.5 7500 7500
37 42 345 0.5 7500 7500
43 45 404 0.5 7500 7500
46 54 132 0.5 7500 7500
55 57 1169 0.5 7500 7500
58 63 794 0.5 7500 7500
64 69 959 0.5 7500 7500
70 75 420 0.5 7500 7500
76 84 465 0.5 7500 7500
85 93 539 0.5 7500 7500
94 102 315 0.5 7500 7500
103 111 12 0.5 7500 7500
112 120 15 0.5 7500 7500
4213     
Chinook Salmon ; 2091 spawners 
1 3 3896 0.5 7500 7500
4 9 2203 0.5 7500 7500
10 12 750 0.5 7500 7500
13 15 315 0.5 7500 7500
16 21 570 0.5 7500 7500
22 24 330 0.5 7500 7500
25 30 869 0.5 7500 7500
31 36 644 0.5 7500 7500
37 42 345 0.5 7500 7500
43 45 404 0.5 7500 7500
46 54 132 0.5 7500 7500
55 57 1169 0.5 7500 7500
58 63 794 0.5 7500 7500
64 69 959 0.5 7500 7500
70 75 420 0.5 7500 7500
76 84 465 0.5 7500 7500
85 93 539 0.5 7500 7500
94 102 315 0.5 7500 7500
103 111 12 0.5 7500 7500
112 120 15 0.5 7500 7500
4265     
Chinook Salmon ; 2092 spawners 
1 3 3896 0.5 7500 7500
4 9 2203 0.5 7500 7500
10 12 750 0.5 7500 7500
13 15 315 0.5 7500 7500
16 21 570 0.5 7500 7500
22 24 330 0.5 7500 7500
25 30 869 0.5 7500 7500
31 36 644 0.5 7500 7500
37 42 345 0.5 7500 7500
43 45 404 0.5 7500 7500
46 54 132 0.5 7500 7500
55 57 1169 0.5 7500 7500
58 63 794 0.5 7500 7500
64 69 959 0.5 7500 7500
70 75 420 0.5 7500 7500
76 84 465 0.5 7500 7500
85 93 539 0.5 7500 7500
94 102 315 0.5 7500 7500
103 111 12 0.5 7500 7500
112 120 15 0.5 7500 7500
4317     
Chinook Salmon ; 2093 spawners 
1 3 3896 0.5 7500 7500
4 9 2203 0.5 7500 7500
10 12 750 0.5 7500 7500
13 15 315 0.5 7500 7500
16 21 570 0.5 7500 7500
22 24 330 0.5 7500 7500
25 30 869 0.5 7500 7500
31 36 644 0.5 7500 7500
37 42 345 0.5 7500 7500
43 45 404 0.5 7500 7500
46 54 132 0.5 7500 7500
55 57 1169 0.5 7500 7500
58 63 794 0.5 7500 7500
64 69 959 0.5 7500 7500
70 75 420 0.5 7500 7500
76 84 465 0.5 7500 7500
85 93 539 0.5 7500 7500
94 102 315 0.5 7500 7500
103 111 12 0.5 7500 7500
112 120 15 0.5 7500 7500
4369     
Chinook Salmon ; 2094 spawners 
1 3 3896 0.5 7500 7500
4 9 2203 0.5 7500 7500
10 12 750 0.5 7500 7500
13 15 315 0.5 7500 7500
16 21 570 0.5 7500 7500
22 24 330 0.5 7500 7500
25 30 869 0.5 7500 7500
31 36 644 0.5 7500 7500
37 42 345 0.5 7500 7500
43 45 404 0.5 7500 7500
46 54 132 0.5 7500 7500
55 57 1169 0.5 7500 7500
58 63 794 0.5 7500 7500
64 69 959 0.5 7500 7500
70 75 420 0.5 7500 7500
76 84 465 0.5 7500 7500
85 93 539 0.5 7500 7500
94 102 315 0.5 7500 7500
103 111 12 0.5 7500 7500
112 120 15 0.5 7500 7500
4421     
Chinook Salmon ; 2095 spawners 
1 3 3896 0.5 7500 7500
4 9 2203 0.5 7500 7500
10 12 750 0.5 7500 7500
13 15 315 0.5 7500 7500
16 21 570 0.5 7500 7500
22 24 330 0.5 7500 7500
25 30 869 0.5 7500 7500
31 36 644 0.5 7500 7500
37 42 345 0.5 7500 7500
43 45 404 0.5 7500 7500
46 54 132 0.5 7500 7500
55 57 1169 0.5 7500 7500
58 63 794 0.5 7500 7500
64 69 959 0.5 7500 7500
70 75 420 0.5 7500 7500
76 84 465 0.5 7500 7500
85 93 539 0.5 7500 7500
94 102 315 0.5 7500 7500
103 111 12 0.5 7500 7500
112 120 15 0.5 7500 7500
4473     
Chinook Salmon ; 2096 spawners 
1 3 3896 0.5 7500 7500
4 9 2203 0.5 7500 7500
10 12 750 0.5 7500 7500
13 15 315 0.5 7500 7500
16 21 570 0.5 7500 7500
22 24 330 0.5 7500 7500
25 30 869 0.5 7500 7500
31 36 644 0.5 7500 7500
37 42 345 0.5 7500 7500
43 45 404 0.5 7500 7500
46 54 132 0.5 7500 7500
55 57 1169 0.5 7500 7500
58 63 794 0.5 7500 7500
64 69 959 0.5 7500 7500
70 75 420 0.5 7500 7500
76 84 465 0.5 7500 7500
85 93 539 0.5 7500 7500
94 102 315 0.5 7500 7500
103 111 12 0.5 7500 7500
112 120 15 0.5 7500 7500
4525     
Chinook Salmon ; 2097 spawners 
1 3 3896 0.5 7500 7500
4 9 2203 0.5 7500 7500
10 12 750 0.5 7500 7500
13 15 315 0.5 7500 7500
16 21 570 0.5 7500 7500
22 24 330 0.5 7500 7500
25 30 869 0.5 7500 7500
31 36 644 0.5 7500 7500
37 42 345 0.5 7500 7500
43 45 404 0.5 7500 7500
46 54 132 0.5 7500 7500
55 57 1169 0.5 7500 7500
58 63 794 0.5 7500 7500
64 69 959 0.5 7500 7500
70 75 420 0.5 7500 7500
76 84 465 0.5 7500 7500
85 93 539 0.5 7500 7500
94 102 315 0.5 7500 7500
103 111 12 0.5 7500 7500
112 120 15 0.5 7500 7500
4577     
Chinook Salmon ; 2098 spawners 
1 3 3896 0.5 7500 7500
4 9 2203 0.5 7500 7500
10 12 750 0.5 7500 7500
13 15 315 0.5 7500 7500
16 21 570 0.5 7500 7500
22 24 330 0.5 7500 7500
25 30 869 0.5 7500 7500
31 36 644 0.5 7500 7500
37 42 345 0.5 7500 7500
43 45 404 0.5 7500 7500
46 54 132 0.5 7500 7500
55 57 1169 0.5 7500 7500
58 63 794 0.5 7500 7500
64 69 959 0.5 7500 7500
70 75 420 0.5 7500 7500
76 84 465 0.5 7500 7500
85 93 539 0.5 7500 7500
94 102 315 0.5 7500 7500
103 111 12 0.5 7500 7500
112 120 15 0.5 7500 7500
4629     
Chinook Salmon ; 2099 spawners 
1 3 3896 0.5 7500 7500
4 9 2203 0.5 7500 7500
10 12 750 0.5 7500 7500
13 15 315 0.5 7500 7500
16 21 570 0.5 7500 7500
22 24 330 0.5 7500 7500
25 30 869 0.5 7500 7500
31 36 644 0.5 7500 7500
37 42 345 0.5 7500 7500
43 45 404 0.5 7500 7500
46 54 132 0.5 7500 7500
55 57 1169 0.5 7500 7500
58 63 794 0.5 7500 7500
64 69 959 0.5 7500 7500
70 75 420 0.5 7500 7500
76 84 465 0.5 7500 7500
85 93 539 0.5 7500 7500
94 102 315 0.5 7500 7500
103 111 12 0.5 7500 7500
112 120 15 0.5 7500 7500
4681     
Chinook Salmon ; 2100 spawners 
1 3 3896 0.5 7500 7500
4 9 2203 0.5 7500 7500
10 12 750 0.5 7500 7500
13 15 315 0.5 7500 7500
16 21 570 0.5 7500 7500
22 24 330 0.5 7500 7500
25 30 869 0.5 7500 7500
31 36 644 0.5 7500 7500
37 42 345 0.5 7500 7500
43 45 404 0.5 7500 7500
46 54 132 0.5 7500 7500
55 57 1169 0.5 7500 7500
58 63 794 0.5 7500 7500
64 69 959 0.5 7500 7500
70 75 420 0.5 7500 7500
76 84 465 0.5 7500 7500
85 93 539 0.5 7500 7500
94 102 315 0.5 7500 7500
103 111 12 0.5 7500 7500
112 120 15 0.5 7500 7500
