P                      ; Habitat Type Pool,  Data are for Approach 1, Pool, Run, Riffle
  Chinook Salmon       ; species
    Fry                ; Life stage
0 0.000                ;Flow in cfs, WUA in (feet)2 / foot, square feet per foot of stream    
20 17.758    
30 17.355    
40 16.498    
50 15.558    
60 14.708    
70 13.841    
80 13.142    
85 12.828    
90 12.514    
100 11.891    
110 11.377    
130 10.500    
150 10.023    
170 9.594    
190 9.245    
210 8.989    
230 8.670    
250 8.367    
270 8.097    
290 7.799    
310 7.486    
330 7.217    
350 6.970    
370 6.696    
390 6.517    
410 6.359    
430 6.219    
450 6.084
5200 0.000   ; added this value to correspond with high flows in flows.dat for Reach A, 5196.17   
    0+Parr 
0 0.000
20 12.163
30 14.810
40 17.070
50 18.651
60 19.842
70 20.653
80 21.150
85 21.366
90 21.583
100 21.933
110 22.202
130 22.404
150 22.106
170 21.579
190 21.036
210 20.535
230 20.058
250 19.615
270 19.240
290 18.825
310 18.455
330 18.103
350 17.675
370 17.264
390 16.830
410 16.355
430 15.913
450 15.479
5200 0.000
    Adult Females 
0 0.000
40 21                ; Added as there is little reason to expect 40 cfs to be much different than 60 cfs in a butte Creek pool
60 23.461
65 24.119
70 24.778
75 25.284
80 25.790
85 26.050
90 26.311
95 26.652
100 26.993
110 27.137
120 27.243
130 27.243
150 27.243
160 27.243
170 27.243
180 27.243
190 27.243
200 27.243
210 27.243
230 27.243
250 27.243
270 27.243
290 27.243
310 27.243
350 27.243
390 27.243
430 27.243
790 27.243
5200 0.000
    Spawning Females 
0 0.000
20 1.216
30 1.601
40 2.050
50 2.327
60 2.593
70 2.803
80 3.011
85 3.089
90 3.166
100 3.305
110 3.415
130 3.570
150 3.679
170 3.707
190 3.688
210 3.671
230 3.637
250 3.580
270 3.552
290 3.504
310 3.472
330 3.456
350 3.419
370 3.390
390 3.341
410 3.288
430 3.212
450 3.157
5200 0.000
Eggs/Embryos = Spawning Females    ;Eggs are where female dug redd
1+Parr = 0+Parr                    ;Assume 1+Parr prefer same habitat as 0+Parr, since we have no data for 1+Parr
Adult Males = Adult Females
Spawning Males = Spawning Females
RU                ; Habitat type Run
  Chinook Salmon 
    Fry 
0 0.000
60 16.12841211
65 15.60902354
70 15.08963496
75 14.63246677
80 14.17529857
85 13.81378693
90 13.45227529
95 13.05536989
100 12.65846449
110 11.95817757
130 10.73554605
150 9.923906801
170 9.165895949
190 8.578746941
210 8.183359875
230 7.772181171
250 7.420590969
270 7.14767542
290 6.860835548
310 6.568283053
350 6.041712169
390 5.596812636
430 5.245243251
5200 0
  0+Parr 
0 0.000
60 21.65122817
65 22.18357894
70 22.7159297
75 23.09286941
80 23.46980913
85 23.70835161
90 23.94689409
95 24.20492726
100 24.46296044
110 24.66967869
130 24.80979794
150 24.48591368
170 23.92851079
190 23.26891561
210 22.63016339
230 21.92031637
250 21.21926227
270 20.62701271
290 19.94420772
310 19.31499718
350 18.10165486
390 16.89081977
430 15.66632611
5200 0
  Adult Females 
0 0.000
20 1.216
30 1.601
40 2.050
50 2.327
60 2.593
70 2.803
80 3.011
85 3.089
90 3.166
100 3.305
110 3.415
130 3.570
150 3.679
170 3.707
190 3.688
210 3.671
230 3.637
250 3.580
270 3.552
290 3.504
310 3.472
330 3.456
350 3.419
370 3.390
390 3.341
410 3.288
430 3.212
450 3.157
5200 0.000
  Spawning Females 
0 0
60 3.699447851
65 3.875598507
70 4.051749163
75 4.225545437
80 4.39934171
85 4.519539521
90 4.639737332
95 4.76646903
100 4.893200729
110 5.123569437
130 5.467142775
150 5.665539104
170 5.788575754
190 5.82361189
210 5.837783134
230 5.80206671
250 5.732077087
270 5.663387421
290 5.578760333
310 5.462948433
350 5.252536697
390 4.955460889
430 4.638978687
5200 0
Eggs/Embryos = Spawning Females
1+Parr = 0+Parr
Adult Males = Adult Females
Spawning Males = Spawning Females
RF                   ; Habitat type riffle
  Chinook Salmon 
    Fry 
0 0.000
60 17.549
70 16.339
80 15.208
90 14.391
100 13.426
110 12.539
120 11.724
130 10.971
150 9.825
170 8.737
190 7.912
210 7.378
230 6.874
250 6.474
270 6.198
290 5.923
310 5.651
350 5.114
390 4.677
430 4.272
470 3.947
510 3.688
550 3.481
590 3.351
670 3.213
710 3.177
750 3.122
790 3.023
5200 0.000
  0+Parr 
0 0.000
60 23.461
70 24.778
80 25.790
90 26.311
100 26.993
110 27.137
120 27.243
130 27.216
150 26.866
170 26.278
190 25.502
210 24.725
230 23.783
250 22.824
270 22.014
290 21.063
310 20.175
350 18.528
390 16.952
430 15.420
470 14.110
510 12.870
550 11.615
590 10.555
670 8.646
710 7.942
750 7.338
790 6.639
5200 0.000
  Adult Females 
0 0.000
20 1.216   
30 1.601   
40 2.050   
50 2.327   
60 2.593   
70 2.803   
80 3.011   
85 3.089   
90 3.166   
100 3.305   
110 3.415   
130 3.570   
150 3.679   
170 3.707   
190 3.688   
210 3.671   
230 3.637
250 3.580
270 3.552
290 3.504
310 3.472
330 3.456
350 3.419
370 3.390
390 3.341
410 3.288
430 3.212
450 3.157
5200 0.000
  Spawning Females 
0 0.000
60 4.806
70 5.301
80 5.788
90 6.113
100 6.482
110 6.832
120 7.129
130 7.364
150 7.652
170 7.870
190 7.959
210 8.004
230 7.968
250 7.885
270 7.775
290 7.653
310 7.454
350 7.086
390 6.570
430 6.066
470 5.582
510 5.047
550 4.583
590 4.179
670 3.294
710 2.904
750 2.567
790 2.273
5200 0.000
Eggs/Embryos = Spawning Females
1+Parr = 0+Parr
Adult Males = Adult Females
Spawning Males = Spawning Females
