"Year","AFem","AFemDeath","AMal","AMalDeath","Eggs","EggsDeath","FryGrad","FryExit","FryDeath","FryInStr","allMortAF","baseMortAF","tempMortAF","allMortAM","baseMortAM","tempMortAM","InVivo"
2010,7568,7568,7578,6303,38980404,31707886,7272518,3707971,1331448,2233099,514,189,325,557,230,327,0
2011,7568,7568,7578,6322,32724972,27981920,4743052,2107561,806341,1829150,1646,194,1452,1685,230,1455,0
2012,7568,7568,7578,6296,21098268,18615513,2482755,396256,565638,1520861,3750,156,3594,3802,201,3601,0
2013,7568,7568,7578,6323,29475684,25983284,3492400,1237457,732316,1522627,2234,198,2036,2276,235,2041,0
2014,7568,7568,7578,6431,11881722,10662628,1219094,200679,318558,699857,5043,134,4909,5089,175,4914,2073488
2015,7568,7568,7578,6705,8687831,7968538,719293,25342,132335,561616,5855,112,5743,5871,119,5752,781623
2016,7568,7568,7578,6322,38930670,32975036,5955634,2808412,1227706,1919516,523,198,325,562,235,327,0
2017,7568,7568,7578,6478,7653998,7039877,614121,117314,158645,338162,5329,100,5229,5370,138,5232,4741376
2018,7568,7568,7578,6322,34073316,28012377,6060939,2775014,1088853,2197072,1402,200,1202,1441,235,1206,0
2019,7568,7568,7578,6313,37245240,30059634,7185606,3524432,1230691,2430483,828,188,640,868,226,642,0
2020,7568,7568,7578,6322,26845308,24283380,2561928,558947,542600,1460381,2710,183,2527,2752,219,2533,0
2021,7568,7568,7578,6348,18434736,16696078,1738658,442255,362331,934072,4232,169,4063,4279,208,4071,0
2022,7568,7568,7578,6337,17213490,15147063,2066427,541207,441550,1083670,4453,164,4289,4502,203,4299,0
2023,7568,7568,7578,6318,23850216,20459949,3390267,1548684,729467,1112116,3252,178,3074,3297,216,3081,0
2024,7568,7568,7578,6324,25740108,21625677,4114431,1643163,890185,1581083,2910,173,2737,2952,209,2743,0
2025,7568,7568,7578,6322,38278602,31183081,7095521,3564209,1273044,2258268,641,193,448,677,229,448,0
2026,7568,7568,7578,6323,20891611,17438333,3453278,1343292,698440,1411546,2302,189,2113,2343,225,2118,8230263
2027,7568,7568,7578,6322,36107964,31691127,4416837,1350452,813918,2252467,980,193,787,1019,229,790,297374
2028,7568,7568,7578,7503,674172,445239,228933,11699,53628,163606,7446,45,7401,7455,50,7405,0
2029,7568,7568,7578,6464,13468203,12109158,1359045,223816,304860,830369,5121,119,5002,5168,159,5009,53919
2030,7568,7568,7578,6319,29884608,24671641,5212967,2198075,888117,2126775,2160,188,1972,2200,226,1974,0
2031,7568,7568,7578,6267,31177692,26487225,4690467,2027423,941653,1721391,1926,187,1739,1975,231,1744,0
2032,7568,7568,7578,6314,37184454,30726041,6458413,3745755,1132958,1579700,839,194,645,878,231,647,0
2033,7568,7568,7578,6320,35510076,28245357,7264719,3704125,1322352,2238242,1142,182,960,1180,218,962,0
2034,7568,7568,7578,6322,30392252,23899324,6492928,3450002,1341416,1701510,1002,196,806,1041,231,810,5905638
2035,7568,7568,7578,7440,971900,672801,299099,57161,73723,168215,7342,103,7239,7353,108,7245,276976
2036,7568,7568,7578,7546,281826,173423,108403,12673,30301,65429,7517,49,7468,7527,54,7473,0
2037,7568,7568,7578,6366,17886927,15518088,2368839,1054303,550187,764349,4016,165,3851,4065,209,3856,1745590
2038,7568,7568,7578,6322,37301454,30842089,6459365,3703520,1141865,1613980,207,192,15,241,227,14,3379602
2039,7568,7568,7578,6340,18523152,16603180,1919972,268388,395919,1255665,4216,156,4060,4264,193,4071,0
2040,7568,7568,7578,7577,3648,2146,1502,158,159,1185,7566,30,7536,7577,34,7543,7404
2041,7568,7568,7578,6594,10941480,9849392,1092088,124707,224912,742469,5588,108,5480,5608,124,5484,0
2042,7568,7568,7578,6319,36702124,28065468,8636656,5204969,1663125,1768562,760,189,571,800,226,574,921527
2043,7568,7568,7578,6523,13294957,11700562,1594395,356200,408981,829214,4969,132,4837,4989,146,4843,1070989
2044,7568,7568,7578,6314,18904446,16834100,2070346,425898,549892,1094556,4147,165,3982,4192,199,3993,0
2045,7568,7568,7578,7578,0,0,0,0,0,0,7568,29,7539,7578,31,7547,0
2046,7568,7568,7578,7578,0,0,0,0,0,0,7568,37,7531,7578,40,7538,0
2047,7568,7568,7578,6322,37726002,31324581,6401421,3605471,1216256,1579694,741,191,550,778,227,551,0
2048,7568,7568,7578,6319,26707158,22007738,4699420,2139610,947114,1612696,2735,184,2551,2775,219,2556,0
2049,7568,7568,7578,7179,4514742,3701034,813708,231661,205563,376484,6751,85,6666,6786,112,6674,0
2050,7568,7568,7578,6332,16347680,13830432,2517248,1040817,515371,961060,3807,160,3647,3854,197,3657,4452614
2051,7568,7568,7578,6473,10358996,9214388,1144608,378610,259912,506086,5369,112,5257,5404,139,5265,1801247
2052,7568,7568,7578,6283,27635226,23883165,3752061,1368042,770147,1613872,2567,182,2385,2615,227,2388,300
2053,7568,7568,7578,6324,17606858,14856087,2750771,969208,618741,1162822,3312,180,3132,3353,216,3137,5932272
2054,7568,7568,7578,7578,0,0,0,0,0,0,7568,26,7542,7578,30,7548,0
2055,7568,7568,7578,6325,20855124,18179193,2675931,928062,535459,1212410,3794,174,3620,3836,209,3627,0
2056,7568,7568,7578,6285,25163955,20907777,4256178,2060135,978032,1218011,1151,186,965,1201,232,969,10323265
2057,7568,7568,7578,7573,24642,14838,9804,1245,2193,6366,7559,89,7470,7570,86,7484,25092
2058,7568,7568,7578,7571,55260,31058,24202,3643,6593,13966,7558,14,7544,7567,17,7550,0
2059,7568,7568,7578,6606,11330533,10617083,713450,59410,178622,475418,5515,146,5369,5544,167,5377,14345
2060,7568,7568,7578,7542,259465,143827,115638,24367,36225,55046,7507,52,7455,7515,57,7458,77621
2061,7568,7568,7578,7336,2112376,1842069,270307,18275,62012,190020,7151,63,7088,7150,51,7099,192393
2062,7568,7568,7578,6336,26055090,22080978,3974112,1696881,916306,1360925,2853,185,2668,2894,223,2671,0
2063,7568,7568,7578,7578,0,0,0,0,0,0,7568,26,7542,7578,32,7546,0
2064,7568,7568,7578,6323,32085705,27750497,4335208,2260253,881597,1193358,1759,194,1565,1797,229,1568,14829
2065,7568,7568,7578,7555,152985,77374,75611,26939,19360,29312,7533,51,7482,7542,59,7483,40425
2066,7568,7568,7578,6602,11534957,9996256,1538701,518088,497366,523247,5405,140,5265,5432,162,5270,419291
2067,7568,7568,7578,7578,0,0,0,0,0,0,7568,37,7531,7578,40,7538,0
2068,7568,7568,7578,7578,0,0,0,0,0,0,7568,30,7538,7578,33,7545,0
2069,7568,7568,7578,7578,0,0,0,0,0,0,7568,12,7556,7578,15,7563,0
2070,7568,7568,7578,7576,4320,2764,1556,392,116,1048,7566,45,7521,7575,48,7527,6732
2071,7568,7568,7578,6451,13732110,12348124,1383986,406580,385734,591672,5083,150,4933,5129,187,4942,0
2072,7568,7568,7578,6422,11765948,10582757,1183191,424299,404655,354237,5082,123,4959,5136,172,4964,1978602
2073,7568,7568,7578,6510,8279460,7320386,959074,299647,272916,386511,5244,127,5117,5270,146,5124,4583963
2074,7568,7568,7578,6346,13540368,11959466,1580902,337538,493180,750184,4389,153,4236,4436,195,4241,4042589
2075,7568,7568,7578,7578,0,0,0,0,0,0,7568,42,7526,7578,47,7531,0
2076,7568,7568,7578,7578,0,0,0,0,0,0,7568,30,7538,7578,33,7545,0
2077,7568,7568,7578,7578,0,0,0,0,0,0,7568,14,7554,7578,15,7563,0
2078,7568,7568,7578,6346,5962416,5435418,526998,115126,160105,251767,4195,181,4014,4239,219,4020,12727922
2079,7568,7568,7578,7578,0,0,0,0,0,0,7568,18,7550,7578,23,7555,0
2080,7568,7568,7578,7344,665286,530970,134316,40740,35255,58321,7205,78,7127,7208,74,7134,1344319
2081,7568,7568,7578,6345,12275238,10920454,1354784,413769,374384,566631,4708,149,4559,4753,187,4566,3544364
2082,7568,7568,7578,7424,833408,594718,238690,52580,72447,113663,7309,105,7204,7318,109,7209,597826
2083,7568,7568,7578,7338,1604321,1267920,336401,77587,89727,169087,7168,44,7124,7166,35,7131,606079
2084,7568,7568,7578,6465,1375899,1310110,65789,20705,12215,32869,5147,139,5008,5181,170,5011,12055671
2085,7568,7568,7578,6492,607359,576443,30916,12407,6004,12505,5557,117,5440,5589,148,5441,10557047
2086,7568,7568,7578,6350,4261007,3968031,292976,105546,97527,89903,4714,165,4549,4762,205,4557,11562295
2087,7568,7568,7578,7210,2953721,2589433,364288,40804,121616,201868,6925,75,6850,6941,84,6857,603213
2088,7568,7568,7578,7578,0,0,0,0,0,0,7568,37,7531,7578,41,7537,0
2089,7568,7568,7578,7578,0,0,0,0,0,0,7568,50,7518,7578,55,7523,0
2090,7568,7568,7578,7404,400236,302854,97382,28831,31554,36997,7288,63,7225,7296,63,7233,1147044
2091,7568,7568,7578,7574,0,0,0,0,0,0,7560,44,7516,7571,48,7523,44208
2092,7568,7568,7578,7578,0,0,0,0,0,0,7568,35,7533,7578,37,7541,0
2093,7568,7568,7578,7578,0,0,0,0,0,0,7568,30,7538,7578,36,7542,0
2094,7568,7568,7578,7578,0,0,0,0,0,0,7568,19,7549,7578,22,7556,0
2095,7568,7568,7578,7576,0,0,0,0,0,0,7566,48,7518,7575,52,7523,11052
2096,7568,7568,7578,7578,0,0,0,0,0,0,7568,41,7527,7578,46,7532,0
2097,7568,7568,7578,7578,0,0,0,0,0,0,7568,36,7532,7578,38,7540,0
2098,7568,7568,7578,7578,0,0,0,0,0,0,7568,31,7537,7578,36,7542,0
2099,7568,7534,7578,7543,1758,304,0,0,0,0,7532,81,7451,7542,88,7454,167292
