"Year","AFem","AFemDeath","AMal","AMalDeath","Eggs","EggsDeath","FryGrad","FryExit","FryDeath","FryInStr","allMortAF","baseMortAF","tempMortAF","allMortAM","baseMortAM","tempMortAM","InVivo","Year","allMortEgg","baseMortEgg","tempMortEgg","denMortEgg","incMortEgg","superMortEgg","lostMortEgg","catMortEgg","allMortFry","baseMortFry","tempMortFry","denMortFry","habMortFry","freshMortFry","seasMortFry","catMortFry","allMortSF","allMortSM"
2010,7568,7568,7578,6303,38980404,31707886,7272518,3707971,1331448,2233099,514,189,325,557,230,327,0,2010,31707886,9994594,6240880,0,534330,7295624,7642458,0,1331448,722920,174175,0,0,0,434353,0,7054,5746
2011,7568,7568,7578,6322,32724972,27981920,4743052,2107561,806341,1829150,1646,194,1452,1685,230,1455,0,2011,27981920,6937106,3798980,0,2400257,7158911,7686666,0,806341,500641,5810,0,0,0,299890,0,5922,4637
2012,7568,7568,7578,6296,21098268,18615513,2482755,396256,565638,1520861,3750,156,3594,3802,201,3601,0,2012,18615513,3910681,1511312,0,203695,5557355,7432470,0,565638,252490,160916,0,0,0,152232,0,3818,2494
2013,7568,7568,7578,6323,29475684,25983284,3492400,1237457,732316,1522627,2234,198,2036,2276,235,2041,0,2013,25983284,5652824,4957197,0,1205383,6646994,7520886,0,732316,349778,171831,0,0,0,210707,0,5334,4047
2014,7568,7568,7578,6431,11881722,10662628,1219094,200679,318558,699857,5043,134,4909,5089,175,4914,2073488,2014,10662628,1488283,852013,0,1086,2811568,5509678,0,318558,152322,74896,0,0,0,91340,0,2525,1342
2015,7568,7568,7578,6705,8687831,7968538,719293,25342,132335,561616,5855,112,5743,5871,119,5752,781623,2015,7968538,1250421,602714,0,35364,2184403,3895636,0,132335,72465,16830,0,0,0,43040,0,1713,834
2016,7568,7568,7578,6322,38930670,32975036,5955634,2808412,1227706,1919516,523,198,325,562,235,327,0,2016,32975036,9129842,2920970,0,4255222,8849712,7819290,0,1227706,568967,315467,0,0,0,343272,0,7045,5760
2017,7568,7568,7578,6478,7653998,7039877,614121,117314,158645,338162,5329,100,5229,5370,138,5232,4741376,2017,7039877,791398,445297,0,226701,1763881,3812600,0,158645,79091,32464,0,0,0,47090,0,2239,1108
2018,7568,7568,7578,6322,34073316,28012377,6060939,2775014,1088853,2197072,1402,200,1202,1441,235,1206,0,2018,28012377,8767022,3228675,0,1325211,7142953,7548516,0,1088853,633743,74793,0,0,0,380317,0,6166,4881
2019,7568,7568,7578,6313,37245240,30059634,7185606,3524432,1230691,2430483,828,188,640,868,226,642,0,2019,30059634,9652464,3511256,0,1811409,7513885,7570620,0,1230691,750322,30583,0,0,0,449786,0,6740,5445
2020,7568,7568,7578,6322,26845308,24283380,2561928,558947,542600,1460381,2710,183,2527,2752,219,2533,0,2020,24283380,5764189,4004777,0,1065275,6000091,7449048,0,542600,228206,176543,0,0,0,137851,0,4858,3570
2021,7568,7568,7578,6348,18434736,16696078,1738658,442255,362331,934072,4232,169,4063,4279,208,4071,0,2021,16696078,2550398,991830,0,1211742,4808042,7134066,0,362331,213939,20583,0,0,0,127809,0,3336,2069
2022,7568,7568,7578,6337,17213490,15147063,2066427,541207,441550,1083670,4453,164,4289,4502,203,4299,0,2022,15147063,2432225,1163545,0,137785,4224182,7189326,0,441550,270623,9101,0,0,0,161826,0,3115,1835
2023,7568,7568,7578,6318,23850216,20459949,3390267,1548684,729467,1112116,3252,178,3074,3297,216,3081,0,2023,20459949,4069016,1708702,0,2015219,5322958,7344054,0,729467,413255,68369,0,0,0,247843,0,4316,3021
2024,7568,7568,7578,6324,25740108,21625677,4114431,1643163,890185,1581083,2910,173,2737,2952,209,2743,0,2024,21625677,5297649,2846217,0,374948,5702023,7404840,0,890185,460644,152500,0,0,0,277041,0,4658,3372
2025,7568,7568,7578,6322,38278602,31183081,7095521,3564209,1273044,2258268,641,193,448,677,229,448,0,2025,31183081,10111745,3599580,0,2385924,7454426,7631406,0,1273044,730006,104977,0,0,0,438061,0,6927,5645
2026,7568,7568,7578,6323,20891611,17438333,3453278,1343292,698440,1411546,2302,189,2113,2343,225,2118,8230263,2026,17438333,4584958,1737074,0,311682,4998084,5806535,0,698440,364075,115590,0,0,0,218775,0,5266,3980
2027,7568,7568,7578,6322,36107964,31691127,4416837,1350452,813918,2252467,980,193,787,1019,229,790,297374,2027,31691127,9048817,6791112,0,730885,7390589,7729724,0,813918,363086,231692,0,0,0,219140,0,6588,5303
2028,7568,7568,7578,7503,674172,445239,228933,11699,53628,163606,7446,45,7401,7455,50,7405,0,2028,445239,283903,111237,0,44916,5183,0,0,53628,27093,10533,0,0,0,16002,0,122,48
2029,7568,7568,7578,6464,13468203,12109158,1359045,223816,304860,830369,5121,119,5002,5168,159,5009,53919,2029,12109158,1744463,737331,0,224569,3197097,6205698,0,304860,168154,36034,0,0,0,100672,0,2447,1296
2030,7568,7568,7578,6319,29884608,24671641,5212967,2198075,888117,2126775,2160,188,1972,2200,226,1974,0,2030,24671641,7051872,3489968,0,292960,6371215,7465626,0,888117,542404,20713,0,0,0,325000,0,5408,4119
2031,7568,7568,7578,6267,31177692,26487225,4690467,2027423,941653,1721391,1926,187,1739,1975,231,1744,0,2031,26487225,6374580,5310722,0,832656,6470485,7498782,0,941653,495201,148842,0,0,0,297610,0,5642,4292
2032,7568,7568,7578,6314,37184454,30726041,6458413,3745755,1132958,1579700,839,194,645,878,231,647,0,2032,30726041,8795747,4539920,0,2523493,7307313,7559568,0,1132958,708552,0,0,0,0,424406,0,6729,5436
2033,7568,7568,7578,6320,35510076,28245357,7264719,3704125,1322352,2238242,1142,182,960,1180,218,962,0,2033,28245357,8865223,3696016,0,943145,7104041,7636932,0,1322352,766702,95472,0,0,0,460178,0,6426,5140
2034,7568,7568,7578,6322,30392252,23899324,6492928,3450002,1341416,1701510,1002,196,806,1041,231,810,5905638,2034,23899324,7635637,3552623,0,276852,5979972,6454240,0,1341416,668701,270102,0,0,0,402613,0,6566,5281
2035,7568,7568,7578,7440,971900,672801,299099,57161,73723,168215,7342,103,7239,7353,108,7245,276976,2035,672801,305899,167082,0,0,199820,0,0,73723,41446,7760,0,0,0,24517,0,226,87
2036,7568,7568,7578,7546,281826,173423,108403,12673,30301,65429,7517,49,7468,7527,54,7473,0,2036,173423,112116,61307,0,0,0,0,0,30301,14252,7592,0,0,0,8457,0,51,19
2037,7568,7568,7578,6366,17886927,15518088,2368839,1054303,550187,764349,4016,165,3851,4065,209,3856,1745590,2037,15518088,2555131,1167158,0,554996,4242946,6997857,0,550187,304355,63411,0,0,0,182421,0,3552,2301
2038,7568,7568,7578,6322,37301454,30842089,6459365,3703520,1141865,1613980,207,192,15,241,227,14,3379602,2038,30842089,8470163,4081506,0,3969174,7011819,7309427,0,1141865,691489,36133,0,0,0,414243,0,7361,6081
2039,7568,7568,7578,6340,18523152,16603180,1919972,268388,395919,1255665,4216,156,4060,4264,193,4071,0,2039,16603180,3062801,1692596,0,62408,4612627,7172748,0,395919,198093,78989,0,0,0,118837,0,3352,2076
2040,7568,7568,7578,7577,3648,2146,1502,158,159,1185,7566,30,7536,7577,34,7543,7404,2040,2146,1614,480,0,52,0,0,0,159,74,45,0,0,0,40,0,2,0
2041,7568,7568,7578,6594,10941480,9849392,1092088,124707,224912,742469,5588,108,5480,5608,124,5484,0,2041,9849392,1467373,797938,0,144866,2084521,5354694,0,224912,128735,19279,0,0,0,76898,0,1980,986
2042,7568,7568,7578,6319,36702124,28065468,8636656,5204969,1663125,1768562,760,189,571,800,226,574,921527,2042,28065468,9386106,4213224,0,190561,6996952,7278625,0,1663125,901716,219368,0,0,0,542041,0,6808,5519
2043,7568,7568,7578,6523,13294957,11700562,1594395,356200,408981,829214,4969,132,4837,4989,146,4843,1070989,2043,11700562,1931372,1092997,0,229717,3132778,5313698,0,408981,202006,85731,0,0,0,121244,0,2599,1534
2044,7568,7568,7578,6314,18904446,16834100,2070346,425898,549892,1094556,4147,165,3982,4192,199,3993,0,2044,16834100,2942596,1968693,0,49009,4684476,7189326,0,549892,236036,171469,0,0,0,142387,0,3421,2122
2045,7568,7568,7578,7578,0,0,0,0,0,0,7568,29,7539,7578,31,7547,0,2045,0,0,0,0,0,0,0,0,0,0,0,0,0,0,0,0,0,0
2046,7568,7568,7578,7578,0,0,0,0,0,0,7568,37,7531,7578,40,7538,0,2046,0,0,0,0,0,0,0,0,0,0,0,0,0,0,0,0,0,0
2047,7568,7568,7578,6322,37726002,31324581,6401421,3605471,1216256,1579694,741,191,550,778,227,551,0,2047,31324581,8139108,6098023,0,2799362,6805884,7482204,0,1216256,710325,79908,0,0,0,426023,0,6827,5544
2048,7568,7568,7578,6319,26707158,22007738,4699420,2139610,947114,1612696,2735,184,2551,2775,219,2556,0,2048,22007738,5375148,2582058,0,634969,5960989,7454574,0,947114,548117,70225,0,0,0,328772,0,4833,3544
2049,7568,7568,7578,7179,4514742,3701034,813708,231661,205563,376484,6751,85,6666,6786,112,6674,0,2049,3701034,840179,295325,0,30407,1700697,834426,0,205563,116757,19002,0,0,0,69804,0,817,393
2050,7568,7568,7578,6332,16347680,13830432,2517248,1040817,515371,961060,3807,160,3647,3854,197,3657,4452614,2050,13830432,2658476,1479836,0,28157,3752955,5911008,0,515371,314380,13023,0,0,0,187968,0,3761,2478
2051,7568,7568,7578,6473,10358996,9214388,1144608,378610,259912,506086,5369,112,5257,5404,139,5265,1801247,2051,9214388,1144363,869622,0,1538,2157551,5041314,0,259912,162230,975,0,0,0,96707,0,2199,1069
2052,7568,7568,7578,6283,27635226,23883165,3752061,1368042,770147,1613872,2567,182,2385,2615,227,2388,300,2052,23883165,6050643,2737486,0,1121559,6507851,7465626,0,770147,398990,131299,0,0,0,239858,0,5001,3668
2053,7568,7568,7578,6324,17606858,14856087,2750771,969208,618741,1162822,3312,180,3132,3353,216,3137,5932272,2053,14856087,3382504,1427557,0,226049,4097156,5722821,0,618741,311648,119883,0,0,0,187210,0,4256,2971
2054,7568,7568,7578,7578,0,0,0,0,0,0,7568,26,7542,7578,30,7548,0,2054,0,0,0,0,0,0,0,0,0,0,0,0,0,0,0,0,0,0
2055,7568,7568,7578,6325,20855124,18179193,2675931,928062,535459,1212410,3794,174,3620,3836,209,3627,0,2055,18179193,3396407,1455620,0,798786,5140118,7388262,0,535459,335083,0,0,0,0,200376,0,3774,2489
2056,7568,7568,7578,6285,25163955,20907777,4256178,2060135,978032,1218011,1151,186,965,1201,232,969,10323265,2056,20907777,5573654,3086560,0,1747871,4988647,5511045,0,978032,452813,252353,0,0,0,272866,0,6417,5084
2057,7568,7568,7578,7573,24642,14838,9804,1245,2193,6366,7559,89,7470,7570,86,7484,25092,2057,14838,10348,4490,0,0,0,0,0,2193,928,916,0,0,0,349,0,9,3
2058,7568,7568,7578,7571,55260,31058,24202,3643,6593,13966,7558,14,7544,7567,17,7550,0,2058,31058,22484,8574,0,0,0,0,0,6593,3227,1731,0,0,0,1635,0,10,4
2059,7568,7568,7578,6606,11330533,10617083,713450,59410,178622,475418,5515,146,5369,5544,167,5377,14345,2059,10617083,1384271,1134925,0,605151,2436446,5056290,0,178622,77264,55140,0,0,0,46218,0,2053,1062
2060,7568,7568,7578,7542,259465,143827,115638,24367,36225,55046,7507,52,7455,7515,57,7458,77621,2060,143827,104124,39703,0,0,0,0,0,36225,15879,10970,0,0,0,9376,0,61,27
2061,7568,7568,7578,7336,2112376,1842069,270307,18275,62012,190020,7151,63,7088,7150,51,7099,192393,2061,1842069,393270,291783,0,143432,845317,168267,0,62012,33474,8924,0,0,0,19614,0,417,186
2062,7568,7568,7578,6336,26055090,22080978,3974112,1696881,916306,1360925,2853,185,2668,2894,223,2671,0,2062,22080978,5023997,2706534,0,1085705,5998052,7266690,0,916306,440587,210365,0,0,0,265354,0,4715,3442
2063,7568,7568,7578,7578,0,0,0,0,0,0,7568,26,7542,7578,32,7546,0,2063,0,0,0,0,0,0,0,0,0,0,0,0,0,0,0,0,0,0
2064,7568,7568,7578,6323,32085705,27750497,4335208,2260253,881597,1193358,1759,194,1565,1797,229,1568,14829,2064,27750497,6677300,4260547,0,3023017,6351637,7437996,0,881597,483543,107740,0,0,0,290314,0,5809,4526
2065,7568,7568,7578,7555,152985,77374,75611,26939,19360,29312,7533,51,7482,7542,59,7483,40425,2065,77374,57629,19745,0,0,0,0,0,19360,11565,991,0,0,0,6804,0,35,13
2066,7568,7568,7578,6602,11534957,9996256,1538701,518088,497366,523247,5405,140,5265,5432,162,5270,419291,2066,9996256,1526761,1038491,0,36165,2482089,4912750,0,497366,214547,153523,0,0,0,129296,0,2163,1170
2067,7568,7568,7578,7578,0,0,0,0,0,0,7568,37,7531,7578,40,7538,0,2067,0,0,0,0,0,0,0,0,0,0,0,0,0,0,0,0,0,0
2068,7568,7568,7578,7578,0,0,0,0,0,0,7568,30,7538,7578,33,7545,0,2068,0,0,0,0,0,0,0,0,0,0,0,0,0,0,0,0,0,0
2069,7568,7568,7578,7578,0,0,0,0,0,0,7568,12,7556,7578,15,7563,0,2069,0,0,0,0,0,0,0,0,0,0,0,0,0,0,0,0,0,0
2070,7568,7568,7578,7576,4320,2764,1556,392,116,1048,7566,45,7521,7575,48,7527,6732,2070,2764,1476,926,0,362,0,0,0,116,76,0,0,0,0,40,0,2,1
2071,7568,7568,7578,6451,13732110,12348124,1383986,406580,385734,591672,5083,150,4933,5129,187,4942,0,2071,12348124,1597762,1163544,0,221583,3060069,6305166,0,385734,190349,81052,0,0,0,114333,0,2485,1322
2072,7568,7568,7578,6422,11765948,10582757,1183191,424299,404655,354237,5082,123,4959,5136,172,4964,1978602,2072,10582757,1170337,1215074,0,1322,2534233,5661791,0,404655,167284,136650,0,0,0,100721,0,2486,1286
2073,7568,7568,7578,6510,8279460,7320386,959074,299647,272916,386511,5244,127,5117,5270,146,5124,4583963,2073,7320386,1023116,675691,0,56626,1785188,3779765,0,272916,129635,65662,0,0,0,77619,0,2324,1240
2074,7568,7568,7578,6346,13540368,11959466,1580902,337538,493180,750184,4389,153,4236,4436,195,4241,4042589,2074,11959466,1953554,1201393,0,13328,3218391,5572800,0,493180,190229,188052,0,0,0,114899,0,3179,1910
2075,7568,7568,7578,7578,0,0,0,0,0,0,7568,42,7526,7578,47,7531,0,2075,0,0,0,0,0,0,0,0,0,0,0,0,0,0,0,0,0,0
2076,7568,7568,7578,7578,0,0,0,0,0,0,7568,30,7538,7578,33,7545,0,2076,0,0,0,0,0,0,0,0,0,0,0,0,0,0,0,0,0,0
2077,7568,7568,7578,7578,0,0,0,0,0,0,7568,14,7554,7578,15,7563,0,2077,0,0,0,0,0,0,0,0,0,0,0,0,0,0,0,0,0,0
2078,7568,7568,7578,6346,5962416,5435418,526998,115126,160105,251767,4195,181,4014,4239,219,4020,12727922,2078,5435418,740504,544147,0,151527,1537383,2461857,0,160105,62403,60338,0,0,0,37364,0,3373,2107
2079,7568,7568,7578,7578,0,0,0,0,0,0,7568,18,7550,7578,23,7555,0,2079,0,0,0,0,0,0,0,0,0,0,0,0,0,0,0,0,0,0
2080,7568,7568,7578,7344,665286,530970,134316,40740,35255,58321,7205,78,7127,7208,74,7134,1344319,2080,530970,131260,87386,0,2433,281091,28800,0,35255,20354,2831,0,0,0,12070,0,363,136
2081,7568,7568,7578,6345,12275238,10920454,1354784,413769,374384,566631,4708,149,4559,4753,187,4566,3544364,2081,10920454,1418180,988238,0,10201,2930810,5573025,0,374384,187975,73712,0,0,0,112697,0,2860,1592
2082,7568,7568,7578,7424,833408,594718,238690,52580,72447,113663,7309,105,7204,7318,109,7209,597826,2082,594718,235863,149646,0,0,209209,0,0,72447,33037,19981,0,0,0,19429,0,259,106
2083,7568,7568,7578,7338,1604321,1267920,336401,77587,89727,169087,7168,44,7124,7166,35,7131,606079,2083,1267920,346270,221117,0,2735,626356,71442,0,89727,48019,13285,0,0,0,28423,0,400,172
2084,7568,7568,7578,6465,1375899,1310110,65789,20705,12215,32869,5147,139,5008,5181,170,5011,12055671,2084,1310110,112384,134447,0,46760,342749,673770,0,12215,8001,0,0,0,0,4214,0,2421,1284
2085,7568,7568,7578,6492,607359,576443,30916,12407,6004,12505,5557,117,5440,5589,148,5441,10557047,2085,576443,39316,54469,0,2453,172583,307622,0,6004,3973,170,0,0,0,1861,0,2011,903
2086,7568,7568,7578,6350,4261007,3968031,292976,105546,97527,89903,4714,165,4549,4762,205,4557,11562295,2086,3968031,441015,462677,0,194929,931430,1937980,0,97527,40119,33728,0,0,0,23680,0,2854,1588
2087,7568,7568,7578,7210,2953721,2589433,364288,40804,121616,201868,6925,75,6850,6941,84,6857,603213,2087,2589433,465286,458505,0,0,1127793,537849,0,121616,46339,47593,0,0,0,27684,0,643,269
2088,7568,7568,7578,7578,0,0,0,0,0,0,7568,37,7531,7578,41,7537,0,2088,0,0,0,0,0,0,0,0,0,0,0,0,0,0,0,0,0,0
2089,7568,7568,7578,7578,0,0,0,0,0,0,7568,50,7518,7578,55,7523,0,2089,0,0,0,0,0,0,0,0,0,0,0,0,0,0,0,0,0,0
2090,7568,7568,7578,7404,400236,302854,97382,28831,31554,36997,7288,63,7225,7296,63,7233,1147044,2090,302854,92724,70883,0,15691,123556,0,0,0,0,0,0,0,0,0,0,280,108
2091,7568,7568,7578,7574,0,0,0,0,0,0,7560,44,7516,7571,48,7523,44208,2091,0,0,0,0,0,0,0,0,0,0,0,0,0,0,0,0,8,3
2092,7568,7568,7578,7578,0,0,0,0,0,0,7568,35,7533,7578,37,7541,0,2092,0,0,0,0,0,0,0,0,0,0,0,0,0,0,0,0,0,0
2093,7568,7568,7578,7578,0,0,0,0,0,0,7568,30,7538,7578,36,7542,0,2093,0,0,0,0,0,0,0,0,0,0,0,0,0,0,0,0,0,0
2094,7568,7568,7578,7578,0,0,0,0,0,0,7568,19,7549,7578,22,7556,0,2094,0,0,0,0,0,0,0,0,0,0,0,0,0,0,0,0,0,0
2095,7568,7568,7578,7576,0,0,0,0,0,0,7566,48,7518,7575,52,7523,11052,2095,0,0,0,0,0,0,0,0,0,0,0,0,0,0,0,0,2,1
2096,7568,7568,7578,7578,0,0,0,0,0,0,7568,41,7527,7578,46,7532,0,2096,0,0,0,0,0,0,0,0,0,0,0,0,0,0,0,0,0,0
2097,7568,7568,7578,7578,0,0,0,0,0,0,7568,36,7532,7578,38,7540,0,2097,0,0,0,0,0,0,0,0,0,0,0,0,0,0,0,0,0,0
2098,7568,7568,7578,7578,0,0,0,0,0,0,7568,31,7537,7578,36,7542,0,2098,0,0,0,0,0,0,0,0,31554,14192,8951,0,0,0,8411,0,0,0
2099,7568,7534,7578,7543,1758,304,0,0,0,0,7532,81,7451,7542,88,7454,167292,2099,304,56,248,0,0,0,0,0,0,0,0,0,0,0,0,0,2,1
