"Year","AFem","AFemDeath","AMal","AMalDeath","Eggs","EggsDeath","FryGrad","FryExit","FryDeath","FryInStr","allMortAF","baseMortAF","tempMortAF","allMortAM","baseMortAM","tempMortAM","InVivo"
2010,7568,7568,7578,6324,32439676,26946160,5493516,2686279,950692,1856545,1677,193,1484,1717,232,1485,113990
2011,7568,7568,7578,6313,33233364,28570889,4662475,2315627,834114,1512734,1554,192,1362,1597,231,1366,0
2012,7568,7568,7578,6313,30987209,25724814,5262395,2256329,1140480,1865586,1929,194,1735,1970,231,1739,174055
2013,7568,7568,7578,6323,32056326,26915060,5141266,1761844,1593835,1785587,1767,193,1574,1807,230,1577,0
2014,7568,7568,7578,7574,38682,23560,15122,2531,3931,8660,7561,27,7534,7571,25,7546,0
2015,7568,7568,7578,6322,26292708,23558074,2734634,876579,506009,1352046,2810,178,2632,2851,214,2637,0
2016,7568,7568,7578,6340,250538,244597,5941,1248,773,3920,4786,161,4625,4832,198,4634,15193628
2017,7568,7568,7578,6322,40428216,34163674,6264542,3872172,1244477,1147893,252,190,62,289,226,63,0
2018,7568,7568,7578,6322,35172990,29338149,5834841,2925480,1362409,1546952,1203,190,1013,1242,226,1016,0
2019,7568,7568,7578,6392,15522534,13759043,1763491,280931,489407,993153,4759,139,4620,4810,184,4626,0
2020,7568,7568,7578,7192,3774258,3410210,364048,22068,85886,256094,6885,67,6818,6919,92,6827,0
2021,7568,7568,7578,6324,25275924,22341702,2934222,534163,663278,1736781,2994,173,2821,3038,209,2829,0
2022,7568,7568,7578,6502,13593960,12081311,1512649,357033,399821,755795,5108,123,4985,5131,140,4991,0
2023,7568,7568,7578,6322,33225354,27880364,5344990,2275559,889988,2179443,1126,195,931,1164,230,934,2375845
2024,7568,7568,7578,6325,26436384,24230783,2205601,515294,435981,1254326,2784,174,2610,2827,211,2616,0
2025,7568,7568,7578,6324,9731613,8308834,1422779,484811,322018,615950,2274,187,2087,2313,225,2088,19574727
2026,7568,7568,7578,6322,37322604,30647735,6674869,3160907,1339198,2174764,814,193,621,853,229,624,0
2027,7568,7568,7578,6322,31161114,24744044,6417070,3122350,1508005,1786715,1929,196,1733,1969,232,1737,0
2028,7568,7568,7578,6752,8344260,7694145,650115,8139,169293,472683,6058,107,5951,6073,113,5960,0
2029,7568,7568,7578,6666,9891540,9248753,642787,18740,149876,474171,5778,114,5664,5798,128,5670,0
2030,7568,7568,7578,7576,11052,8010,3042,30,422,2590,7566,10,7556,7575,15,7560,0
2031,7568,7568,7578,6322,36438444,28713945,7724499,4112008,1408151,2204340,974,193,781,1011,229,782,0
2032,7568,7568,7578,6355,15434118,14188317,1245801,48415,307244,890142,4775,147,4628,4825,187,4638,0
2033,7568,7568,7578,7017,5327064,4949515,377549,33862,84264,259423,6604,85,6519,6630,103,6527,0
2034,7568,7568,7578,6317,25243838,21371157,3872681,1422728,999661,1450292,2849,176,2673,2891,212,2679,833734
2035,7568,7568,7578,7560,187884,105383,82501,14899,22957,44645,7534,66,7468,7545,69,7476,0
2036,7568,7568,7578,6360,12295804,11226101,1069703,140798,284629,644276,4626,131,4495,4679,175,4504,3978242
2037,7568,7568,7578,6322,22937344,18998392,3938952,1614636,769413,1554903,2223,192,2031,2265,228,2037,6618895
2038,7568,7568,7578,6338,22601152,18898075,3703077,1478476,827869,1396732,3478,166,3312,3525,206,3319,188
2039,7568,7568,7578,6361,16644312,15047768,1596544,404373,332699,859472,4556,142,4414,4606,185,4421,0
2040,7568,7568,7578,6322,36333450,29566625,6766825,3098808,1796329,1871688,993,196,797,1032,232,800,0
2041,7568,7568,7578,6809,4725720,4347364,378356,91339,90801,196216,6211,124,6087,6234,137,6097,2787307
2042,7568,7568,7578,6324,19628352,17087481,2540871,662260,756970,1121641,4016,170,3846,4060,204,3856,0
2043,7568,7568,7578,6605,10449666,9479811,969855,84329,281663,603863,5677,120,5557,5700,136,5564,0
2044,7568,7568,7578,7552,223052,145525,77527,4629,20457,52441,7526,48,7478,7537,51,7486,9040
2045,7568,7568,7578,7576,11956,8834,3122,17,649,2456,7564,37,7527,7575,42,7533,10148
2046,7568,7568,7578,6345,18939439,16914871,2024568,732489,483859,808220,4096,152,3944,4143,194,3949,246983
2047,7568,7568,7578,6374,6888107,6639357,248750,29397,56594,162759,4978,134,4844,5025,176,4849,7457689
2048,7568,7568,7578,6323,23303142,20908863,2394279,485826,590012,1318441,3351,158,3193,3395,194,3201,0
2049,7568,7568,7578,7578,0,0,0,0,0,0,7568,42,7526,7578,49,7529,0
2050,7568,7568,7578,7578,0,0,0,0,0,0,7568,20,7548,7578,3,7575,0
2051,7568,7568,7578,6356,19031544,16741756,2289788,634786,684924,970078,4124,173,3951,4168,209,3959,0
2052,7568,7568,7578,6649,7479308,6810152,669156,147131,178655,343370,5801,105,5696,5828,125,5703,2297944
2053,7568,7568,7578,6343,21739284,18039012,3700272,1492238,794581,1413453,3634,162,3472,3682,204,3478,0
2054,7568,7568,7578,6556,6712564,6279801,432763,15991,102331,314441,5614,110,5504,5634,124,5510,4107900
2055,7568,7568,7578,6470,11980368,10781610,1198758,220880,344854,633024,5400,115,5285,5438,148,5290,0
2056,7568,7568,7578,6338,21170106,18572795,2597311,898764,580024,1118523,3737,171,3566,3783,208,3575,0
2057,7568,7568,7578,6886,6603570,6141427,462143,34763,127291,300089,6373,82,6291,6396,98,6298,0
2058,7568,7568,7578,7563,116451,75239,41212,4995,16236,19981,7545,40,7505,7553,47,7506,10647
2059,7568,7568,7578,7578,0,0,0,0,0,0,7568,8,7560,7578,12,7566,0
2060,7568,7568,7578,7578,0,0,0,0,0,0,7568,25,7543,7578,31,7547,0
2061,7568,7568,7578,6451,7120170,6535939,584231,168817,184173,231241,5246,110,5136,5300,156,5144,5737998
2062,7568,7568,7578,6537,11184624,10153943,1030681,139631,247367,643683,5544,105,5439,5563,118,5445,0
2063,7568,7568,7578,7271,2939832,2456326,483506,39810,130206,313490,7036,80,6956,7041,78,6963,0
2064,7568,7568,7578,6336,20119940,17159301,2960639,1249189,1095236,616214,3666,169,3497,3713,209,3504,1446655
2065,7568,7568,7578,7577,11052,7742,3310,126,723,2461,7566,26,7540,7577,23,7554,0
2066,7568,7568,7578,7509,416162,213624,202538,69273,64973,68292,7459,47,7412,7469,49,7420,186172
2067,7568,7568,7578,7418,1027924,723172,304752,76789,84151,143812,7306,45,7261,7316,49,7267,419888
2068,7568,7568,7578,6748,7891128,7326510,564618,166530,178343,219745,6140,122,6018,6156,130,6026,0
2069,7568,7568,7578,6562,5792085,5382922,409163,33630,143373,232160,5547,119,5428,5573,139,5434,5396969
2070,7568,7568,7578,7578,0,0,0,0,0,0,7568,23,7545,7578,28,7550,0
2071,7568,7568,7578,7379,879137,675751,203386,33246,62373,107767,7251,57,7194,7250,49,7201,875368
2072,7568,7568,7578,7576,32400,21283,11117,1140,4695,5282,7562,5,7557,7575,5,7570,756
2073,7568,7568,7578,7578,0,0,0,0,0,0,7568,1,7567,7578,0,7578,0
2074,7568,7568,7578,7578,0,0,0,0,0,0,7568,43,7525,7578,50,7528,0
2075,7568,7568,7578,7577,4924,3280,1644,411,240,993,7566,10,7556,7577,15,7562,6128
2076,7568,7568,7578,7578,0,0,0,0,0,0,7568,9,7559,7578,12,7566,0
2077,7568,7568,7578,7578,0,0,0,0,0,0,7568,21,7547,7578,24,7554,0
2078,7568,7568,7578,7578,0,0,0,0,0,0,7568,26,7542,7578,32,7546,0
2079,7568,7568,7578,7578,0,0,0,0,0,0,7568,9,7559,7578,12,7566,0
2080,7568,7568,7578,7541,76284,49548,26736,7844,9319,9573,7509,35,7474,7519,36,7483,249750
2081,7568,7568,7578,7456,770395,487877,282518,77373,91416,113729,7375,56,7319,7383,59,7324,296123
2082,7568,7568,7578,7198,3020718,2769933,250785,77379,82065,91341,6908,78,6830,6938,102,6836,628402
2083,7568,7568,7578,6997,4151266,3790778,360488,48140,103492,208856,6597,75,6522,6625,94,6531,1220760
2084,7568,7568,7578,7505,369186,193964,175222,74181,56866,44175,7453,45,7408,7462,45,7417,266304
2085,7568,7568,7578,7463,545843,375827,170016,58722,64221,47073,7382,40,7342,7391,43,7348,481993
2086,7568,7568,7578,7578,0,0,0,0,0,0,7568,2,7566,7578,3,7575,0
2087,7568,7568,7578,7578,0,0,0,0,0,0,7568,17,7551,7578,22,7556,0
2088,7568,7568,7578,7578,0,0,0,0,0,0,7568,36,7532,7578,42,7536,0
2089,7568,7568,7578,7578,0,0,0,0,0,0,7568,39,7529,7578,44,7534,0
2090,7568,7568,7578,7576,15900,9869,6031,216,1184,4631,7565,36,7529,7575,40,7535,678
2091,7568,7568,7578,7457,345720,208760,136960,48824,45318,42818,7375,67,7308,7384,73,7311,720798
2092,7568,7568,7578,7577,2016,1254,762,182,158,422,7566,18,7548,7577,25,7552,9036
2093,7568,7568,7578,7578,0,0,0,0,0,0,7568,9,7559,7578,12,7566,0
2094,7568,7568,7578,7578,0,0,0,0,0,0,7568,22,7546,7578,30,7548,0
2095,7568,7568,7578,7189,3699526,3364687,334839,19952,112924,201963,6895,67,6828,6927,93,6834,19572
2096,7568,7568,7578,7578,0,0,0,0,0,0,7568,11,7557,7578,16,7562,0
2097,7568,7568,7578,7578,0,0,0,0,0,0,7568,6,7562,7578,13,7565,0
2098,7568,7568,7578,7578,0,0,0,0,0,0,7568,23,7545,7578,28,7550,0
2099,7568,7568,7578,7578,0,0,0,0,0,0,7568,2,7566,7578,4,7574,0
