"Year","AFem","AFemDeath","AMal","AMalDeath","Eggs","EggsDeath","FryGrad","FryExit","FryDeath","FryInStr","allMortAF","baseMortAF","tempMortAF","allMortAM","baseMortAM","tempMortAM","InVivo","Year","allMortEgg","baseMortEgg","tempMortEgg","denMortEgg","incMortEgg","superMortEgg","lostMortEgg","catMortEgg","allMortFry","baseMortFry","tempMortFry","denMortFry","habMortFry","freshMortFry","seasMortFry","catMortFry","allMortSF","allMortSM"
2010,7568,7568,7578,6324,32439676,26946160,5493516,2686279,950692,1856545,1677,193,1484,1717,232,1485,113990,2010,26946160,7146531,2958495,0,2651476,6718506,7471152,0,950692,592568,3209,0,0,0,354915,0,5891,4607
2011,7568,7568,7578,6313,33233364,28570889,4662475,2315627,834114,1512734,1554,192,1362,1597,231,1366,0,2011,28570889,7780482,2449648,0,3344454,7436737,7559568,0,834114,520613,1735,0,0,0,311766,0,6014,4716
2012,7568,7568,7578,6313,30987209,25724814,5262395,2256329,1140480,1865586,1929,194,1735,1970,231,1739,174055,2012,25724814,7079436,4285172,0,400049,6489005,7471152,0,1140480,541762,272165,0,0,0,326553,0,5639,4343
2013,7568,7568,7578,6323,32056326,26915060,5141266,1761844,1593835,1785587,1767,193,1574,1807,230,1577,0,2013,26915060,7957426,4136535,0,566845,6794154,7460100,0,1593835,471193,833855,0,0,0,288787,0,5801,4516
2014,7568,7568,7578,7574,38682,23560,15122,2531,3931,8660,7561,27,7534,7571,25,7546,0,2014,23560,15186,4558,0,3816,0,0,0,3931,1787,1509,0,0,0,635,0,7,3
2015,7568,7568,7578,6322,26292708,23558074,2734634,876579,506009,1352046,2810,178,2632,2851,214,2637,0,2015,23558074,5428268,2256249,0,1810650,6608333,7454574,0,506009,288156,45180,0,0,0,172673,0,4758,3471
2016,7568,7568,7578,6340,250538,244597,5941,1248,773,3920,4786,161,4625,4832,198,4634,15193628,2016,244597,17457,44706,0,0,89122,93312,0,773,280,358,0,0,0,135,0,2782,1508
2017,7568,7568,7578,6322,40428216,34163674,6264542,3872172,1244477,1147893,252,190,62,289,226,63,0,2017,34163674,9406919,4250143,0,5806047,7218361,7482204,0,1244477,692648,135932,0,0,0,415897,0,7316,6033
2018,7568,7568,7578,6322,35172990,29338149,5834841,2925480,1362409,1546952,1203,190,1013,1242,226,1016,0,2018,29338149,8166737,3603530,0,2822588,7235460,7509834,0,1362409,625374,359755,0,0,0,377280,0,6365,5080
2019,7568,7568,7578,6392,15522534,13759043,1763491,280931,489407,993153,4759,139,4620,4810,184,4626,0,2019,13759043,2276873,947836,0,20226,3722654,6791454,0,489407,208233,155506,0,0,0,125668,0,2809,1582
2020,7568,7568,7578,7192,3774258,3410210,364048,22068,85886,256094,6885,67,6818,6919,92,6827,0,2020,3410210,529757,193049,0,151784,1645934,889686,0,85886,44948,14323,0,0,0,26615,0,683,273
2021,7568,7568,7578,6324,25275924,22341702,2934222,534163,663278,1736781,2994,173,2821,3038,209,2829,0,2021,22341702,5528310,2764276,0,370691,6234903,7443522,0,663278,250467,260892,0,0,0,151919,0,4574,3286
2022,7568,7568,7578,6502,13593960,12081311,1512649,357033,399821,755795,5108,123,4985,5131,140,4991,0,2022,12081311,1838256,710839,0,459386,3143432,5929398,0,399821,192847,91141,0,0,0,115833,0,2460,1371
2023,7568,7568,7578,6322,33225354,27880364,5344990,2275559,889988,2179443,1126,195,931,1164,230,934,2375845,2023,27880364,8275126,4544257,0,730160,6806835,7523986,0,889988,527880,45725,0,0,0,316383,0,6442,5158
2024,7568,7568,7578,6325,26436384,24230783,2205601,515294,435981,1254326,2784,174,2610,2827,211,2616,0,2024,24230783,5207818,3340683,0,1869688,6407754,7404840,0,435981,194168,124775,0,0,0,117038,0,4784,3498
2025,7568,7568,7578,6324,9731613,8308834,1422779,484811,322018,615950,2274,187,2087,2313,225,2088,19574727,2025,8308834,1868746,619526,0,201000,2406229,3213333,0,322018,155725,72948,0,0,0,93345,0,5294,4011
2026,7568,7568,7578,6322,37322604,30647735,6674869,3160907,1339198,2174764,814,193,621,853,229,624,0,2026,30647735,9149554,2914343,0,2563892,8278020,7741926,0,1339198,670864,264453,0,0,0,403881,0,6754,5469
2027,7568,7568,7578,6322,31161114,24744044,6417070,3122350,1508005,1786715,1929,196,1733,1969,232,1737,0,2027,24744044,7452117,2363748,0,333720,7095677,7498782,0,1508005,690541,400415,0,0,0,417049,0,5639,4353
2028,7568,7568,7578,6752,8344260,7694145,650115,8139,169293,472683,6058,107,5951,6073,113,5960,0,2028,7694145,1090901,507370,0,0,2277408,3818466,0,169293,64191,66406,0,0,0,38696,0,1510,679
2029,7568,7568,7578,6666,9891540,9248753,642787,18740,149876,474171,5778,114,5664,5798,128,5670,0,2029,9248753,1226223,619956,0,314545,2313565,4774464,0,149876,62135,50514,0,0,0,37227,0,1790,868
2030,7568,7568,7578,7576,11052,8010,3042,30,422,2590,7566,10,7556,7575,15,7560,0,2030,8010,4174,2188,0,1648,0,0,0,422,182,158,0,0,0,82,0,2,1
2031,7568,7568,7578,6322,36438444,28713945,7724499,4112008,1408151,2204340,974,193,781,1011,229,782,0,2031,28713945,9079968,3499830,0,849540,7647675,7636932,0,1408151,812019,108871,0,0,0,487261,0,6594,5311
2032,7568,7568,7578,6355,15434118,14188317,1245801,48415,307244,890142,4775,147,4628,4825,187,4638,0,2032,14188317,2150516,1081628,0,2680,3880213,7073280,0,307244,128481,101450,0,0,0,77313,0,2793,1530
2033,7568,7568,7578,7017,5327064,4949515,377549,33862,84264,259423,6604,85,6519,6630,103,6527,0,2033,4949515,546913,472162,0,142780,1825930,1961730,0,84264,47840,8016,0,0,0,28408,0,964,387
2034,7568,7568,7578,6317,25243838,21371157,3872681,1422728,999661,1450292,2849,176,2673,2891,212,2679,833734,2034,21371157,5054512,2661141,0,228654,5976632,7450218,0,999661,416293,331717,0,0,0,251651,0,4719,3426
2035,7568,7568,7578,7560,187884,105383,82501,14899,22957,44645,7534,66,7468,7545,69,7476,0,2035,105383,78079,21548,0,5756,0,0,0,22957,11058,5515,0,0,0,6384,0,34,15
2036,7568,7568,7578,6360,12295804,11226101,1069703,140798,284629,644276,4626,131,4495,4679,175,4504,3978242,2036,11226101,1601533,555694,0,459909,3087855,5521110,0,284629,121986,89333,0,0,0,73310,0,2942,1681
2037,7568,7568,7578,6322,22937344,18998392,3938952,1614636,769413,1554903,2223,192,2031,2265,228,2037,6618895,2037,18998392,5015411,1833441,0,553376,5505826,6090338,0,769413,422113,93893,0,0,0,253407,0,5345,4057
2038,7568,7568,7578,6338,22601152,18898075,3703077,1478476,827869,1396732,3478,166,3312,3525,206,3319,188,2038,18898075,4360228,1785686,0,303441,5237290,7211430,0,827869,428948,141124,0,0,0,257797,0,4090,2813
2039,7568,7568,7578,6361,16644312,15047768,1596544,404373,332699,859472,4556,142,4414,4606,185,4421,0,2039,15047768,2162305,1089481,0,787617,3957189,7051176,0,332699,204037,6773,0,0,0,121889,0,3012,1755
2040,7568,7568,7578,6322,36333450,29566625,6766825,3098808,1796329,1871688,993,196,797,1032,232,800,0,2040,29566625,9524607,3742887,0,1031013,7537244,7730874,0,1796329,672962,714597,0,0,0,408770,0,6575,5290
2041,7568,7568,7578,6809,4725720,4347364,378356,91339,90801,196216,6211,124,6087,6234,137,6097,2787307,2041,4347364,452474,273728,0,75462,1398735,2146965,0,90801,52891,6761,0,0,0,31149,0,1357,575
2042,7568,7568,7578,6324,19628352,17087481,2540871,662260,756970,1121641,4016,170,3846,4060,204,3856,0,2042,17087481,3180739,1382484,0,46724,5089272,7388262,0,756970,299362,276473,0,0,0,181135,0,3552,2264
2043,7568,7568,7578,6605,10449666,9479811,969855,84329,281663,603863,5677,120,5557,5700,136,5564,0,2043,9479811,1312276,598072,0,125067,2388106,5056290,0,281663,114355,98462,0,0,0,68846,0,1891,905
2044,7568,7568,7578,7552,223052,145525,77527,4629,20457,52441,7526,48,7478,7537,51,7486,9040,2044,145525,91016,31071,0,23438,0,0,0,20457,9567,5287,0,0,0,5603,0,42,15
2045,7568,7568,7578,7576,11956,8834,3122,17,649,2456,7564,37,7527,7575,42,7533,10148,2045,8834,4716,2515,0,1603,0,0,0,649,166,404,0,0,0,79,0,4,1
2046,7568,7568,7578,6345,18939439,16914871,2024568,732489,483859,808220,4096,152,3944,4143,194,3949,246983,2046,16914871,2448021,1746852,0,1131180,4097887,7490931,0,483859,256000,74352,0,0,0,153507,0,3472,2202
2047,7568,7568,7578,6374,6888107,6639357,248750,29397,56594,162759,4978,134,4844,5025,176,4849,7457689,2047,6639357,679389,708064,0,304242,1522424,3425238,0,56594,29174,10200,0,0,0,17220,0,2590,1349
2048,7568,7568,7578,6323,23303142,20908863,2394279,485826,590012,1318441,3351,158,3193,3395,194,3201,0,2048,20908863,4501006,2858921,0,250650,5838186,7460100,0,590012,230069,220773,0,0,0,139170,0,4217,2928
2049,7568,7568,7578,7578,0,0,0,0,0,0,7568,42,7526,7578,49,7529,0,2049,0,0,0,0,0,0,0,0,0,0,0,0,0,0,0,0,0,0
2050,7568,7568,7578,7578,0,0,0,0,0,0,7568,20,7548,7578,3,7575,0,2050,0,0,0,0,0,0,0,0,0,0,0,0,0,0,0,0,0,0
2051,7568,7568,7578,6356,19031544,16741756,2289788,634786,684924,970078,4124,173,3951,4168,209,3959,0,2051,16741756,3064448,1076681,0,987950,4578079,7034598,0,684924,271972,248578,0,0,0,164374,0,3444,2188
2052,7568,7568,7578,6649,7479308,6810152,669156,147131,178655,343370,5801,105,5696,5828,125,5703,2297944,2052,6810152,802508,355997,0,170172,1856245,3625230,0,178655,89575,35498,0,0,0,53582,0,1767,821
2053,7568,7568,7578,6343,21739284,18039012,3700272,1492238,794581,1413453,3634,162,3472,3682,204,3478,0,2053,18039012,4273977,1516368,0,236214,4729185,7283268,0,794581,429623,106999,0,0,0,257959,0,3934,2661
2054,7568,7568,7578,6556,6712564,6279801,432763,15991,102331,314441,5614,110,5504,5634,124,5510,4107900,2054,6279801,733928,451566,0,135760,1565333,3393214,0,102331,46286,28615,0,0,0,27430,0,1954,922
2055,7568,7568,7578,6470,11980368,10781610,1198758,220880,344854,633024,5400,115,5285,5438,148,5290,0,2055,10781610,1410106,683614,0,0,2565082,6122808,0,344854,154875,96821,0,0,0,93158,0,2168,1032
2056,7568,7568,7578,6338,21170106,18572795,2597311,898764,580024,1118523,3737,171,3566,3783,208,3575,0,2056,18572795,3413129,1849850,0,1168863,4923997,7216956,0,580024,292441,111926,0,0,0,175657,0,3831,2555
2057,7568,7568,7578,6886,6603570,6141427,462143,34763,127291,300089,6373,82,6291,6396,98,6298,0,2057,6141427,672739,303538,0,152245,2172541,2840364,0,127291,56342,37157,0,0,0,33792,0,1195,490
2058,7568,7568,7578,7563,116451,75239,41212,4995,16236,19981,7545,40,7505,7553,47,7506,10647,2058,75239,42774,26277,0,6188,0,0,0,16236,5130,8145,0,0,0,2961,0,23,10
2059,7568,7568,7578,7578,0,0,0,0,0,0,7568,8,7560,7578,12,7566,0,2059,0,0,0,0,0,0,0,0,0,0,0,0,0,0,0,0,0,0
2060,7568,7568,7578,7578,0,0,0,0,0,0,7568,25,7543,7578,31,7547,0,2060,0,0,0,0,0,0,0,0,0,0,0,0,0,0,0,0,0,0
2061,7568,7568,7578,6451,7120170,6535939,584231,168817,184173,231241,5246,110,5136,5300,156,5144,5737998,2061,6535939,672003,626408,0,189946,1506442,3541140,0,184173,79641,57037,0,0,0,47495,0,2322,1151
2062,7568,7568,7578,6537,11184624,10153943,1030681,139631,247367,643683,5544,105,5439,5563,118,5445,0,2062,10153943,1342413,565789,0,187502,2482505,5575734,0,247367,127807,43059,0,0,0,76501,0,2024,974
2063,7568,7568,7578,7271,2939832,2456326,483506,39810,130206,313490,7036,80,6956,7041,78,6963,0,2063,2456326,597594,231369,0,22531,1229064,375768,0,130206,60917,32871,0,0,0,36418,0,532,230
2064,7568,7568,7578,6336,20119940,17159301,2960639,1249189,1095236,616214,3666,169,3497,3713,209,3504,1446655,2064,17159301,3241696,1623747,0,662348,4706443,6925067,0,1095236,347879,534875,0,0,0,212482,0,3902,2623
2065,7568,7568,7578,7577,11052,7742,3310,126,723,2461,7566,26,7540,7577,23,7554,0,2065,7742,4214,1908,0,1620,0,0,0,723,211,412,0,0,0,100,0,2,0
2066,7568,7568,7578,7509,416162,213624,202538,69273,64973,68292,7459,47,7412,7469,49,7420,186172,2066,213624,154692,55876,0,3056,0,0,0,64973,30735,15839,0,0,0,18399,0,109,40
2067,7568,7568,7578,7418,1027924,723172,304752,76789,84151,143812,7306,45,7261,7316,49,7267,419888,2067,723172,287057,124548,0,10507,301060,0,0,84151,44279,13609,0,0,0,26263,0,262,102
2068,7568,7568,7578,6748,7891128,7326510,564618,166530,178343,219745,6140,122,6018,6156,130,6026,0,2068,7326510,640125,678549,0,98997,2051691,3857148,0,178343,81010,48851,0,0,0,48482,0,1428,592
2069,7568,7568,7578,6562,5792085,5382922,409163,33630,143373,232160,5547,119,5428,5573,139,5434,5396969,2069,5382922,665229,582545,0,49550,1249781,2835817,0,143373,44857,71842,0,0,0,26674,0,2021,989
2070,7568,7568,7578,7578,0,0,0,0,0,0,7568,23,7545,7578,28,7550,0,2070,0,0,0,0,0,0,0,0,0,0,0,0,0,0,0,0,0,0
2071,7568,7568,7578,7379,879137,675751,203386,33246,62373,107767,7251,57,7194,7250,49,7201,875368,2071,675751,219084,138032,0,247,315625,2763,0,62373,27612,18440,0,0,0,16321,0,317,129
2072,7568,7568,7578,7576,32400,21283,11117,1140,4695,5282,7562,5,7557,7575,5,7570,756,2072,21283,11979,5621,0,3683,0,0,0,4695,1112,3161,0,0,0,422,0,6,1
2073,7568,7568,7578,7578,0,0,0,0,0,0,7568,1,7567,7578,0,7578,0,2073,0,0,0,0,0,0,0,0,0,0,0,0,0,0,0,0,0,0
2074,7568,7568,7578,7578,0,0,0,0,0,0,7568,43,7525,7578,50,7528,0,2074,0,0,0,0,0,0,0,0,0,0,0,0,0,0,0,0,0,0
2075,7568,7568,7578,7577,4924,3280,1644,411,240,993,7566,10,7556,7577,15,7562,6128,2075,3280,1608,1122,0,550,0,0,0,240,78,122,0,0,0,40,0,2,0
2076,7568,7568,7578,7578,0,0,0,0,0,0,7568,9,7559,7578,12,7566,0,2076,0,0,0,0,0,0,0,0,0,0,0,0,0,0,0,0,0,0
2077,7568,7568,7578,7578,0,0,0,0,0,0,7568,21,7547,7578,24,7554,0,2077,0,0,0,0,0,0,0,0,0,0,0,0,0,0,0,0,0,0
2078,7568,7568,7578,7578,0,0,0,0,0,0,7568,26,7542,7578,32,7546,0,2078,0,0,0,0,0,0,0,0,0,0,0,0,0,0,0,0,0,0
2079,7568,7568,7578,7578,0,0,0,0,0,0,7568,9,7559,7578,12,7566,0,2079,0,0,0,0,0,0,0,0,0,0,0,0,0,0,0,0,0,0
2080,7568,7568,7578,7541,76284,49548,26736,7844,9319,9573,7509,35,7474,7519,36,7483,249750,2080,49548,23721,20283,0,5544,0,0,0,9319,3687,3906,0,0,0,1726,0,59,22
2081,7568,7568,7578,7456,770395,487877,282518,77373,91416,113729,7375,56,7319,7383,59,7324,296123,2081,487877,248916,103616,0,24106,111239,0,0,91416,41616,24875,0,0,0,24925,0,193,73
2082,7568,7568,7578,7198,3020718,2769933,250785,77379,82065,91341,6908,78,6830,6938,102,6836,628402,2082,2769933,370584,317801,0,230252,1246678,604618,0,82065,37026,23201,0,0,0,21838,0,660,260
2083,7568,7568,7578,6997,4151266,3790778,360488,48140,103492,208856,6597,75,6522,6625,94,6531,1220760,2083,3790778,447920,307850,0,0,1502078,1532930,0,103492,48098,26974,0,0,0,28420,0,971,372
2084,7568,7568,7578,7505,369186,193964,175222,74181,56866,44175,7453,45,7408,7462,45,7417,266304,2084,193964,122560,66700,0,4704,0,0,0,56866,27377,13196,0,0,0,16293,0,115,43
2085,7568,7568,7578,7463,545843,375827,170016,58722,64221,47073,7382,40,7342,7391,43,7348,481993,2085,375827,146130,116841,0,45228,67628,0,0,64221,25049,24174,0,0,0,14998,0,186,72
2086,7568,7568,7578,7578,0,0,0,0,0,0,7568,2,7566,7578,3,7575,0,2086,0,0,0,0,0,0,0,0,0,0,0,0,0,0,0,0,0,0
2087,7568,7568,7578,7578,0,0,0,0,0,0,7568,17,7551,7578,22,7556,0,2087,0,0,0,0,0,0,0,0,0,0,0,0,0,0,0,0,0,0
2088,7568,7568,7578,7578,0,0,0,0,0,0,7568,36,7532,7578,42,7536,0,2088,0,0,0,0,0,0,0,0,0,0,0,0,0,0,0,0,0,0
2089,7568,7568,7578,7578,0,0,0,0,0,0,7568,39,7529,7578,44,7534,0,2089,0,0,0,0,0,0,0,0,0,0,0,0,0,0,0,0,0,0
2090,7568,7568,7578,7576,15900,9869,6031,216,1184,4631,7565,36,7529,7575,40,7535,678,2090,9869,7002,1386,0,1481,0,0,0,1184,488,506,0,0,0,190,0,3,1
2091,7568,7568,7578,7457,345720,208760,136960,48824,45318,42818,7375,67,7308,7384,73,7311,720798,2091,208760,106792,60834,0,0,41134,0,0,45318,20375,12850,0,0,0,12093,0,193,73
2092,7568,7568,7578,7577,2016,1254,762,182,158,422,7566,18,7548,7577,25,7552,9036,2092,1254,788,356,0,110,0,0,0,158,30,114,0,0,0,14,0,2,0
2093,7568,7568,7578,7578,0,0,0,0,0,0,7568,9,7559,7578,12,7566,0,2093,0,0,0,0,0,0,0,0,0,0,0,0,0,0,0,0,0,0
2094,7568,7568,7578,7578,0,0,0,0,0,0,7568,22,7546,7578,30,7548,0,2094,0,0,0,0,0,0,0,0,0,0,0,0,0,0,0,0,0,0
2095,7568,7568,7578,7189,3699526,3364687,334839,19952,112924,201963,6895,67,6828,6927,93,6834,19572,2095,0,0,0,0,0,0,0,0,0,0,0,0,0,0,0,0,0,0
2096,7568,7568,7578,7578,0,0,0,0,0,0,7568,11,7557,7578,16,7562,0,2096,0,0,0,0,0,0,0,0,0,0,0,0,0,0,0,0,0,0
2097,7568,7568,7578,7578,0,0,0,0,0,0,7568,6,7562,7578,13,7565,0,2097,0,0,0,0,0,0,0,0,0,0,0,0,0,0,0,0,0,0
2098,7568,7568,7578,7578,0,0,0,0,0,0,7568,23,7545,7578,28,7550,0,2098,3364687,503530,445598,0,89180,1534235,792144,0,112924,40099,48825,0,0,0,24000,0,673,262
2099,7568,7568,7578,7578,0,0,0,0,0,0,7568,2,7566,7578,4,7574,0,2099,0,0,0,0,0,0,0,0,0,0,0,0,0,0,0,0,0,0
