"Year","allMortEgg","baseMortEgg","tempMortEgg","denMortEgg","incMortEgg","superMortEgg","lostMortEgg","catMortEgg","allMortFry","baseMortFry","tempMortFry","denMortFry","habMortFry","freshMortFry","seasMortFry","catMortFry","allMortSF","allMortSM"
2010,26802915,7083461,2948240,0,2617538,6693626,7460050,0,947463,590450,3322,0,0,0,353691,0,5867,4583
2011,28332175,7704351,2443773,0,3229276,7406259,7548516,0,848546,529578,1863,0,0,0,317105,0,5983,4687
2012,25489986,6951192,4238007,0,386568,6443067,7471152,0,1130641,535361,272503,0,0,0,322777,0,5598,4303
2013,26467374,7745687,4014218,0,544774,6713647,7449048,0,1593423,468633,837469,0,0,0,287321,0,5706,4421
2014,9763,7216,1396,0,1151,0,0,0,1635,550,857,0,0,0,228,0,3,1
2015,22857860,5148680,2131432,0,1706698,6427528,7443522,0,488940,278074,44191,0,0,0,166675,0,4611,3324
2016,102696,9679,40642,0,0,52375,0,0,173,104,20,0,0,0,49,0,2696,1428
2017,34047481,9290104,4326682,0,5761771,7186720,7482204,0,1251323,696440,136758,0,0,0,418125,0,7296,6015
2018,28722546,7820738,3564512,0,2701803,7142237,7493256,0,1344594,618804,352438,0,0,0,373352,0,6229,4944
2019,12062072,1887215,834661,0,10446,3129578,6200172,0,440606,188127,138945,0,0,0,113534,0,2460,1309
2020,1000026,365702,120323,0,102679,411322,0,0,79235,42113,12280,0,0,0,24842,0,238,94
2021,21141318,5109753,2506183,0,311583,5792381,7421418,0,654835,245635,260245,0,0,0,148955,0,4332,3047
2022,9334253,1292160,537120,0,288450,2303909,4912614,0,303365,145427,70741,0,0,0,87197,0,1889,931
2023,24900785,7179295,4049824,0,606031,6109709,6955926,0,818805,484152,44348,0,0,0,290305,0,6185,4902
2024,21550650,4348050,2855933,0,1524427,5572128,7250112,0,388767,173020,111628,0,0,0,104119,0,4245,2967
2025,6890228,1415811,506567,0,143824,1988145,2835881,0,258923,124711,59635,0,0,0,74577,0,4723,3439
2026,29146986,8516566,2731234,0,2389901,7833671,7675614,0,1302950,650593,260692,0,0,0,391665,0,6426,5143
2027,23632593,6779401,2231192,0,295289,6861085,7465626,0,1424429,648793,383731,0,0,0,391905,0,5351,4064
2028,4249319,792860,373742,0,0,1833841,1248876,0,126504,47582,50368,0,0,0,28554,0,855,366
2029,5214770,802427,406037,0,187563,1967533,1851210,0,99313,40628,34417,0,0,0,24268,0,1019,464
2030,0,0,0,0,0,0,0,0,0,0,0,0,0,0,0,0,0,0
2031,27879811,8636184,3467845,0,792833,7351543,7631406,0,1399260,803856,112761,0,0,0,482643,0,6412,5129
2032,12041926,1753282,877357,0,1192,3104929,6305166,0,272245,114442,88870,0,0,0,68933,0,2372,1206
2033,1573188,379536,292760,0,95487,728041,77364,0,75349,42748,7215,0,0,0,25386,0,342,133
2034,18410616,3977706,2239747,0,167414,5148048,6877701,0,846905,350048,285456,0,0,0,211401,0,4329,3039
2035,39426,29706,7952,0,1768,0,0,0,9178,4479,2227,0,0,0,2472,0,13,5
2036,8493476,1154083,422094,0,315600,2235956,4365743,0,217806,92763,69418,0,0,0,55625,0,2476,1313
2037,16477768,4113180,1568060,0,428352,4841839,5526337,0,662298,361750,83580,0,0,0,216968,0,5033,3747
2038,16146020,3237188,1437938,0,217155,4296505,6957234,0,668134,342633,119831,0,0,0,205670,0,3431,2183
2039,11930390,1512152,815071,0,531467,3077400,5994300,0,244194,149562,5455,0,0,0,89177,0,2471,1316
2040,28044001,8754967,3517131,0,929376,7139283,7703244,0,1737945,650246,692702,0,0,0,394997,0,6232,4946
2041,2290021,325511,218875,0,43707,1021453,680475,0,67562,39228,5399,0,0,0,22935,0,812,334
2042,16263593,2816588,1276009,0,29855,4857873,7283268,0,716964,282389,263915,0,0,0,170660,0,3363,2080
2043,6471067,788889,413801,0,64805,2153220,3050352,0,166693,67351,58728,0,0,0,40614,0,1273,537
2044,21751,13206,5054,0,3491,0,0,0,2661,1282,944,0,0,0,435,0,7,3
2045,0,0,0,0,0,0,0,0,0,0,0,0,0,0,0,0,0,0
2046,12964153,1635569,1249808,0,694988,2963116,6420672,0,353918,184330,59259,0,0,0,110329,0,2882,1644
2047,4868758,506718,530061,0,223474,1048025,2560480,0,47194,24399,8570,0,0,0,14225,0,2098,1020
2048,19569206,4022917,2600937,0,210223,5308185,7426944,0,563467,218968,211977,0,0,0,132522,0,3944,2656
2049,0,0,0,0,0,0,0,0,0,0,0,0,0,0,0,0,0,0
2050,0,0,0,0,0,0,0,0,0,0,0,0,0,0,0,0,0,0
2051,14066353,2406323,901979,0,698231,3798862,6260958,0,598625,235007,221558,0,0,0,142060,0,2886,1728
2052,3669920,464796,246045,0,84940,1427227,1446912,0,100002,49526,20973,0,0,0,29503,0,1072,459
2053,14979993,3130793,1189318,0,138024,3896184,6625674,0,641523,343195,92406,0,0,0,205922,0,3217,2017
2054,4237858,460104,308398,0,74050,1311986,2083320,0,62396,27928,18077,0,0,0,16391,0,1403,604
2055,8364910,931321,513150,0,0,2284125,4636314,0,230666,103132,65678,0,0,0,61856,0,1656,721
2056,15953353,2483464,1451437,0,841564,4125712,7051176,0,460576,228199,95556,0,0,0,136821,0,3232,1977
2057,2944744,513295,234873,0,110680,1489088,596808,0,112946,50378,32592,0,0,0,29976,0,603,245
2058,19401,10022,7716,0,1663,0,0,0,3670,1052,2239,0,0,0,379,0,7,3
2059,0,0,0,0,0,0,0,0,0,0,0,0,0,0,0,0,0,0
2060,0,0,0,0,0,0,0,0,0,0,0,0,0,0,0,0,0,0
2061,4795429,470254,471781,0,128719,1077127,2647548,0,134615,57420,43128,0,0,0,34067,0,1981,930
2062,7723694,904549,424651,0,112018,2287178,3995298,0,162381,82650,30368,0,0,0,49363,0,1521,672
2063,901533,412480,156024,0,16709,316320,0,0,114316,54919,26738,0,0,0,32659,0,236,92
2064,14183329,2308240,1300543,0,464548,3906184,6203814,0,855435,264288,429792,0,0,0,161355,0,3456,2183
2065,0,0,0,0,0,0,0,0,0,0,0,0,0,0,0,0,0,0
2066,8696,6677,1884,0,135,0,0,0,1895,638,1009,0,0,0,248,0,5,2
2067,162866,115581,43749,0,3536,0,0,0,39052,20631,6185,0,0,0,12236,0,87,32
2068,4349477,492972,583620,0,62355,1689405,1521125,0,141940,63230,41198,0,0,0,37512,0,891,354
2069,3170456,351493,353305,0,22775,933780,1509103,0,75463,22912,38987,0,0,0,13564,0,1438,636
2070,0,0,0,0,0,0,0,0,0,0,0,0,0,0,0,0,0,0
2071,222568,130403,72621,0,99,19445,0,0,48053,22416,12320,0,0,0,13317,0,160,62
2072,0,0,0,0,0,0,0,0,0,0,0,0,0,0,0,0,0,0
2073,0,0,0,0,0,0,0,0,0,0,0,0,0,0,0,0,0,0
2074,0,0,0,0,0,0,0,0,0,0,0,0,0,0,0,0,0,0
2075,0,0,0,0,0,0,0,0,0,0,0,0,0,0,0,0,0,0
2076,0,0,0,0,0,0,0,0,0,0,0,0,0,0,0,0,0,0
2077,0,0,0,0,0,0,0,0,0,0,0,0,0,0,0,0,0,0
2078,0,0,0,0,0,0,0,0,0,0,0,0,0,0,0,0,0,0
2079,0,0,0,0,0,0,0,0,0,0,0,0,0,0,0,0,0,0
2080,2505,1379,848,0,278,0,0,0,359,64,269,0,0,0,26,0,4,1
2081,95654,63008,26351,0,6295,0,0,0,24427,11023,6885,0,0,0,6519,0,49,19
2082,974061,236635,181299,0,160886,395241,0,0,65639,31048,16082,0,0,0,18509,0,288,112
2083,1165778,297446,197444,0,0,593528,77360,0,91854,44380,20883,0,0,0,26591,0,379,148
2084,15479,9149,4262,0,2068,0,0,0,3376,1508,1338,0,0,0,530,0,10,4
2085,50457,23983,18998,0,7476,0,0,0,11480,4724,4266,0,0,0,2490,0,33,12
2086,0,0,0,0,0,0,0,0,0,0,0,0,0,0,0,0,0,0
2087,0,0,0,0,0,0,0,0,0,0,0,0,0,0,0,0,0,0
2088,0,0,0,0,0,0,0,0,0,0,0,0,0,0,0,0,0,0
2089,0,0,0,0,0,0,0,0,0,0,0,0,0,0,0,0,0,0
2090,0,0,0,0,0,0,0,0,0,0,0,0,0,0,0,0,0,0
2091,45785,29446,16339,0,0,0,0,0,13796,6372,3775,0,0,0,3649,0,63,24
2092,0,0,0,0,0,0,0,0,0,0,0,0,0,0,0,0,0,0
2093,0,0,0,0,0,0,0,0,0,0,0,0,0,0,0,0,0,0
2094,0,0,0,0,0,0,0,0,0,0,0,0,0,0,0,0,0,0
2095,0,0,0,0,0,0,0,0,0,0,0,0,0,0,0,0,0,0
2096,0,0,0,0,0,0,0,0,0,0,0,0,0,0,0,0,0,0
2097,0,0,0,0,0,0,0,0,0,0,0,0,0,0,0,0,0,0
2098,637008,272222,185385,0,55878,123523,0,0,96316,36647,37724,0,0,0,21945,0,182,68
2099,0,0,0,0,0,0,0,0,0,0,0,0,0,0,0,0,0,0
