"Year","AFem","AFemDeath","AMal","AMalDeath","Eggs","EggsDeath","FryGrad","FryExit","FryDeath","FryInStr","allMortAF","baseMortAF","tempMortAF","allMortAM","baseMortAM","tempMortAM","InVivo","Year","allMortEgg","baseMortEgg","tempMortEgg","denMortEgg","incMortEgg","superMortEgg","lostMortEgg","catMortEgg","allMortFry","baseMortFry","tempMortFry","denMortFry","habMortFry","freshMortFry","seasMortFry","catMortFry","allMortSF","allMortSM"
2010,7568,7568,7578,6324,32263238,26802915,5460323,2673183,947463,1839677,1701,196,1505,1741,235,1506,157854,2010,26802915,7083461,2948240,0,2617538,6693626,7460050,0,947463,590450,3322,0,0,0,353691,0,5867,4583
2011,7568,7568,7578,6313,33062058,28332175,4729883,2375018,848546,1506319,1585,193,1392,1626,231,1395,0,2011,28332175,7704351,2443773,0,3229276,7406259,7548516,0,848546,529578,1863,0,0,0,317105,0,5983,4687
2012,7568,7568,7578,6313,30672005,25489986,5182019,2205049,1130641,1846329,1970,193,1777,2010,230,1780,262743,2012,25489986,6951192,4238007,0,386568,6443067,7471152,0,1130641,535361,272503,0,0,0,322777,0,5598,4303
2013,7568,7568,7578,6323,31531356,26467374,5063982,1730691,1593423,1739868,1862,191,1671,1902,227,1675,0,2013,26467374,7745687,4014218,0,544774,6713647,7449048,0,1593423,468633,837469,0,0,0,287321,0,5706,4421
2014,7568,7568,7578,7576,16578,9763,6815,109,1635,5071,7565,24,7541,7575,20,7555,0,2014,9763,7216,1396,0,1151,0,0,0,1635,550,857,0,0,0,228,0,3,1
2015,7568,7568,7578,6323,25480386,22857860,2622526,832152,488940,1301434,2957,177,2780,2999,213,2786,0,2015,22857860,5148680,2131432,0,1706698,6427528,7443522,0,488940,278074,44191,0,0,0,166675,0,4611,3324
2016,7568,7568,7578,6346,104994,102696,2298,1918,173,207,4872,155,4717,4918,195,4723,14864940,2016,102696,9679,40642,0,0,52375,0,0,173,104,20,0,0,0,49,0,2696,1428
2017,7568,7568,7578,6322,40317696,34047481,6270215,3930538,1251323,1088354,272,190,82,307,226,81,0,2017,34047481,9290104,4326682,0,5761771,7186720,7482204,0,1251323,696440,136758,0,0,0,418125,0,7296,6015
2018,7568,7568,7578,6322,34421454,28722546,5698908,2904359,1344594,1449955,1339,194,1145,1378,230,1148,0,2018,28722546,7820738,3564512,0,2701803,7142237,7493256,0,1344594,618804,352438,0,0,0,373352,0,6229,4944
2019,7568,7568,7578,6465,13593960,12062072,1531888,265560,440606,825722,5108,111,4997,5156,153,5003,0,2019,12062072,1887215,834661,0,10446,3129578,6200172,0,440606,188127,138945,0,0,0,113534,0,2460,1309
2020,7568,7568,7578,7433,1315188,1000026,315162,41409,79235,194518,7330,42,7288,7339,44,7295,0,2020,1000026,365702,120323,0,102679,411322,0,0,79235,42113,12280,0,0,0,24842,0,238,94
2021,7568,7568,7578,6324,23938632,21141318,2797314,477630,654835,1664849,3236,167,3069,3277,203,3074,0,2021,21141318,5109753,2506183,0,311583,5792381,7421418,0,654835,245635,260245,0,0,0,148955,0,4332,3047
2022,7568,7568,7578,6634,10438614,9334253,1104361,237102,303365,563894,5679,120,5559,5703,136,5567,0,2022,9334253,1292160,537120,0,288450,2303909,4912614,0,303365,145427,70741,0,0,0,87197,0,1889,931
2023,7568,7568,7578,6322,29705819,24900785,4805034,2084419,818805,1901810,1383,197,1186,1420,232,1188,4482259,2023,24900785,7179295,4049824,0,606031,6109709,6955926,0,818805,484152,44348,0,0,0,290305,0,6185,4902
2024,7568,7568,7578,6335,23457870,21550650,1907220,417429,388767,1101024,3323,167,3156,3368,206,3162,0,2024,21550650,4348050,2855933,0,1524427,5572128,7250112,0,388767,173020,111628,0,0,0,104119,0,4245,2967
2025,7568,7568,7578,6326,7992618,6890228,1102390,355703,258923,487764,2845,169,2676,2887,204,2683,18162392,2025,6890228,1415811,506567,0,143824,1988145,2835881,0,258923,124711,59635,0,0,0,74577,0,4723,3439
2026,7568,7568,7578,6323,35510076,29146986,6363090,3063193,1302950,1996947,1142,194,948,1180,231,949,0,2026,29146986,8516566,2731234,0,2389901,7833671,7675614,0,1302950,650593,260692,0,0,0,391665,0,6426,5143
2027,7568,7568,7578,6322,29569626,23632593,5937033,2874111,1424429,1638493,2217,192,2025,2258,228,2030,0,2027,23632593,6779401,2231192,0,295289,6861085,7465626,0,1424429,648793,383731,0,0,0,391905,0,5351,4064
2028,7568,7568,7578,7114,4724730,4249319,475411,6098,126504,342809,6713,81,6632,6748,109,6639,0,2028,4249319,792860,373742,0,0,1833841,1248876,0,126504,47582,50368,0,0,0,28554,0,855,366
2029,7568,7568,7578,7038,5630994,5214770,416224,5503,99313,311408,6549,87,6462,6574,105,6469,0,2029,5214770,802427,406037,0,187563,1967533,1851210,0,99313,40628,34417,0,0,0,24268,0,1019,464
2030,7568,7568,7578,7578,0,0,0,0,0,0,7568,10,7558,7578,13,7565,0,2030,0,0,0,0,0,0,0,0,0,0,0,0,0,0,0,0,0,0
2031,7568,7568,7578,6322,35432712,27879811,7552901,4096905,1399260,2056736,1156,195,961,1193,231,962,0,2031,27879811,8636184,3467845,0,792833,7351543,7631406,0,1399260,803856,112761,0,0,0,482643,0,6412,5129
2032,7568,7568,7578,6452,13107672,12041926,1065746,52526,272245,740975,5196,123,5073,5246,168,5078,0,2032,12041926,1753282,877357,0,1192,3104929,6305166,0,272245,114442,88870,0,0,0,68933,0,2372,1206
2033,7568,7568,7578,7361,1889642,1573188,316454,42117,75349,198988,7226,61,7165,7228,55,7173,250,2033,1573188,379536,292760,0,95487,728041,77364,0,75349,42748,7215,0,0,0,25386,0,342,133
2034,7568,7568,7578,6319,21561099,18410616,3150483,1116742,846905,1186836,3239,168,3071,3280,206,3074,2367762,2034,18410616,3977706,2239747,0,167414,5148048,6877701,0,846905,350048,285456,0,0,0,211401,0,4329,3039
2035,7568,7568,7578,7569,71838,39426,32412,5683,9178,17551,7555,54,7501,7564,61,7503,0,2035,39426,29706,7952,0,1768,0,0,0,9178,4479,2227,0,0,0,2472,0,13,5
2036,7568,7568,7578,6460,9288236,8493476,794760,93718,217806,483236,5092,97,4995,5147,145,5002,4413203,2036,8493476,1154083,422094,0,315600,2235956,4365743,0,217806,92763,69418,0,0,0,55625,0,2476,1313
2037,7568,7568,7578,6322,19763938,16477768,3286170,1310868,662298,1313004,2535,192,2343,2575,227,2348,8073516,2037,16477768,4113180,1568060,0,428352,4841839,5526337,0,662298,361750,83580,0,0,0,216968,0,5033,3747
2038,7568,7568,7578,6370,18959706,16146020,2813686,990196,668134,1155356,4137,154,3983,4187,196,3991,0,2038,16146020,3237188,1437938,0,217155,4296505,6957234,0,668134,342633,119831,0,0,0,205670,0,3431,2183
2039,7568,7568,7578,6461,13058294,11930390,1127904,264756,244194,618954,5097,115,4982,5145,157,4988,598938,2039,11930390,1512152,815071,0,531467,3077400,5994300,0,244194,149562,5455,0,0,0,89177,0,2471,1316
2040,7568,7568,7578,6323,34438032,28044001,6394031,2931962,1737945,1724124,1336,196,1140,1377,233,1144,0,2040,28044001,8754967,3517131,0,929376,7139283,7703244,0,1737945,650246,692702,0,0,0,394997,0,6232,4946
2041,7568,7568,7578,7122,2566874,2290021,276853,63598,67562,145693,6756,105,6651,6788,133,6655,1929682,2041,2290021,325511,218875,0,43707,1021453,680475,0,67562,39228,5399,0,0,0,22935,0,812,334
2042,7568,7568,7578,6328,18583938,16263593,2320345,588368,716964,1015013,4205,169,4036,4248,204,4044,0,2042,16263593,2816588,1276009,0,29855,4857873,7283268,0,716964,282389,263915,0,0,0,170660,0,3363,2080
2043,7568,7568,7578,6859,7034598,6471067,563531,45573,166693,351265,6295,90,6205,6322,109,6213,0,2043,6471067,788889,413801,0,64805,2153220,3050352,0,166693,67351,58728,0,0,0,40614,0,1273,537
2044,7568,7568,7578,7574,33586,21751,11835,1303,2661,7871,7561,41,7520,7571,48,7523,5096,2044,21751,13206,5054,0,3491,0,0,0,2661,1282,944,0,0,0,435,0,7,3
2045,7568,7568,7578,7578,0,0,0,0,0,0,7568,34,7534,7578,37,7541,0,2045,0,0,0,0,0,0,0,0,0,0,0,0,0,0,0,0,0,0
2046,7568,7568,7578,6380,14349294,12964153,1385141,427249,353918,603974,4686,138,4548,4736,180,4556,1583265,2046,12964153,1635569,1249808,0,694988,2963116,6420672,0,353918,184330,59259,0,0,0,110329,0,2882,1644
2047,7568,7568,7578,6515,5072652,4868758,203894,29668,47194,127032,5470,116,5354,5495,136,5359,6554600,2047,4868758,506718,530061,0,223474,1048025,2560480,0,47194,24399,8570,0,0,0,14225,0,2098,1020
2048,7568,7568,7578,6324,21794544,19569206,2225338,463203,563467,1198668,3624,157,3467,3668,194,3474,0,2048,19569206,4022917,2600937,0,210223,5308185,7426944,0,563467,218968,211977,0,0,0,132522,0,3944,2656
2049,7568,7568,7578,7578,0,0,0,0,0,0,7568,35,7533,7578,39,7539,0,2049,0,0,0,0,0,0,0,0,0,0,0,0,0,0,0,0,0,0
2050,7568,7568,7578,7578,0,0,0,0,0,0,7568,15,7553,7578,3,7575,0,2050,0,0,0,0,0,0,0,0,0,0,0,0,0,0,0,0,0,0
2051,7568,7568,7578,6452,15948036,14066353,1881683,454189,598625,828869,4682,161,4521,4724,197,4527,0,2051,14066353,2406323,901979,0,698231,3798862,6260958,0,598625,235007,221558,0,0,0,142060,0,2886,1728
2052,7568,7568,7578,6978,4038932,3669920,369012,69379,100002,199631,6496,77,6419,6519,95,6424,1895488,2052,3669920,464796,246045,0,84940,1427227,1446912,0,100002,49526,20973,0,0,0,29503,0,1072,459
2053,7568,7568,7578,6425,17777142,14979993,2797149,988539,641523,1167087,4351,146,4205,4408,196,4212,0,2053,14979993,3130793,1189318,0,138024,3896184,6625674,0,641523,343195,92406,0,0,0,205922,0,3217,2017
2054,7568,7568,7578,6783,4499311,4237858,261453,9291,62396,189766,6165,94,6071,6179,100,6079,3269844,2054,4237858,460104,308398,0,74050,1311986,2083320,0,62396,27928,18077,0,0,0,16391,0,1403,604
2055,7568,7568,7578,6658,9151056,8364910,786146,140012,230666,415468,5912,114,5798,5937,129,5808,0,2055,8364910,931321,513150,0,0,2284125,4636314,0,230666,103132,65678,0,0,0,61856,0,1656,721
2056,7568,7568,7578,6359,17859932,15953353,1906579,512680,460576,933323,4336,159,4177,4382,199,4183,100,2056,15953353,2483464,1451437,0,841564,4125712,7051176,0,460576,228199,95556,0,0,0,136821,0,3232,1977
2057,7568,7568,7578,7217,3332178,2944744,387434,34969,112946,239519,6965,65,6900,6972,67,6905,0,2057,2944744,513295,234873,0,110680,1489088,596808,0,112946,50378,32592,0,0,0,29976,0,603,245
2058,7568,7568,7578,7573,29939,19401,10538,2332,3670,4536,7561,35,7526,7570,36,7534,8743,2058,19401,10022,7716,0,1663,0,0,0,3670,1052,2239,0,0,0,379,0,7,3
2059,7568,7568,7578,7578,0,0,0,0,0,0,7568,8,7560,7578,12,7566,0,2059,0,0,0,0,0,0,0,0,0,0,0,0,0,0,0,0,0,0
2060,7568,7568,7578,7578,0,0,0,0,0,0,7568,25,7543,7578,28,7550,0,2060,0,0,0,0,0,0,0,0,0,0,0,0,0,0,0,0,0,0
2061,7568,7568,7578,6539,5213908,4795429,418479,119076,134615,164788,5587,103,5484,5609,122,5487,5764877,2061,4795429,470254,471781,0,128719,1077127,2647548,0,134615,57420,43128,0,0,0,34067,0,1981,930
2062,7568,7568,7578,6728,8391465,7723694,667771,69919,162381,435471,6047,93,5954,6056,93,5963,13581,2062,7723694,904549,424651,0,112018,2287178,3995298,0,162381,82650,30368,0,0,0,49363,0,1521,672
2063,7568,7568,7578,7432,1304136,901533,402603,63086,114316,225201,7332,55,7277,7340,61,7279,0,2063,901533,412480,156024,0,16709,316320,0,0,114316,54919,26738,0,0,0,32659,0,236,92
2064,7568,7568,7578,6345,16323473,14183329,2140144,834290,855435,450419,4112,155,3957,4162,197,3965,2783948,2064,14183329,2308240,1300543,0,464548,3906184,6203814,0,855435,264288,429792,0,0,0,161355,0,3456,2183
2065,7568,7568,7578,7578,0,0,0,0,0,0,7568,20,7548,7578,13,7565,0,2065,0,0,0,0,0,0,0,0,0,0,0,0,0,0,0,0,0,0
2066,7568,7568,7578,7575,16830,8696,8134,1940,1895,4299,7563,39,7524,7573,42,7531,10800,2066,8696,6677,1884,0,135,0,0,0,1895,638,1009,0,0,0,248,0,5,2
2067,7568,7568,7578,7523,301542,162866,138676,38857,39052,60767,7481,39,7442,7491,41,7450,179220,2067,162866,115581,43749,0,3536,0,0,0,39052,20631,6185,0,0,0,12236,0,87,32
2068,7568,7568,7578,7058,4783402,4349477,433925,118339,141940,173646,6677,103,6574,6704,123,6581,140868,2068,4349477,492972,583620,0,62355,1689405,1521125,0,141940,63230,41198,0,0,0,37512,0,891,354
2069,7568,7568,7578,6780,3379515,3170456,209059,12830,75463,120766,6130,100,6030,6144,106,6038,4584674,2069,3170456,351493,353305,0,22775,933780,1509103,0,75463,22912,38987,0,0,0,13564,0,1438,636
2070,7568,7568,7578,7578,0,0,0,0,0,0,7568,24,7544,7578,27,7551,0,2070,0,0,0,0,0,0,0,0,0,0,0,0,0,0,0,0,0,0
2071,7568,7568,7578,7480,376230,222568,153662,44417,48053,61192,7408,37,7371,7418,45,7373,507930,2071,222568,130403,72621,0,99,19445,0,0,48053,22416,12320,0,0,0,13317,0,160,62
2072,7568,7568,7578,7578,0,0,0,0,0,0,7568,2,7566,7578,3,7575,0,2072,0,0,0,0,0,0,0,0,0,0,0,0,0,0,0,0,0,0
2073,7568,7568,7578,7578,0,0,0,0,0,0,7568,0,7568,7578,0,7578,0,2073,0,0,0,0,0,0,0,0,0,0,0,0,0,0,0,0,0,0
2074,7568,7568,7578,7578,0,0,0,0,0,0,7568,40,7528,7578,44,7534,0,2074,0,0,0,0,0,0,0,0,0,0,0,0,0,0,0,0,0,0
2075,7568,7568,7578,7578,0,0,0,0,0,0,7568,10,7558,7578,13,7565,0,2075,0,0,0,0,0,0,0,0,0,0,0,0,0,0,0,0,0,0
2076,7568,7568,7578,7578,0,0,0,0,0,0,7568,9,7559,7578,12,7566,0,2076,0,0,0,0,0,0,0,0,0,0,0,0,0,0,0,0,0,0
2077,7568,7568,7578,7578,0,0,0,0,0,0,7568,21,7547,7578,25,7553,0,2077,0,0,0,0,0,0,0,0,0,0,0,0,0,0,0,0,0,0
2078,7568,7568,7578,7578,0,0,0,0,0,0,7568,23,7545,7578,27,7551,0,2078,0,0,0,0,0,0,0,0,0,0,0,0,0,0,0,0,0,0
2079,7568,7568,7578,7578,0,0,0,0,0,0,7568,9,7559,7578,13,7565,0,2079,0,0,0,0,0,0,0,0,0,0,0,0,0,0,0,0,0,0
2080,7568,7568,7578,7575,4009,2505,1504,359,359,786,7564,30,7534,7574,32,7542,18095,2080,2505,1379,848,0,278,0,0,0,359,64,269,0,0,0,26,0,4,1
2081,7568,7568,7578,7546,171164,95654,75510,21694,24427,29389,7519,48,7471,7527,51,7476,99610,2081,95654,63008,26351,0,6295,0,0,0,24427,11023,6885,0,0,0,6519,0,49,19
2082,7568,7568,7578,7397,1175994,974061,201933,81579,65639,54715,7280,56,7224,7285,57,7228,415494,2082,974061,236635,181299,0,160886,395241,0,0,65639,31048,16082,0,0,0,18509,0,288,112
2083,7568,7568,7578,7334,1470446,1165778,304668,77463,91854,135351,7189,55,7134,7186,43,7143,627224,2083,1165778,297446,197444,0,0,593528,77360,0,91854,44380,20883,0,0,0,26591,0,379,148
2084,7568,7568,7578,7572,28130,15479,12651,5041,3376,4234,7558,41,7517,7568,46,7522,27130,2084,15479,9149,4262,0,2068,0,0,0,3376,1508,1338,0,0,0,530,0,10,4
2085,7568,7568,7578,7557,82071,50457,31614,12767,11480,7367,7535,34,7501,7545,38,7507,100287,2085,50457,23983,18998,0,7476,0,0,0,11480,4724,4266,0,0,0,2490,0,33,12
2086,7568,7568,7578,7578,0,0,0,0,0,0,7568,2,7566,7578,3,7575,0,2086,0,0,0,0,0,0,0,0,0,0,0,0,0,0,0,0,0,0
2087,7568,7568,7578,7578,0,0,0,0,0,0,7568,15,7553,7578,16,7562,0,2087,0,0,0,0,0,0,0,0,0,0,0,0,0,0,0,0,0,0
2088,7568,7568,7578,7578,0,0,0,0,0,0,7568,33,7535,7578,39,7539,0,2088,0,0,0,0,0,0,0,0,0,0,0,0,0,0,0,0,0,0
2089,7568,7568,7578,7578,0,0,0,0,0,0,7568,37,7531,7578,41,7537,0,2089,0,0,0,0,0,0,0,0,0,0,0,0,0,0,0,0,0,0
2090,7568,7568,7578,7578,0,0,0,0,0,0,7568,33,7535,7578,37,7541,0,2090,0,0,0,0,0,0,0,0,0,0,0,0,0,0,0,0,0,0
2091,7568,7568,7578,7537,87765,45785,41980,17234,13796,10950,7505,68,7437,7513,74,7439,260373,2091,45785,29446,16339,0,0,0,0,0,13796,6372,3775,0,0,0,3649,0,63,24
2092,7568,7568,7578,7578,0,0,0,0,0,0,7568,15,7553,7578,18,7560,0,2092,0,0,0,0,0,0,0,0,0,0,0,0,0,0,0,0,0,0
2093,7568,7568,7578,7578,0,0,0,0,0,0,7568,4,7564,7578,7,7571,0,2093,0,0,0,0,0,0,0,0,0,0,0,0,0,0,0,0,0,0
2094,7568,7568,7578,7578,0,0,0,0,0,0,7568,30,7538,7578,35,7543,0,2094,0,0,0,0,0,0,0,0,0,0,0,0,0,0,0,0,0,0
2095,7568,7568,7578,7464,901592,637008,264584,50972,96316,117296,7386,39,7347,7396,39,7357,104140,2095,0,0,0,0,0,0,0,0,0,0,0,0,0,0,0,0,0,0
2096,7568,7568,7578,7578,0,0,0,0,0,0,7568,12,7556,7578,14,7564,0,2096,0,0,0,0,0,0,0,0,0,0,0,0,0,0,0,0,0,0
2097,7568,7568,7578,7578,0,0,0,0,0,0,7568,6,7562,7578,13,7565,0,2097,0,0,0,0,0,0,0,0,0,0,0,0,0,0,0,0,0,0
2098,7568,7568,7578,7578,0,0,0,0,0,0,7568,20,7548,7578,25,7553,0,2098,637008,272222,185385,0,55878,123523,0,0,96316,36647,37724,0,0,0,21945,0,182,68
2099,7568,7568,7578,7578,0,0,0,0,0,0,7568,1,7567,7578,3,7575,0,2099,0,0,0,0,0,0,0,0,0,0,0,0,0,0,0,0,0,0
