"Year","AFem","AFemDeath","AMal","AMalDeath","Eggs","EggsDeath","FryGrad","FryExit","FryDeath","FryInStr","allMortAF","baseMortAF","tempMortAF","allMortAM","baseMortAM","tempMortAM","InVivo"
2010,7568,7568,7578,6324,32263238,26802915,5460323,2673183,947463,1839677,1701,196,1505,1741,235,1506,157854
2011,7568,7568,7578,6313,33062058,28332175,4729883,2375018,848546,1506319,1585,193,1392,1626,231,1395,0
2012,7568,7568,7578,6313,30672005,25489986,5182019,2205049,1130641,1846329,1970,193,1777,2010,230,1780,262743
2013,7568,7568,7578,6323,31531356,26467374,5063982,1730691,1593423,1739868,1862,191,1671,1902,227,1675,0
2014,7568,7568,7578,7576,16578,9763,6815,109,1635,5071,7565,24,7541,7575,20,7555,0
2015,7568,7568,7578,6323,25480386,22857860,2622526,832152,488940,1301434,2957,177,2780,2999,213,2786,0
2016,7568,7568,7578,6346,104994,102696,2298,1918,173,207,4872,155,4717,4918,195,4723,14864940
2017,7568,7568,7578,6322,40317696,34047481,6270215,3930538,1251323,1088354,272,190,82,307,226,81,0
2018,7568,7568,7578,6322,34421454,28722546,5698908,2904359,1344594,1449955,1339,194,1145,1378,230,1148,0
2019,7568,7568,7578,6465,13593960,12062072,1531888,265560,440606,825722,5108,111,4997,5156,153,5003,0
2020,7568,7568,7578,7433,1315188,1000026,315162,41409,79235,194518,7330,42,7288,7339,44,7295,0
2021,7568,7568,7578,6324,23938632,21141318,2797314,477630,654835,1664849,3236,167,3069,3277,203,3074,0
2022,7568,7568,7578,6634,10438614,9334253,1104361,237102,303365,563894,5679,120,5559,5703,136,5567,0
2023,7568,7568,7578,6322,29705819,24900785,4805034,2084419,818805,1901810,1383,197,1186,1420,232,1188,4482259
2024,7568,7568,7578,6335,23457870,21550650,1907220,417429,388767,1101024,3323,167,3156,3368,206,3162,0
2025,7568,7568,7578,6326,7992618,6890228,1102390,355703,258923,487764,2845,169,2676,2887,204,2683,18162392
2026,7568,7568,7578,6323,35510076,29146986,6363090,3063193,1302950,1996947,1142,194,948,1180,231,949,0
2027,7568,7568,7578,6322,29569626,23632593,5937033,2874111,1424429,1638493,2217,192,2025,2258,228,2030,0
2028,7568,7568,7578,7114,4724730,4249319,475411,6098,126504,342809,6713,81,6632,6748,109,6639,0
2029,7568,7568,7578,7038,5630994,5214770,416224,5503,99313,311408,6549,87,6462,6574,105,6469,0
2030,7568,7568,7578,7578,0,0,0,0,0,0,7568,10,7558,7578,13,7565,0
2031,7568,7568,7578,6322,35432712,27879811,7552901,4096905,1399260,2056736,1156,195,961,1193,231,962,0
2032,7568,7568,7578,6452,13107672,12041926,1065746,52526,272245,740975,5196,123,5073,5246,168,5078,0
2033,7568,7568,7578,7361,1889642,1573188,316454,42117,75349,198988,7226,61,7165,7228,55,7173,250
2034,7568,7568,7578,6319,21561099,18410616,3150483,1116742,846905,1186836,3239,168,3071,3280,206,3074,2367762
2035,7568,7568,7578,7569,71838,39426,32412,5683,9178,17551,7555,54,7501,7564,61,7503,0
2036,7568,7568,7578,6460,9288236,8493476,794760,93718,217806,483236,5092,97,4995,5147,145,5002,4413203
2037,7568,7568,7578,6322,19763938,16477768,3286170,1310868,662298,1313004,2535,192,2343,2575,227,2348,8073516
2038,7568,7568,7578,6370,18959706,16146020,2813686,990196,668134,1155356,4137,154,3983,4187,196,3991,0
2039,7568,7568,7578,6461,13058294,11930390,1127904,264756,244194,618954,5097,115,4982,5145,157,4988,598938
2040,7568,7568,7578,6323,34438032,28044001,6394031,2931962,1737945,1724124,1336,196,1140,1377,233,1144,0
2041,7568,7568,7578,7122,2566874,2290021,276853,63598,67562,145693,6756,105,6651,6788,133,6655,1929682
2042,7568,7568,7578,6328,18583938,16263593,2320345,588368,716964,1015013,4205,169,4036,4248,204,4044,0
2043,7568,7568,7578,6859,7034598,6471067,563531,45573,166693,351265,6295,90,6205,6322,109,6213,0
2044,7568,7568,7578,7574,33586,21751,11835,1303,2661,7871,7561,41,7520,7571,48,7523,5096
2045,7568,7568,7578,7578,0,0,0,0,0,0,7568,34,7534,7578,37,7541,0
2046,7568,7568,7578,6380,14349294,12964153,1385141,427249,353918,603974,4686,138,4548,4736,180,4556,1583265
2047,7568,7568,7578,6515,5072652,4868758,203894,29668,47194,127032,5470,116,5354,5495,136,5359,6554600
2048,7568,7568,7578,6324,21794544,19569206,2225338,463203,563467,1198668,3624,157,3467,3668,194,3474,0
2049,7568,7568,7578,7578,0,0,0,0,0,0,7568,35,7533,7578,39,7539,0
2050,7568,7568,7578,7578,0,0,0,0,0,0,7568,15,7553,7578,3,7575,0
2051,7568,7568,7578,6452,15948036,14066353,1881683,454189,598625,828869,4682,161,4521,4724,197,4527,0
2052,7568,7568,7578,6978,4038932,3669920,369012,69379,100002,199631,6496,77,6419,6519,95,6424,1895488
2053,7568,7568,7578,6425,17777142,14979993,2797149,988539,641523,1167087,4351,146,4205,4408,196,4212,0
2054,7568,7568,7578,6783,4499311,4237858,261453,9291,62396,189766,6165,94,6071,6179,100,6079,3269844
2055,7568,7568,7578,6658,9151056,8364910,786146,140012,230666,415468,5912,114,5798,5937,129,5808,0
2056,7568,7568,7578,6359,17859932,15953353,1906579,512680,460576,933323,4336,159,4177,4382,199,4183,100
2057,7568,7568,7578,7217,3332178,2944744,387434,34969,112946,239519,6965,65,6900,6972,67,6905,0
2058,7568,7568,7578,7573,29939,19401,10538,2332,3670,4536,7561,35,7526,7570,36,7534,8743
2059,7568,7568,7578,7578,0,0,0,0,0,0,7568,8,7560,7578,12,7566,0
2060,7568,7568,7578,7578,0,0,0,0,0,0,7568,25,7543,7578,28,7550,0
2061,7568,7568,7578,6539,5213908,4795429,418479,119076,134615,164788,5587,103,5484,5609,122,5487,5764877
2062,7568,7568,7578,6728,8391465,7723694,667771,69919,162381,435471,6047,93,5954,6056,93,5963,13581
2063,7568,7568,7578,7432,1304136,901533,402603,63086,114316,225201,7332,55,7277,7340,61,7279,0
2064,7568,7568,7578,6345,16323473,14183329,2140144,834290,855435,450419,4112,155,3957,4162,197,3965,2783948
2065,7568,7568,7578,7578,0,0,0,0,0,0,7568,20,7548,7578,13,7565,0
2066,7568,7568,7578,7575,16830,8696,8134,1940,1895,4299,7563,39,7524,7573,42,7531,10800
2067,7568,7568,7578,7523,301542,162866,138676,38857,39052,60767,7481,39,7442,7491,41,7450,179220
2068,7568,7568,7578,7058,4783402,4349477,433925,118339,141940,173646,6677,103,6574,6704,123,6581,140868
2069,7568,7568,7578,6780,3379515,3170456,209059,12830,75463,120766,6130,100,6030,6144,106,6038,4584674
2070,7568,7568,7578,7578,0,0,0,0,0,0,7568,24,7544,7578,27,7551,0
2071,7568,7568,7578,7480,376230,222568,153662,44417,48053,61192,7408,37,7371,7418,45,7373,507930
2072,7568,7568,7578,7578,0,0,0,0,0,0,7568,2,7566,7578,3,7575,0
2073,7568,7568,7578,7578,0,0,0,0,0,0,7568,0,7568,7578,0,7578,0
2074,7568,7568,7578,7578,0,0,0,0,0,0,7568,40,7528,7578,44,7534,0
2075,7568,7568,7578,7578,0,0,0,0,0,0,7568,10,7558,7578,13,7565,0
2076,7568,7568,7578,7578,0,0,0,0,0,0,7568,9,7559,7578,12,7566,0
2077,7568,7568,7578,7578,0,0,0,0,0,0,7568,21,7547,7578,25,7553,0
2078,7568,7568,7578,7578,0,0,0,0,0,0,7568,23,7545,7578,27,7551,0
2079,7568,7568,7578,7578,0,0,0,0,0,0,7568,9,7559,7578,13,7565,0
2080,7568,7568,7578,7575,4009,2505,1504,359,359,786,7564,30,7534,7574,32,7542,18095
2081,7568,7568,7578,7546,171164,95654,75510,21694,24427,29389,7519,48,7471,7527,51,7476,99610
2082,7568,7568,7578,7397,1175994,974061,201933,81579,65639,54715,7280,56,7224,7285,57,7228,415494
2083,7568,7568,7578,7334,1470446,1165778,304668,77463,91854,135351,7189,55,7134,7186,43,7143,627224
2084,7568,7568,7578,7572,28130,15479,12651,5041,3376,4234,7558,41,7517,7568,46,7522,27130
2085,7568,7568,7578,7557,82071,50457,31614,12767,11480,7367,7535,34,7501,7545,38,7507,100287
2086,7568,7568,7578,7578,0,0,0,0,0,0,7568,2,7566,7578,3,7575,0
2087,7568,7568,7578,7578,0,0,0,0,0,0,7568,15,7553,7578,16,7562,0
2088,7568,7568,7578,7578,0,0,0,0,0,0,7568,33,7535,7578,39,7539,0
2089,7568,7568,7578,7578,0,0,0,0,0,0,7568,37,7531,7578,41,7537,0
2090,7568,7568,7578,7578,0,0,0,0,0,0,7568,33,7535,7578,37,7541,0
2091,7568,7568,7578,7537,87765,45785,41980,17234,13796,10950,7505,68,7437,7513,74,7439,260373
2092,7568,7568,7578,7578,0,0,0,0,0,0,7568,15,7553,7578,18,7560,0
2093,7568,7568,7578,7578,0,0,0,0,0,0,7568,4,7564,7578,7,7571,0
2094,7568,7568,7578,7578,0,0,0,0,0,0,7568,30,7538,7578,35,7543,0
2095,7568,7568,7578,7464,901592,637008,264584,50972,96316,117296,7386,39,7347,7396,39,7357,104140
2096,7568,7568,7578,7578,0,0,0,0,0,0,7568,12,7556,7578,14,7564,0
2097,7568,7568,7578,7578,0,0,0,0,0,0,7568,6,7562,7578,13,7565,0
2098,7568,7568,7578,7578,0,0,0,0,0,0,7568,20,7548,7578,25,7553,0
2099,7568,7568,7578,7578,0,0,0,0,0,0,7568,1,7567,7578,3,7575,0
