"Year","AFem","AFemDeath","AMal","AMalDeath","Eggs","EggsDeath","FryGrad","FryExit","FryDeath","FryInStr","allMortAF","baseMortAF","tempMortAF","allMortAM","baseMortAM","tempMortAM","InVivo","Year","allMortEgg","baseMortEgg","tempMortEgg","denMortEgg","incMortEgg","superMortEgg","lostMortEgg","catMortEgg","allMortFry","baseMortFry","tempMortFry","denMortFry","habMortFry","freshMortFry","seasMortFry","catMortFry","allMortSF","allMortSM"
2010,7568,7568,7578,6325,20755656,18084114,2671542,1014506,570263,1086773,3812,161,3651,3854,196,3658,0,2010,18084114,3396896,1492067,0,711159,5117834,7366158,0,570263,333664,36686,0,0,0,199913,0,3756,2471
2011,7568,7568,7578,6339,11102164,9922043,1180121,426529,258493,495099,4407,144,4263,4455,183,4272,6390840,2011,9922043,1330983,726495,0,366713,2831844,4666008,0,258493,161795,349,0,0,0,96349,0,3161,1884
2012,7568,7568,7578,6309,40582944,32934475,7648469,3929206,1323160,2396103,224,185,39,265,226,39,0,2012,32934475,11101605,4362940,0,2557374,7419300,7493256,0,1323160,777591,79152,0,0,0,466417,0,7344,6044
2013,7568,7568,7578,6322,40743198,32779826,7963372,3911356,1545169,2506847,195,190,5,231,226,5,0,2013,32779826,10975573,6633746,0,564123,7052342,7554042,0,1545169,764520,320211,0,0,0,460438,0,7373,6091
2014,7568,7568,7578,7340,2315394,1857073,458321,35461,108172,314688,7149,84,7065,7150,76,7074,0,2014,1857073,579802,227160,0,42849,907794,99468,0,108172,57927,15706,0,0,0,34539,0,419,190
2015,7568,7568,7578,6322,25704198,22228279,3475919,1274184,714979,1486756,2196,191,2005,2237,227,2010,3984916,2015,22228279,5378587,3251968,0,899878,5783786,6914060,0,714979,359138,139965,0,0,0,215876,0,5372,4085
2016,7568,7568,7578,6324,19877022,17828632,2048390,424824,667177,956389,3971,162,3809,4013,199,3814,0,2016,17828632,3190518,1620801,0,539188,5078811,7399314,0,667177,230100,297246,0,0,0,139831,0,3597,2311
2017,7568,7568,7578,7489,625754,366869,258885,27168,72584,159133,7425,41,7384,7434,43,7391,164464,2017,366869,273256,89560,0,1135,2918,0,0,72584,34210,17916,0,0,0,20458,0,143,55
2018,7568,7568,7578,6344,23800482,19640361,4160121,1743054,1127061,1290006,3261,185,3076,3299,218,3081,0,2018,19640361,4985075,1993078,0,529382,5009812,7123014,0,1127061,471409,370601,0,0,0,285051,0,4307,3045
2019,7568,7568,7578,6701,8731080,8028609,702471,29199,179407,493865,5988,108,5880,6012,132,5880,0,2019,8028609,1016336,349166,0,0,2380457,4282650,0,179407,79661,51957,0,0,0,47789,0,1580,689
2020,7568,7568,7578,6322,39339594,33789160,5550434,2681070,980855,1888509,449,193,256,486,229,257,0,2020,33789160,9599342,6585644,0,2789334,7260798,7554042,0,980855,555258,92419,0,0,0,333178,0,7119,5836
2021,7568,7568,7578,6325,19859110,17594504,2264606,364330,586636,1313640,3974,165,3809,4017,201,3816,1334,2021,17594504,3354067,1856599,0,94621,4917533,7371684,0,586636,238620,203811,0,0,0,144205,0,3594,2308
2022,7568,7568,7578,6362,15381307,13814848,1566459,126539,451586,988334,4783,163,4620,4828,202,4626,8603,2022,13814848,2198513,1012597,0,3072,3599224,7001442,0,451586,174827,171005,0,0,0,105754,0,2785,1534
2023,7568,7568,7578,7578,0,0,0,0,0,0,7568,45,7523,7578,49,7529,0,2023,0,0,0,0,0,0,0,0,0,0,0,0,0,0,0,0,0,0
2024,7568,7568,7578,7126,4641840,4297201,344639,2202,72453,269984,6728,84,6644,6762,111,6651,0,2024,4297201,712702,358784,0,145380,1892245,1188090,0,72453,32009,21318,0,0,0,19126,0,840,364
2025,7568,7568,7578,6767,8598456,7756106,842350,120689,184731,536930,6012,101,5911,6031,108,5923,0,2025,7756106,1187903,346812,0,166052,2093197,3962142,0,184731,107043,13988,0,0,0,63700,0,1556,736
2026,7568,7568,7578,6730,37312302,30173835,7138467,3192070,1893578,2052819,809,188,621,849,226,623,37932,2026,30173835,9398742,4330017,0,768434,8139178,7537464,0,1893578,699850,768455,0,0,0,425273,0,6759,5881
2027,7568,7568,7578,7182,4061610,3624283,437327,7853,108991,320483,6833,66,6767,6869,96,6773,0,2027,3624283,703912,340628,0,27728,1723115,828900,0,108991,47190,33461,0,0,0,28340,0,735,313
2028,7568,7568,7578,7480,862056,485261,376795,129952,112440,134403,7412,43,7369,7419,41,7378,0,2028,485261,295153,146258,0,6763,37087,0,0,112440,57242,21048,0,0,0,34150,0,156,61
2029,7568,7568,7578,6612,6563675,6068509,495166,32507,96795,365864,5739,124,5615,5772,152,5620,3562469,2029,6068509,732889,326923,0,115404,1609057,3284236,0,96795,57711,4923,0,0,0,34161,0,1829,840
2030,7568,7568,7578,6421,14472594,13572712,899882,43534,275080,581268,4949,144,4805,4999,187,4812,0,2030,13572712,1765688,1021757,0,528203,3692176,6564888,0,275080,96443,120389,0,0,0,58248,0,2619,1422
2031,7568,7568,7578,7550,254196,173424,80772,2633,31538,46601,7522,33,7489,7533,38,7495,0,2031,173424,104678,46875,0,21871,0,0,0,31538,8849,17365,0,0,0,5324,0,46,17
2032,7568,7568,7578,7578,0,0,0,0,0,0,7568,38,7530,7578,40,7538,0,2032,0,0,0,0,0,0,0,0,0,0,0,0,0,0,0,0,0,0
2033,7568,7568,7578,6356,10146988,9179388,967600,113859,215433,638308,4703,160,4543,4747,196,4551,5710045,2033,9179388,1361583,567651,0,71949,2566530,4611675,0,215433,115922,30456,0,0,0,69055,0,2865,1609
2034,7568,7568,7578,6318,36299017,30947440,5351577,2055033,1475128,1821416,892,193,699,929,230,699,592811,2034,30947440,8552691,7425378,0,701989,6785178,7482204,0,1475128,482607,698196,0,0,0,294325,0,6676,5389
2035,7568,7568,7578,7500,680521,409970,270551,12443,67414,190694,7437,49,7388,7449,51,7398,43385,2035,409970,314253,71139,0,24578,0,0,0,67414,32591,15465,0,0,0,19358,0,131,51
2036,7568,7568,7578,7368,1785607,1459446,326161,21478,90856,213827,7219,77,7142,7223,73,7150,143369,2036,1459446,428279,156796,0,109779,718476,46116,0,90856,40716,25927,0,0,0,24213,0,349,145
2037,7568,7568,7578,6330,27674208,24637781,3036427,1409353,624269,1002805,2560,188,2372,2602,225,2377,0,2037,24637781,4142410,2352512,0,3692460,7078715,7371684,0,624269,345066,72336,0,0,0,206867,0,5008,3728
2038,7568,7568,7578,6331,17655570,16495290,1160280,35803,276542,847935,4373,165,4208,4420,200,4220,0,2038,16495290,2632886,1732532,0,128759,4739949,7261164,0,276542,97873,119271,0,0,0,59398,0,3195,1911
2039,7568,7568,7578,7457,1105200,948628,156572,26,38440,118106,7368,55,7313,7379,60,7319,0,2039,948628,376502,239535,0,103179,229412,0,0,38440,12352,18645,0,0,0,7443,0,200,78
2040,7568,7568,7578,7578,0,0,0,0,0,0,7568,36,7532,7578,39,7539,0,2040,0,0,0,0,0,0,0,0,0,0,0,0,0,0,0,0,0,0
2041,7568,7568,7578,6324,22098474,20656854,1441620,154707,285863,1001050,3569,180,3389,3612,217,3395,0,2041,20656854,3523533,3270269,0,1086933,5338123,7437996,0,285863,111486,107006,0,0,0,67371,0,3999,2712
2042,7568,7568,7578,7576,9044,6024,3020,13,537,2470,7564,40,7524,7575,45,7530,13060,2042,6024,4102,1103,0,819,0,0,0,537,150,307,0,0,0,80,0,4,1
2043,7568,7568,7578,7207,3752154,3272242,479912,81352,121423,277137,6889,85,6804,6908,97,6811,0,2043,3272242,635616,258283,0,472817,1242406,663120,0,121423,65030,17677,0,0,0,38716,0,679,299
2044,7568,7568,7578,6344,16820423,15235882,1584541,255317,414230,914994,4515,147,4368,4565,189,4376,50455,2044,15235882,2121465,1543859,0,377399,4036989,7156170,0,414230,194853,102070,0,0,0,117307,0,3053,1779
2045,7568,7568,7578,6322,28906506,25932016,2974490,1297718,659405,1017367,2337,192,2145,2380,228,2152,0,2045,25932016,5952711,3160612,0,2794849,6558218,7465626,0,659405,332112,127580,0,0,0,199713,0,5231,3942
2046,7568,7568,7578,6347,17080866,15201006,1879860,612641,477006,790213,4477,152,4325,4527,194,4333,0,2046,15201006,2241582,1388363,0,509538,3927457,7134066,0,477006,250440,76461,0,0,0,150105,0,3091,1820
2047,7568,7568,7578,6325,22640022,19481467,3158555,1166889,668810,1322856,3471,169,3302,3516,205,3311,0,2047,19481467,3937268,2343858,0,589612,5216941,7393788,0,668810,376435,66635,0,0,0,225740,0,4097,2809
2048,7568,7568,7578,6324,19829292,17382610,2446682,884828,511010,1050844,2848,175,2673,2889,212,2677,6271961,2048,17382610,3878536,1949149,0,954817,4692070,5908038,0,511010,272197,75609,0,0,0,163204,0,4720,3435
2049,7568,7568,7578,6548,10493874,9443683,1050191,202371,247570,600250,5669,114,5555,5696,136,5560,0,2049,9443683,1214749,508163,0,3,2437912,5282856,0,247570,138730,25887,0,0,0,82953,0,1899,852
2050,7568,7568,7578,7361,1994110,1707992,286118,8500,93479,184139,7207,69,7138,7207,65,7142,776,2050,1707992,456877,399667,0,83093,724147,44208,0,93479,31838,42520,0,0,0,19121,0,361,154
2051,7568,7568,7578,7329,2243556,1855976,387580,63124,119924,204532,7162,98,7064,7166,93,7073,0,2051,1855976,447378,212637,0,93442,975421,127098,0,119924,53363,34788,0,0,0,31773,0,406,163
2052,7568,7568,7578,7312,1728133,1562623,165510,11570,34763,119177,7154,54,7100,7151,41,7110,560786,2052,1562623,334658,178456,0,167546,764426,117537,0,34763,21231,924,0,0,0,12608,0,414,161
2053,7568,7568,7578,6299,22399746,18773873,3625873,1784924,864859,976090,3072,186,2886,3120,226,2894,2452932,2053,18773873,3878453,2611712,0,460457,5019031,6804220,0,864859,446474,150041,0,0,0,268344,0,4496,3179
2054,7568,7568,7578,6322,19762650,16928248,2834402,1165246,642624,1026532,3085,177,2908,3126,213,2913,5017253,2054,16928248,3256311,2643155,0,180298,4447347,6401137,0,642624,332742,110089,0,0,0,199793,0,4483,3196
2055,7568,7568,7578,7555,198936,123658,75278,10895,22329,42054,7532,39,7493,7542,39,7503,0,2055,123658,75855,46029,0,1774,0,0,0,22329,10118,6243,0,0,0,5968,0,36,13
2056,7568,7568,7578,7578,0,0,0,0,0,0,7568,29,7539,7578,33,7545,0,2056,0,0,0,0,0,0,0,0,0,0,0,0,0,0,0,0,0,0
2057,7568,7568,7578,6470,12919788,11769938,1149850,81175,293984,774691,5230,129,5101,5271,162,5109,0,2057,11769938,1730593,718787,0,103113,3094637,6122808,0,293984,133048,80978,0,0,0,79958,0,2338,1199
2058,7568,7568,7578,6535,13837104,12566244,1270860,376503,365512,528845,5064,143,4921,5090,164,4926,0,2058,12566244,1948139,1267155,0,750592,2991468,5608890,0,365512,167738,96960,0,0,0,100814,0,2504,1445
2059,7568,7568,7578,6374,7555175,6935684,619491,43406,186002,390083,4716,168,4548,4762,206,4556,8239116,2059,6935684,990485,619922,0,4842,1812624,3507811,0,186002,63127,84887,0,0,0,37988,0,2852,1612
2060,7568,7568,7578,6928,6194646,5831970,362676,13392,89837,259447,6447,100,6347,6472,113,6359,0,2060,5831970,607498,440191,0,172469,1948280,2663532,0,89837,41297,23898,0,0,0,24642,0,1121,456
2061,7568,7568,7578,6836,8050357,7411017,639340,26082,184909,428349,6111,121,5990,6137,143,5994,1025,2061,7411017,1138958,768075,0,127480,2154846,3221658,0,184909,68908,74511,0,0,0,41490,0,1457,699
2062,7568,7568,7578,7578,0,0,0,0,0,0,7568,30,7538,7578,33,7545,0,2062,0,0,0,0,0,0,0,0,0,0,0,0,0,0,0,0,0,0
2063,7568,7568,7578,7578,0,0,0,0,0,0,7568,24,7544,7578,26,7552,0,2063,0,0,0,0,0,0,0,0,0,0,0,0,0,0,0,0,0,0
2064,7568,7568,7578,6329,18197118,16443913,1753205,229065,495031,1029109,4275,163,4112,4318,197,4121,0,2064,16443913,2603766,1319395,0,385787,4862749,7272216,0,495031,196665,179481,0,0,0,118885,0,3293,2011
2065,7568,7568,7578,7578,0,0,0,0,0,0,7568,35,7533,7578,41,7537,0,2065,0,0,0,0,0,0,0,0,0,0,0,0,0,0,0,0,0,0
2066,7568,7568,7578,7324,2226978,1943705,283273,1830,78682,202761,7165,67,7098,7171,64,7107,0,2066,1943705,482191,314480,0,25819,977539,143676,0,78682,30397,29907,0,0,0,18378,0,403,153
2067,7568,7568,7578,7578,0,0,0,0,0,0,7568,10,7558,7578,12,7566,0,2067,0,0,0,0,0,0,0,0,0,0,0,0,0,0,0,0,0,0
2068,7568,7568,7578,7574,17759,11504,6255,1458,1424,3373,7561,32,7529,7571,37,7534,20923,2068,11504,6044,3693,0,1767,0,0,0,1424,372,873,0,0,0,179,0,7,3
2069,7568,7568,7578,7578,0,0,0,0,0,0,7568,25,7543,7578,28,7550,0,2069,0,0,0,0,0,0,0,0,0,0,0,0,0,0,0,0,0,0
2070,7568,7568,7578,7463,961302,678307,282995,56551,81149,145295,7385,42,7343,7395,45,7350,49956,2070,678307,292094,183322,0,92262,110629,0,0,81149,40278,16776,0,0,0,24095,0,183,68
2071,7568,7568,7578,7564,86416,62257,24159,1231,6438,16490,7547,61,7486,7556,66,7490,29630,2071,62257,32359,19606,0,10292,0,0,0,6438,2857,2068,0,0,0,1513,0,21,8
2072,7568,7568,7578,7166,2123826,1938968,184858,32170,41202,111486,6850,82,6768,6877,105,6772,1845600,2072,1938968,253540,271054,0,43700,979460,391214,0,41202,25214,1371,0,0,0,14617,0,718,289
2073,7568,7568,7578,6320,12025284,10928872,1096412,337226,256019,503167,4558,160,4398,4606,202,4404,4618175,2073,10928872,1487602,809531,0,415522,2959069,5257148,0,256019,150371,15925,0,0,0,89723,0,3010,1714
2074,7568,7568,7578,7561,36815,23734,13081,1356,3355,8370,7543,45,7498,7550,46,7504,101335,2074,23734,14759,8975,0,0,0,0,0,3355,1295,1590,0,0,0,470,0,25,11
2075,7568,7568,7578,7578,0,0,0,0,0,0,7568,24,7544,7578,27,7551,0,2075,0,0,0,0,0,0,0,0,0,0,0,0,0,0,0,0,0,0
2076,7568,7568,7578,7578,0,0,0,0,0,0,7568,48,7520,7578,53,7525,0,2076,0,0,0,0,0,0,0,0,0,0,0,0,0,0,0,0,0,0
2077,7568,7568,7578,7578,0,0,0,0,0,0,7568,17,7551,7578,21,7557,0,2077,0,0,0,0,0,0,0,0,0,0,0,0,0,0,0,0,0,0
2078,7568,7568,7578,7578,0,0,0,0,0,0,7568,34,7534,7578,37,7541,0,2078,0,0,0,0,0,0,0,0,0,0,0,0,0,0,0,0,0,0
2079,7568,7568,7578,7578,0,0,0,0,0,0,7568,9,7559,7578,11,7567,0,2079,0,0,0,0,0,0,0,0,0,0,0,0,0,0,0,0,0,0
2080,7568,7568,7578,7578,0,0,0,0,0,0,7568,22,7546,7578,26,7552,0,2080,0,0,0,0,0,0,0,0,0,0,0,0,0,0,0,0,0,0
2081,7568,7568,7578,7578,0,0,0,0,0,0,7568,10,7558,7578,16,7562,0,2081,0,0,0,0,0,0,0,0,0,0,0,0,0,0,0,0,0,0
2082,7568,7568,7578,7578,0,0,0,0,0,0,7568,29,7539,7578,32,7546,0,2082,0,0,0,0,0,0,0,0,0,0,0,0,0,0,0,0,0,0
2083,7568,7568,7578,7578,0,0,0,0,0,0,7568,10,7558,7578,15,7563,0,2083,0,0,0,0,0,0,0,0,0,0,0,0,0,0,0,0,0,0
2084,7568,7568,7578,7578,0,0,0,0,0,0,7568,1,7567,7578,3,7575,0,2084,0,0,0,0,0,0,0,0,0,0,0,0,0,0,0,0,0,0
2085,7568,7568,7578,7578,0,0,0,0,0,0,7568,6,7562,7578,3,7575,0,2085,0,0,0,0,0,0,0,0,0,0,0,0,0,0,0,0,0,0
2086,7568,7568,7578,7578,0,0,0,0,0,0,7568,15,7553,7578,20,7558,0,2086,0,0,0,0,0,0,0,0,0,0,0,0,0,0,0,0,0,0
2087,7568,7568,7578,7578,0,0,0,0,0,0,7568,6,7562,7578,10,7568,0,2087,0,0,0,0,0,0,0,0,0,0,0,0,0,0,0,0,0,0
2088,7568,7568,7578,7578,0,0,0,0,0,0,7568,6,7562,7578,9,7569,0,2088,0,0,0,0,0,0,0,0,0,0,0,0,0,0,0,0,0,0
2089,7568,7568,7578,7574,21304,12432,8872,2494,3244,3134,7560,39,7521,7571,42,7529,22904,2089,0,0,0,0,0,0,0,0,0,0,0,0,0,0,0,0,0,0
2090,7568,7568,7578,7578,0,0,0,0,0,0,7568,5,7563,7578,9,7569,0,2090,0,0,0,0,0,0,0,0,0,0,0,0,0,0,0,0,0,0
2091,7568,7568,7578,7578,0,0,0,0,0,0,7568,0,7568,7578,0,7578,0,2091,0,0,0,0,0,0,0,0,0,0,0,0,0,0,0,0,0,0
2092,7568,7568,7578,7578,0,0,0,0,0,0,7568,20,7548,7578,24,7554,0,2092,0,0,0,0,0,0,0,0,0,0,0,0,0,0,0,0,0,0
2093,7568,7568,7578,7578,0,0,0,0,0,0,7568,4,7564,7578,8,7570,0,2093,0,0,0,0,0,0,0,0,0,0,0,0,0,0,0,0,0,0
2094,7568,7568,7578,7578,0,0,0,0,0,0,7568,8,7560,7578,12,7566,0,2094,0,0,0,0,0,0,0,0,0,0,0,0,0,0,0,0,0,0
2095,7568,7568,7578,7578,0,0,0,0,0,0,7568,3,7565,7578,3,7575,0,2095,0,0,0,0,0,0,0,0,0,0,0,0,0,0,0,0,0,0
2096,7568,7568,7578,7578,0,0,0,0,0,0,7568,0,7568,7578,1,7577,0,2096,0,0,0,0,0,0,0,0,0,0,0,0,0,0,0,0,0,0
2097,7568,7568,7578,7578,0,0,0,0,0,0,7568,21,7547,7578,25,7553,0,2097,0,0,0,0,0,0,0,0,0,0,0,0,0,0,0,0,0,0
2098,7568,7568,7578,7578,0,0,0,0,0,0,7568,9,7559,7578,14,7564,0,2098,12432,7934,2802,0,1696,0,0,0,3244,838,2068,0,0,0,338,0,8,3
2099,7568,7568,7578,7578,0,0,0,0,0,0,7568,8,7560,7578,13,7565,0,2099,0,0,0,0,0,0,0,0,0,0,0,0,0,0,0,0,0,0
