"Year","AFem","AFemDeath","AMal","AMalDeath","Eggs","EggsDeath","FryGrad","FryExit","FryDeath","FryInStr","allMortAF","baseMortAF","tempMortAF","allMortAM","baseMortAM","tempMortAM","InVivo","Year","allMortEgg","baseMortEgg","tempMortEgg","denMortEgg","incMortEgg","superMortEgg","lostMortEgg","catMortEgg","allMortFry","baseMortFry","tempMortFry","denMortFry","habMortFry","freshMortFry","seasMortFry","catMortFry","allMortSF","allMortSM"
2010,7568,7568,7578,6309,35386180,32018429,3367751,2094954,598508,674289,185,185,0,226,226,0,5423234,2010,32018429,7917626,4242102,0,8265880,5449655,6143166,0,598508,369476,8095,0,0,0,220937,0,7383,6083
2011,7568,7568,7578,6309,17913335,15903097,2010238,1263476,391333,355429,186,186,0,226,226,0,22932776,2011,15903097,3587911,2183625,0,3767129,2982655,3381777,0,391333,224736,32482,0,0,0,134115,0,7382,6083
2012,7568,7568,7578,6267,40710042,33218491,7491551,3307494,1464469,2719588,201,183,18,247,227,20,0,2012,33218491,11425917,5845296,0,1759198,6998754,7189326,0,1464469,682561,370212,0,0,0,411696,0,7367,6020
2013,7568,7568,7578,6322,39899522,32574085,7325437,4041983,1226495,2056959,190,190,0,226,226,0,871558,2013,32574085,9733267,4007562,0,3921282,7424570,7487404,0,1226495,764608,3815,0,0,0,458072,0,7378,6096
2014,7568,7568,7578,6275,40815036,34975761,5839275,2544984,1063944,2230347,182,182,0,226,226,0,0,2014,34975761,10298841,7401033,0,4949364,5822421,6504102,0,1063944,537782,202839,0,0,0,323323,0,7386,6049
2015,7568,7568,7578,6426,14973052,12858768,2114284,656986,590979,866319,4493,133,4360,4536,169,4367,2027037,2015,12858768,2441369,1011939,0,361098,3413538,5630824,0,590979,261522,171889,0,0,0,157568,0,3075,1890
2016,7568,7568,7578,6323,23504171,20294388,3209783,1292568,583510,1333705,969,192,777,1008,227,781,12991738,2016,20294388,5386036,2699697,0,2083231,4788658,5336766,0,583510,320428,70956,0,0,0,192126,0,6599,5315
2017,7568,7568,7578,6274,40571892,32413330,8158562,4084817,1647177,2426568,226,187,39,271,231,40,0,2017,32413330,10928019,4268659,0,1599128,8041378,7576146,0,1647177,805553,356227,0,0,0,485397,0,7342,6003
2018,7568,7568,7578,6322,40174020,35795062,4378958,1978625,749907,1650426,298,192,106,335,227,108,0,2018,35795062,9418836,8073639,0,4764978,6414595,7123014,0,749907,427010,66858,0,0,0,256039,0,7270,5987
2019,7568,7568,7578,6322,9886607,8780906,1105701,351236,235180,519285,283,193,90,319,229,90,30435355,2019,8780906,1948408,1242054,0,369475,2395901,2825068,0,235180,105951,65908,0,0,0,63321,0,7285,6003
2020,7568,7568,7578,6323,25091139,21428731,3662408,2039970,657853,964585,561,198,363,600,235,365,13659841,2020,21428731,5668370,2612444,0,3234847,4634699,5278371,0,657853,397336,22907,0,0,0,237610,0,7007,5723
2021,7568,7568,7578,6285,40820562,32367541,8453021,5432128,1853547,1167346,181,181,0,227,227,0,0,2021,32367541,9032247,5418306,0,5084124,5930890,6901974,0,1853547,916688,384720,0,0,0,552139,0,7387,6058
2022,7568,7568,7578,6267,40650093,34474123,6175970,3602594,1187918,1385458,203,187,16,247,231,16,48897,2022,34474123,10196830,6082101,0,3799776,6924264,7471152,0,1187918,662524,127703,0,0,0,397691,0,7365,6020
2023,7568,7568,7578,6293,28845720,23979194,4866526,2040812,1051274,1774440,2348,173,2175,2396,214,2182,0,2023,23979194,6500297,3639090,0,1350780,5564949,6924078,0,1051274,504942,242175,0,0,0,304157,0,5220,3897
2024,7568,7568,7578,6290,40815036,32970782,7844254,4583214,1315544,1945496,182,182,0,227,227,0,0,2024,32970782,10406899,3741394,0,3552145,7666568,7603776,0,1315544,822558,0,0,0,0,492986,0,7386,6063
2025,7568,7568,7578,6266,29254862,23872979,5381883,3496172,1126973,758738,182,182,0,226,226,0,11587525,2025,23872979,6220918,4105822,0,3036032,5069981,5440226,0,1126973,587874,185783,0,0,0,353316,0,7386,6040
2026,7568,7568,7578,6272,40069026,32269671,7799355,4041523,1824211,1933621,317,185,132,363,227,136,0,2026,32269671,10479186,5996462,0,760755,7479226,7554042,0,1824211,748478,622455,0,0,0,453278,0,7251,5909
2027,7568,7568,7578,7535,375768,272546,103222,659,20374,82189,7500,39,7461,7510,41,7469,0,2027,272546,163729,107599,0,1218,0,0,0,20374,10274,3980,0,0,0,6120,0,68,25
2028,7568,7568,7578,6953,5466689,4991491,475198,58533,121224,295441,6443,114,6329,6467,129,6338,753979,2028,4991491,623804,326137,0,104959,1631662,2304929,0,121224,59522,26398,0,0,0,35304,0,1125,486
2029,7568,7568,7578,6282,23010994,19502243,3508751,1874617,711945,922189,417,188,229,460,232,228,16539690,2029,19502243,4634579,2504503,0,1883761,5228583,5250817,0,711945,359290,136818,0,0,0,215837,0,7151,5822
2030,7568,7568,7578,7553,243144,151103,92041,9867,23127,59047,7524,43,7481,7534,53,7481,0,2030,151103,98276,40230,0,12597,0,0,0,23127,11565,4801,0,0,0,6761,0,44,19
2031,7568,7568,7578,6322,40737672,31199907,9537765,5258395,1860133,2419237,196,195,1,231,230,1,0,2031,31199907,11357384,3174917,0,1216801,7896763,7554042,0,1860133,947609,342113,0,0,0,570411,0,7372,6091
2032,7568,7568,7578,6288,37187444,32036099,5151345,3064715,933198,1153432,566,185,381,613,230,383,1506235,2032,32036099,7250865,4928235,0,5532157,7096670,7228172,0,933198,559900,37862,0,0,0,335436,0,7002,5675
2033,7568,7568,7578,6268,40815036,37710478,3104558,1051080,639264,1414214,182,182,0,226,226,0,0,2033,37710478,10298646,7446559,0,4720056,7729857,7515360,0,639264,274884,198503,0,0,0,165877,0,7386,6042
2034,7568,7568,7578,6327,34653546,28700178,5953368,2302140,1277681,2373547,1297,192,1105,1336,228,1108,0,2034,28700178,8870530,4420218,0,1645784,6508008,7255638,0,1277681,567652,367284,0,0,0,342745,0,6271,4991
2035,7568,7568,7578,6720,10057320,9354867,702453,56387,152211,493855,5748,121,5627,5760,123,5637,0,2035,9354867,1525411,1127744,0,418957,2226671,4056084,0,152211,74486,33193,0,0,0,44532,0,1820,960
2036,7568,7568,7578,6322,40721094,33897768,6823326,4568749,1280624,973953,199,190,9,236,226,10,0,2036,33897768,7784684,4810818,0,6490001,7330061,7482204,0,1280624,768011,52476,0,0,0,460137,0,7369,6086
2037,7568,7568,7578,6266,40798458,35238405,5560053,3526956,978294,1054803,185,182,3,229,226,3,0,2037,35238405,8642089,6387223,0,7505976,5989027,6714090,0,978294,611037,1424,0,0,0,365833,0,7383,6037
2038,7568,7568,7578,7025,38708724,29323472,9385252,5808179,1771250,1805823,181,181,0,213,213,0,2115331,2038,29323472,10051365,2679678,0,2012493,7385536,7194400,0,1771250,1002110,167181,0,0,0,601959,0,7387,6812
2039,7568,7568,7578,6323,39435012,33119277,6315735,3401678,1200624,1713433,431,195,236,470,233,237,4050,2039,33119277,8547833,8336445,0,2799256,6589029,6846714,0,1200624,622955,203139,0,0,0,374530,0,7137,5853
2040,7568,7568,7578,6431,19589670,16441212,3148458,1140658,711419,1296381,4023,154,3869,4076,200,3876,0,2040,16441212,3842417,1517158,0,451094,4131967,6498576,0,711419,367852,122581,0,0,0,220986,0,3545,2355
2041,7568,7568,7578,6285,40792932,34656266,6136666,2713729,1309269,2113668,186,183,3,232,229,3,0,2041,34656266,10801145,5743489,0,3251314,7378114,7482204,0,1309269,581495,376745,0,0,0,351029,0,7382,6053
2042,7568,7568,7578,6324,25649272,20968006,4681266,2198011,964296,1518959,1245,187,1058,1286,221,1065,9312875,2042,20968006,5982429,3198640,0,1090931,4843189,5852817,0,964296,483678,189686,0,0,0,290932,0,6323,5038
2043,7568,7568,7578,6353,21307721,18522315,2785406,932682,487373,1365351,3157,161,2996,3203,200,3003,3070804,2043,18522315,4275046,2225070,0,939702,4614728,6467769,0,487373,293587,18008,0,0,0,175778,0,4411,3150
2044,7568,7568,7578,6269,40815036,33845285,6969751,3424441,1444431,2100879,182,182,0,226,226,0,0,2044,33845285,10184985,6438339,0,4677346,6001831,6542784,0,1444431,661821,383457,0,0,0,399153,0,7386,6043
2045,7568,7568,7578,6337,27701838,25382511,2319327,836187,497829,985311,2555,165,2390,2600,204,2396,0,2045,25382511,5427068,2649748,0,3884567,6121282,7299846,0,497829,250419,97032,0,0,0,150378,0,5013,3737
2046,7568,7568,7578,6272,39472218,31925992,7546226,4345891,1357752,1842583,425,190,235,467,233,234,0,2046,31925992,9468081,4835479,0,3008370,7192644,7421418,0,1357752,794491,86590,0,0,0,476671,0,7143,5805
2047,7568,7568,7578,6308,32729701,26626163,6103538,2989587,1060148,2053803,187,186,1,228,227,1,8075382,2047,26626163,8878097,4229157,0,1393943,5927847,6197119,0,1060148,611523,81816,0,0,0,366809,0,7381,6080
2048,7568,7568,7578,6322,40737672,33084567,7653105,3415561,2148510,2089034,196,192,4,232,228,4,0,2048,33084567,10951918,3639310,0,2948275,8002074,7542990,0,2148510,727987,976770,0,0,0,443753,0,7372,6090
2049,7568,7568,7578,7549,580230,317269,262961,53233,80549,129179,7463,24,7439,7477,29,7448,0,2049,317269,238368,76695,0,2206,0,0,0,80549,37147,21209,0,0,0,22193,0,105,72
2050,7568,7568,7578,7017,6144912,5471248,673664,50394,131235,492035,6456,86,6370,6482,104,6378,0,2050,5471248,1015956,317797,0,212524,2123495,1801476,0,131235,74644,12141,0,0,0,44450,0,1112,535
2051,7568,7568,7578,7577,26458342,21106297,5352045,3417603,1002602,931840,184,184,0,200,200,0,14378779,2051,21106297,5939238,3418907,0,3851206,4131625,3765321,0,1002602,596790,48231,0,0,0,357581,0,7384,7377
2052,7568,7568,7578,6302,34831733,29790201,5041532,1720741,1074557,2246234,183,183,0,227,227,0,5989358,2052,29790201,9461525,6524948,0,636785,6415583,6751360,0,1074557,423191,394981,0,0,0,256385,0,7385,6075
2053,7568,7568,7578,6349,24291456,20782614,3508842,996913,666958,1844971,3083,177,2906,3125,215,2910,492679,2053,20782614,5378522,2508930,0,535834,5263944,7095384,0,666958,355890,97381,0,0,0,213687,0,4485,3224
2054,7568,7568,7578,6340,27873144,23748500,4124644,1779428,860605,1484611,2524,166,2358,2569,208,2361,0,2054,23748500,5654345,2968050,0,1878541,6074816,7172748,0,860605,447449,144285,0,0,0,268871,0,5044,3771
2055,7568,7568,7578,6456,12452143,11326421,1125722,240222,230825,654675,4703,128,4575,4751,170,4581,3391452,2055,11326421,1736632,996349,0,680923,2775338,5137179,0,230825,134711,15764,0,0,0,80350,0,2865,1705
2056,7568,7568,7578,6316,35786376,29707977,6078399,3460142,1107780,1510477,1092,188,904,1130,224,906,0,2056,29707977,8695776,2852739,0,3755863,6954551,7449048,0,1107780,662638,47847,0,0,0,397295,0,6476,5186
2057,7568,7568,7578,6267,40792932,33071047,7721885,5204894,1358626,1158365,186,183,3,230,227,3,0,2057,33071047,8651179,4660725,0,5109511,7222688,7426944,0,1358626,844982,7329,0,0,0,506315,0,7382,6037
2058,7568,7568,7578,6283,24722023,20974217,3747806,1863231,696319,1188256,180,180,0,228,228,0,16139106,2058,20974217,5709547,4151529,0,3217081,3585063,4310997,0,696319,383801,82479,0,0,0,230039,0,7388,6055
2059,7568,7568,7578,6322,29051387,23739701,5311686,2836681,908205,1566800,366,191,175,404,227,177,10770375,2059,23739701,7332104,2734721,0,2839340,5244546,5588990,0,908205,556911,17793,0,0,0,333501,0,7202,5918
2060,7568,7568,7578,6317,40859244,34962237,5897007,2674566,1001650,2220791,174,174,0,212,212,0,0,2060,34962237,10589102,6802272,0,2603439,7380226,7587198,0,1001650,567665,93270,0,0,0,340715,0,7394,6105
2061,7568,7568,7578,6322,40770828,32419982,8350846,4758451,2022362,1570033,190,190,0,226,226,0,0,2061,32419982,10821860,5078874,0,1494224,7531768,7493256,0,2022362,862127,638788,0,0,0,521447,0,7378,6096
2062,7568,7568,7578,7572,143676,82863,60813,14787,16213,29813,7542,23,7519,7555,25,7530,0,2062,82863,52396,20867,0,9600,0,0,0,16213,8587,2820,0,0,0,4806,0,26,17
2063,7568,7568,7578,6281,37924938,30404686,7520252,3903616,2016330,1600306,705,193,512,747,235,512,0,2063,30404686,9301187,4207305,0,1549508,7676598,7670088,0,2016330,746876,815584,0,0,0,453870,0,6863,5534
2064,7568,7568,7578,7576,16578,10954,5624,4,612,5008,7565,19,7546,7575,13,7562,0,2064,10954,7353,2290,0,1311,0,0,0,612,422,0,0,0,0,190,0,3,1
2065,7568,7568,7578,6339,29073977,23745605,5328372,2500455,1236833,1591084,2247,182,2065,2288,220,2068,329869,2065,23745605,6356628,2491141,0,1375988,6255158,7266690,0,1236833,582349,303307,0,0,0,351177,0,5321,4051
2066,7568,7568,7578,6280,39461166,31467422,7993744,4148125,1649708,2195911,427,190,237,469,231,238,0,2066,31467422,10207687,4366941,0,2696937,7083895,7111962,0,1649708,794827,375721,0,0,0,479160,0,7141,5811
2067,7568,7568,7578,7345,2381481,2102968,278513,4558,114649,159306,7137,59,7078,7139,51,7088,225,2067,2102968,567647,507689,0,168899,797947,60786,0,114649,25815,73190,0,0,0,15644,0,431,206
2068,7568,7568,7578,7578,0,0,0,0,0,0,7568,8,7560,7578,0,7578,0,2068,0,0,0,0,0,0,0,0,0,0,0,0,0,0,0,0,0,0
2069,7568,7568,7578,6328,37819944,30253001,7566943,4141210,1559626,1866107,724,201,523,762,238,524,0,2069,30253001,9307745,5286426,0,2552777,6021721,7084332,0,1559626,774255,319144,0,0,0,466227,0,6844,5566
2070,7568,7568,7578,7578,0,0,0,0,0,0,7568,32,7536,7578,37,7541,0,2070,0,0,0,0,0,0,0,0,0,0,0,0,0,0,0,0,0,0
2071,7568,7568,7578,6268,38367018,31811940,6555078,3263000,1397164,1894914,625,187,438,670,231,439,0,2071,31811940,8705147,6153430,0,4126103,6113170,6714090,0,1397164,668845,325179,0,0,0,403140,0,6943,5598
2072,7568,7568,7578,6499,16055919,13943478,2112441,539354,554094,1018993,4616,133,4483,4642,152,4490,256833,2072,13943478,2733609,1506481,0,694017,3240227,5769144,0,554094,244024,163023,0,0,0,147047,0,2952,1857
2073,7568,7568,7578,7570,176832,115728,61104,6258,15687,39159,7536,24,7512,7548,28,7520,0,2073,115728,74934,16386,0,24408,0,0,0,15687,7792,3411,0,0,0,4484,0,32,22
2074,7568,7568,7578,6283,31879494,26385106,5494388,1993772,1309573,2191043,1799,186,1613,1846,226,1620,0,2074,26385106,8179572,3544316,0,671747,6661995,7327476,0,1309573,514374,483364,0,0,0,311835,0,5769,4437
2075,7568,7568,7578,7578,0,0,0,0,0,0,7568,25,7543,7578,28,7550,0,2075,0,0,0,0,0,0,0,0,0,0,0,0,0,0,0,0,0,0
2076,7568,7568,7578,7578,0,0,0,0,0,0,7568,22,7546,7578,24,7554,0,2076,0,0,0,0,0,0,0,0,0,0,0,0,0,0,0,0,0,0
2077,7568,7568,7578,7349,2293290,1823544,469746,30018,92429,347299,7153,78,7075,7153,71,7082,0,2077,1823544,590159,232122,0,21416,852749,127098,0,92429,57875,267,0,0,0,34287,0,415,196
2078,7568,7568,7578,6322,40743198,32988019,7755179,4664587,1641160,1449432,195,192,3,230,227,3,0,2078,32988019,9046797,5780317,0,3041502,7609569,7509834,0,1641160,784462,383805,0,0,0,472893,0,7373,6092
2079,7568,7568,7578,7007,6946182,6179597,766585,165042,215610,385933,6311,140,6171,6339,159,6180,0,2079,6179597,1209265,690927,0,559785,1951300,1768320,0,215610,93884,65450,0,0,0,56276,0,1257,668
2080,7568,7568,7578,6353,26352092,21496909,4855183,2264192,1126927,1464064,2799,166,2633,2845,207,2638,1402,2080,21496909,5622536,2426891,0,988379,5452135,7006968,0,1126927,552542,241651,0,0,0,332734,0,4769,3508
2081,7568,7568,7578,6333,15575941,13074817,2501124,1055693,545384,900047,2332,169,2163,2376,209,2167,13376152,2081,13074817,3066250,1482173,0,657631,3530871,4337892,0,545384,276711,102497,0,0,0,166176,0,5236,3957
2082,7568,7568,7578,6338,30477194,25521275,4955919,2610811,988204,1356904,1676,188,1488,1716,228,1488,2085040,2082,25521275,6539328,2895731,0,3072472,6023599,6990145,0,988204,543815,117896,0,0,0,326493,0,5892,4622
2083,7568,7568,7578,6330,25767096,20215866,5551230,3311309,1079037,1160884,1144,196,948,1179,234,945,9756668,2083,20215866,5749026,2982480,0,1393026,4665356,5425978,0,1079037,609712,103524,0,0,0,365801,0,6424,5151
2084,7568,7568,7578,6322,39378276,32818340,6559936,2944325,1376257,2239354,442,195,247,480,230,250,0,2084,32818340,10003577,6542092,0,1994312,6934305,7344054,0,1376257,630414,365541,0,0,0,380302,0,7126,5842
2085,7568,7568,7578,7576,19996,14911,5085,212,1053,3820,7564,52,7512,7575,58,7517,2108,2085,14911,8048,2861,0,4002,0,0,0,1053,340,563,0,0,0,150,0,4,1
2086,7568,7568,7578,6270,36865496,30530888,6334608,3034257,1235567,2064784,368,188,180,412,231,181,2922837,2086,30530888,9490404,5783384,0,1085188,6804536,7367376,0,1235567,602325,270499,0,0,0,362743,0,7200,5858
2087,7568,7568,7578,7578,0,0,0,0,0,0,7568,28,7540,7578,34,7544,0,2087,0,0,0,0,0,0,0,0,0,0,0,0,0,0,0,0,0,0
2088,7568,7568,7578,6863,6056261,5436937,619324,76065,162129,381130,5931,133,5798,5955,150,5805,3002107,2088,5436937,965920,632375,0,362411,1441511,2034720,0,162129,67325,54561,0,0,0,40243,0,1637,908
2089,7568,7568,7578,6576,13201614,11743376,1458238,173028,261824,1023386,5179,113,5066,5205,133,5072,0,2089,11743376,2350182,883716,0,338233,3021013,5150232,0,261824,163971,0,0,0,0,97853,0,2389,1371
2090,7568,7568,7578,6305,27117981,22479434,4638547,2553747,961363,1123437,1170,187,983,1215,230,985,8257361,2090,22479434,5721024,3251900,0,1836432,5619934,6050144,0,961363,499827,161191,0,0,0,300345,0,6398,5090
2091,7568,7568,7578,7402,1540833,1154941,385892,121774,101452,162666,7251,49,7202,7260,52,7208,210909,2091,1154941,366813,231054,0,105501,451573,0,0,101452,57400,10116,0,0,0,33936,0,317,142
2092,7568,7568,7578,6340,24360933,20579772,3781161,1449458,1315359,1016344,2568,161,2407,2612,201,2411,3273209,2092,20579772,5057254,3396436,0,997809,4717649,6410624,0,1315359,379673,702869,0,0,0,232817,0,5000,3728
2093,7568,7568,7578,7578,0,0,0,0,0,0,7568,1,7567,7578,3,7575,0,2093,0,0,0,0,0,0,0,0,0,0,0,0,0,0,0,0,0,0
2094,7568,7568,7578,7420,1613592,1193562,420030,91438,96673,231919,7276,109,7167,7287,120,7167,0,2094,1193562,494430,234600,0,98776,365756,0,0,96673,59171,2589,0,0,0,34913,0,292,133
2095,7568,7568,7578,6270,18060441,14433083,3627358,2108793,786357,732208,182,182,0,226,226,0,22808074,2095,14433083,4223614,2274994,0,1663515,2942504,3328456,0,786357,392509,157900,0,0,0,235948,0,7386,6044
2096,7568,7568,7578,7576,11052,6374,4678,1069,1107,2502,7566,46,7520,7575,51,7524,0,2096,6374,4230,1644,0,500,0,0,0,1107,292,671,0,0,0,144,0,2,1
2097,7568,7568,7578,7575,21475,11863,9612,993,3633,4986,7563,19,7544,7574,25,7549,6155,2097,11863,9338,2045,0,480,0,0,0,3633,800,2502,0,0,0,331,0,5,1
2098,7568,7568,7578,7578,0,0,0,0,0,0,7568,8,7560,7578,14,7564,0,2098,0,0,0,0,0,0,0,0,0,0,0,0,0,0,0,0,0,0
2099,7568,7201,7578,7192,77364,12637,0,0,0,0,7187,58,7129,7187,51,7136,0,2099,12637,2853,9590,0,194,0,0,0,0,0,0,0,0,0,0,0,14,5
