"Year","allMortEgg","baseMortEgg","tempMortEgg","denMortEgg","incMortEgg","superMortEgg","lostMortEgg","catMortEgg","allMortFry","baseMortFry","tempMortFry","denMortFry","habMortFry","freshMortFry","seasMortFry","catMortFry","allMortSF","allMortSM"
2010,1390306,476007,188320,0,10580,704347,11052,0,117771,52909,33351,0,0,0,31511,0,325,132
2011,12912792,1921695,555372,0,3963,3678990,6752772,0,475121,209943,138626,0,0,0,126552,0,2632,1411
2012,27951185,7821136,3364413,0,1912288,7293780,7559568,0,963379,440298,257467,0,0,0,265614,0,5918,4633
2013,5392904,850798,328309,0,244326,1897221,2072250,0,109102,59127,14846,0,0,0,35129,0,1074,506
2014,28240090,7777215,4096542,0,1590784,7193877,7581672,0,1022537,560266,125770,0,0,0,336501,0,6108,4825
2015,9487255,1670982,733110,0,34201,2693358,4355604,0,276586,122401,80680,0,0,0,73505,0,3228,1960
2016,5666110,779377,440387,0,135764,2083604,2226978,0,137749,71994,22842,0,0,0,42913,0,1128,498
2017,12761991,1894923,879292,0,663391,3383935,5940450,0,255227,107707,82715,0,0,0,64805,0,2524,1418
2018,26455166,6460771,4570921,0,459280,6503888,8460306,0,562693,320847,49544,0,0,0,192302,0,5440,4162
2019,2585553,264334,189182,0,83057,714199,1334781,0,45655,17338,18310,0,0,0,10007,0,3016,1844
2020,1563047,445058,149414,0,28149,758068,182358,0,121926,61982,23041,0,0,0,36903,0,362,145
2021,18310297,5176730,3109015,0,1092330,4212390,4719832,0,688826,374595,89514,0,0,0,224717,0,6295,5013
2022,17325773,3182562,1712083,0,3357417,4623531,4450180,0,507521,305749,18971,0,0,0,182801,0,6019,4707
2023,15312603,3839355,2562113,0,1309008,3464618,4137509,0,554553,342943,6588,0,0,0,205022,0,5857,4557
2024,19680651,5283274,2410128,0,495538,5347678,6144033,0,1133868,566134,226869,0,0,0,340865,0,5319,3978
2025,12154507,2354371,837083,0,11399,3488565,5463089,0,590631,251935,186652,0,0,0,152044,0,2789,1697
2026,14211774,2477356,1264130,0,22293,3617859,6830136,0,468386,221415,113829,0,0,0,133142,0,2914,1683
2027,6906487,1046701,668813,0,40716,2061223,3089034,0,230053,77750,105310,0,0,0,46993,0,1374,635
2028,11245404,1827766,706139,0,490291,2778098,5443110,0,297635,139026,75242,0,0,0,83367,0,2257,1224
2029,7207835,1123653,507576,0,16014,2157857,3402735,0,227507,121779,33047,0,0,0,72681,0,3317,2036
2030,644710,327700,213223,0,11031,92756,0,0,99784,49539,20864,0,0,0,29381,0,180,70
2031,25672111,7915577,2815386,0,441857,6978405,7520886,0,1243487,621704,247255,0,0,0,374528,0,5747,4465
2032,10470231,996163,580657,0,1013670,2456366,5423375,0,156274,91222,10993,0,0,0,54059,0,2072,995
2033,27966519,8112891,2949109,0,1884325,7383262,7636932,0,1647748,636531,624854,0,0,0,386363,0,6213,4928
2034,1384211,395076,231209,0,117963,639963,0,0,146165,41465,79675,0,0,0,25025,0,309,127
2035,860620,398723,166578,0,31893,263426,0,0,99312,56417,9443,0,0,0,33452,0,228,92
2036,7001012,1054763,567268,0,9285,1865348,3504348,0,258243,118113,69339,0,0,0,70791,0,2784,1542
2037,146275,83150,42581,0,20544,0,0,0,20176,11301,2278,0,0,0,6597,0,50,19
2038,7504843,1400203,674484,0,457732,2147814,2824610,0,296170,171343,22752,0,0,0,102075,0,4677,3393
2039,19283736,3898091,2382325,0,959505,4799229,7244586,0,575012,297973,98100,0,0,0,178939,0,3981,2702
2040,13582314,2685987,1363722,0,891165,3494092,5147348,0,511951,235995,134066,0,0,0,141890,0,4097,2814
2041,6049598,722496,736330,0,55146,1910776,2624850,0,97105,44730,26072,0,0,0,26303,0,1170,489
2042,0,0,0,0,0,0,0,0,0,0,0,0,0,0,0,0,0,0
2043,5420243,631498,461317,0,49381,1455302,2822745,0,133323,58415,40332,0,0,0,34576,0,2319,1162
2044,7031909,915803,601392,0,45905,2053741,3415068,0,336168,115018,151359,0,0,0,69791,0,1426,646
2045,66899,38402,19999,0,8498,0,0,0,5382,2985,805,0,0,0,1592,0,17,7
2046,15386,11965,2577,0,844,0,0,0,3354,1263,1618,0,0,0,473,0,5,3
2047,616248,280256,136375,0,95780,103837,0,0,75236,35393,18919,0,0,0,20924,0,172,68
2048,9080151,1578355,522711,0,90218,2153241,4735626,0,329464,165589,64702,0,0,0,99173,0,2195,1198
2049,0,0,0,0,0,0,0,0,0,0,0,0,0,0,0,0,0,0
2050,5180231,1009410,445124,0,0,2018163,1707534,0,282203,93443,132179,0,0,0,56581,0,1077,515
2051,78703,43709,23637,0,11357,0,0,0,7334,3484,1946,0,0,0,1904,0,30,10
2052,26733,16951,7349,0,2433,0,0,0,5185,2212,2059,0,0,0,914,0,9,3
2053,3287778,480189,262880,0,138675,1293844,1112190,0,63464,29563,16375,0,0,0,17526,0,843,367
2054,0,0,0,0,0,0,0,0,0,0,0,0,0,0,0,0,0,0
2055,0,0,0,0,0,0,0,0,0,0,0,0,0,0,0,0,0,0
2056,289005,205988,78065,0,4952,0,0,0,68299,42282,991,0,0,0,25026,0,102,40
2057,14526668,2600597,1478612,0,36312,3824155,6586992,0,562370,178455,275167,0,0,0,108748,0,2935,1725
2058,64435,40222,16299,0,7914,0,0,0,17240,6593,6785,0,0,0,3862,0,20,7
2059,2337475,541740,243137,0,0,1209986,342612,0,104757,62574,4980,0,0,0,37203,0,507,209
2060,26627730,7678852,3985528,0,953105,6581456,7428789,0,1733708,752539,526322,0,0,0,454847,0,6534,5234
2061,380311,270606,91984,0,17721,0,0,0,110648,54106,24264,0,0,0,32278,0,133,52
2062,9354260,1572996,831436,0,6691,2229459,4713678,0,449604,193646,139329,0,0,0,116629,0,1960,1016
2063,177972,134721,41783,0,1468,0,0,0,45216,20477,12531,0,0,0,12208,0,59,24
2064,12000653,1607345,998355,0,135620,3060881,6198452,0,312457,174010,34386,0,0,0,104061,0,2585,1379
2065,1348242,429245,209827,0,49073,654898,5199,0,104788,41421,38701,0,0,0,24666,0,324,133
2066,5275027,697103,514535,0,298842,1831353,1933194,0,114196,38303,52871,0,0,0,23022,0,1114,504
2067,0,0,0,0,0,0,0,0,0,0,0,0,0,0,0,0,0,0
2068,2697,2002,693,0,2,0,0,0,319,92,185,0,0,0,42,0,1,0
2069,0,0,0,0,0,0,0,0,0,0,0,0,0,0,0,0,0,0
2070,5424345,643924,373963,0,242187,1414021,2750250,0,151450,52252,67928,0,0,0,31270,0,1613,763
2071,32395,14865,11222,0,6308,0,0,0,1062,496,361,0,0,0,205,0,15,6
2072,39994,29103,10271,0,620,0,0,0,10157,4266,3501,0,0,0,2390,0,13,5
2073,8542,5121,1362,0,2059,0,0,0,1031,334,544,0,0,0,153,0,4,1
2074,0,0,0,0,0,0,0,0,0,0,0,0,0,0,0,0,0,0
2075,0,0,0,0,0,0,0,0,0,0,0,0,0,0,0,0,0,0
2076,3200850,435060,266702,0,68151,1372773,1058164,0,68441,41194,3083,0,0,0,24164,0,844,334
2077,5420412,757109,461681,0,182,1890672,2310768,0,208091,94550,57039,0,0,0,56502,0,1186,522
2078,3738620,567832,381650,0,55843,1644673,1088622,0,150422,61628,51858,0,0,0,36936,0,761,303
2079,1443280,168206,152470,0,3556,348047,771001,0,38905,14276,16612,0,0,0,8017,0,2092,1036
2080,0,0,0,0,0,0,0,0,0,0,0,0,0,0,0,0,0,0
2081,0,0,0,0,0,0,0,0,0,0,0,0,0,0,0,0,0,0
2082,0,0,0,0,0,0,0,0,0,0,0,0,0,0,0,0,0,0
2083,2309892,234651,152640,0,15012,691493,1216096,0,69108,31436,19194,0,0,0,18478,0,1469,627
2084,6126869,853357,663451,0,0,1946529,2663532,0,230546,86711,91604,0,0,0,52231,0,1233,550
2085,7126,4924,2184,0,18,0,0,0,1784,248,1404,0,0,0,132,0,2,1
2086,0,0,0,0,0,0,0,0,0,0,0,0,0,0,0,0,0,0
2087,0,0,0,0,0,0,0,0,0,0,0,0,0,0,0,0,0,0
2088,0,0,0,0,0,0,0,0,0,0,0,0,0,0,0,0,0,0
2089,0,0,0,0,0,0,0,0,0,0,0,0,0,0,0,0,0,0
2090,74581,54330,18626,0,1625,0,0,0,19217,10309,2794,0,0,0,6114,0,87,34
2091,27836,19621,8215,0,0,0,0,0,9808,2669,5861,0,0,0,1278,0,13,4
2092,0,0,0,0,0,0,0,0,0,0,0,0,0,0,0,0,0,0
2093,0,0,0,0,0,0,0,0,0,0,0,0,0,0,0,0,0,0
2094,774975,247181,187389,0,20682,319723,0,0,64550,30248,16335,0,0,0,17967,0,283,104
2095,0,0,0,0,0,0,0,0,0,0,0,0,0,0,0,0,0,0
2096,0,0,0,0,0,0,0,0,0,0,0,0,0,0,0,0,0,0
2097,4212131,491649,289648,0,1925,1421729,2007180,0,112856,53746,27078,0,0,0,32032,0,1240,511
2098,16821,10752,5854,0,215,0,0,0,3536,1677,1267,0,0,0,592,0,20,7
2099,8566,1940,6626,0,0,0,0,0,0,0,0,0,0,0,0,0,9,4
