"Year","AFem","AFemDeath","AMal","AMalDeath","Eggs","EggsDeath","FryGrad","FryExit","FryDeath","FryInStr","allMortAF","baseMortAF","tempMortAF","allMortAM","baseMortAM","tempMortAM","InVivo"
2010,7568,7568,7578,7373,1795950,1390306,405644,43526,117771,244347,7243,34,7209,7241,24,7217,0
2011,7568,7568,7578,6395,14544432,12912792,1631640,283848,475121,872671,4936,146,4790,4984,184,4800,0
2012,7568,7568,7578,6323,32702868,27951185,4751683,1713424,963379,2074880,1650,194,1456,1690,232,1458,0
2013,7568,7568,7578,7024,5934924,5392904,542020,29218,109102,403700,6494,94,6400,6518,113,6405,0
2014,7568,7568,7578,6322,33752808,28240090,5512718,2280857,1022537,2209324,1460,195,1265,1497,231,1266,0
2015,7568,7568,7578,6343,10616838,9487255,1129583,147463,276586,705534,4340,166,4174,4383,204,4179,7249346
2016,7568,7568,7578,6965,6233328,5666110,567218,62542,137749,366927,6440,118,6322,6467,140,6327,0
2017,7568,7568,7578,6491,13831062,12761991,1069071,68517,255227,745327,5044,132,4912,5073,156,4917,116562
2018,7568,7568,7578,6326,30061440,26455166,3606274,1141423,562693,1902158,2128,181,1947,2164,219,1945,0
2019,7568,7568,7578,6442,2747818,2585553,162265,15442,45655,101168,4552,163,4389,4598,203,4395,13976101
2020,7568,7568,7578,7348,2000412,1563047,437365,85625,121926,229814,7206,44,7162,7203,32,7171,0
2021,7568,7568,7578,6322,21967410,18310297,3657113,1586836,688826,1381451,1273,195,1078,1309,231,1078,12855440
2022,7568,7568,7578,6303,19927862,17325773,2602089,1401546,507521,693022,1549,187,1362,1596,232,1364,13370908
2023,7568,7568,7578,6310,18306631,15312603,2994028,1648839,554553,790636,1711,192,1519,1753,230,1523,14103237
2024,7568,7568,7578,6276,24684665,19680651,5004014,2637156,1133868,1232990,2249,186,2063,2298,230,2068,4724460
2025,7568,7568,7578,6499,14192799,12154507,2038292,503463,590631,944198,4779,135,4644,4802,153,4649,1223839
2026,7568,7568,7578,6386,16102764,14211774,1890990,321536,468386,1101068,4654,138,4516,4703,182,4521,0
2027,7568,7568,7578,6851,7592724,6906487,686237,50937,230053,405247,6194,111,6083,6216,126,6090,0
2028,7568,7568,7578,6559,12472182,11245404,1226778,159501,297635,769642,5311,130,5181,5335,150,5185,0
2029,7568,7568,7578,6330,8163911,7207835,956076,234624,227507,493945,4251,164,4087,4294,200,4094,10213608
2030,7568,7568,7578,7467,994680,644710,349970,77204,99784,172982,7388,55,7333,7397,60,7337,0
2031,7568,7568,7578,6324,31757922,25672111,6085811,2603830,1243487,2238494,1821,196,1625,1859,233,1626,0
2032,7568,7568,7578,6520,11096254,10470231,626023,233369,156274,236380,5496,131,5365,5525,146,5379,355279
2033,7568,7568,7578,6323,34333038,27966519,6366519,3018431,1647748,1700340,1355,197,1158,1395,234,1161,0
2034,7568,7568,7578,7386,1707534,1384211,323323,38474,146165,138684,7259,61,7198,7259,54,7205,0
2035,7568,7568,7578,7441,1259928,860620,399308,81773,99312,218223,7340,60,7280,7349,67,7282,0
2036,7568,7568,7578,6374,7917924,7001012,916912,216164,258243,442505,4784,150,4634,4832,193,4639,7499540
2037,7568,7568,7578,7546,228600,146275,82325,13687,20176,48462,7518,46,7472,7527,51,7476,47700
2038,7568,7568,7578,6323,8873116,7504843,1368273,755763,296170,316340,2891,181,2710,2930,214,2716,17027170
2039,7568,7568,7578,6336,21998522,19283736,2714786,767408,575012,1372366,3587,159,3428,3634,199,3435,484
2040,7568,7568,7578,6329,15610654,13582314,2028340,671100,511951,845289,3471,177,3294,3515,216,3299,7055971
2041,7568,7568,7578,6913,6465420,6049598,415822,15114,97105,303603,6398,80,6318,6424,98,6326,0
2042,7568,7568,7578,7578,0,0,0,0,0,0,7568,46,7522,7578,50,7528,0
2043,7568,7568,7578,6454,5890509,5420243,470266,67004,133323,269939,5249,111,5138,5292,144,5148,6942519
2044,7568,7568,7578,6804,7880076,7031909,848167,212245,336168,299754,6142,98,6044,6158,105,6053,0
2045,7568,7568,7578,7567,93942,66899,27043,618,5382,21043,7551,40,7511,7560,43,7517,0
2046,7568,7568,7578,7574,27630,15386,12244,1012,3354,7878,7563,22,7541,7571,26,7545,0
2047,7568,7568,7578,7473,877282,616248,261034,43032,75236,142766,7396,57,7339,7405,60,7345,73190
2048,7568,7568,7578,6592,10423292,9080151,1343141,280239,329464,733438,5373,121,5252,5394,139,5255,1713558
2049,7568,7568,7578,7578,0,0,0,0,0,0,7568,42,7526,7578,50,7528,0
2050,7568,7568,7578,7033,5951502,5180231,771271,79938,282203,409130,6491,119,6372,6518,142,6376,0
2051,7568,7568,7578,7559,109260,78703,30557,923,7334,22300,7538,50,7488,7549,51,7498,56520
2052,7568,7568,7578,7573,44082,26733,17349,3079,5185,9085,7559,22,7537,7570,25,7545,5652
2053,7568,7568,7578,7129,3562032,3287778,274254,8825,63464,201965,6725,69,6656,6762,105,6657,1101510
2054,7568,7568,7578,7578,0,0,0,0,0,0,7568,38,7530,7578,42,7536,0
2055,7568,7568,7578,7578,0,0,0,0,0,0,7568,42,7526,7578,47,7531,0
2056,7568,7568,7578,7516,563652,289005,274647,102639,68299,103709,7466,39,7427,7476,41,7435,0
2057,7568,7568,7578,6411,16218810,14526668,1692142,236428,562370,893344,4633,136,4497,4686,184,4502,0
2058,7568,7568,7578,7566,110520,64435,46085,12418,17240,16427,7548,44,7504,7559,47,7512,0
2059,7568,7568,7578,7277,2801682,2337475,464207,58655,104757,300795,7061,77,6984,7068,77,6991,0
2060,7568,7568,7578,6311,33669307,26627730,7041577,4030432,1733708,1277437,1034,194,840,1077,232,845,2441247
2061,7568,7568,7578,7496,734958,380311,354647,127657,110648,116342,7435,46,7389,7444,49,7395,0
2062,7568,7568,7578,6648,10830960,9354260,1476700,383717,449604,643379,5608,129,5479,5632,150,5482,0
2063,7568,7568,7578,7542,326034,177972,148062,30000,45216,72846,7509,68,7441,7518,72,7446,0
2064,7568,7568,7578,6412,13318254,12000653,1317601,269806,312457,735338,4983,151,4832,5033,195,4838,968920
2065,7568,7568,7578,7378,1682830,1348242,334588,23948,104788,205852,7244,65,7179,7245,57,7188,107921
2066,7568,7568,7578,6985,5633024,5275027,357997,14626,114196,229175,6454,94,6360,6481,113,6368,525200
2067,7568,7568,7578,7578,0,0,0,0,0,0,7568,52,7516,7578,56,7522,0
2068,7568,7568,7578,7578,4245,2697,1548,3,319,1226,7567,33,7534,7578,36,7542,1281
2069,7568,7568,7578,7578,0,0,0,0,0,0,7568,37,7531,7578,41,7537,0
2070,7568,7568,7578,6733,5873665,5424345,449320,48827,151450,249043,5955,109,5846,5970,115,5855,3054645
2071,7568,7568,7578,7569,40320,32395,7925,83,1062,6780,7553,40,7513,7563,43,7520,42570
2072,7568,7568,7578,7569,71838,39994,31844,5387,10157,16300,7555,44,7511,7564,48,7516,0
2073,7568,7568,7578,7576,14068,8542,5526,984,1031,3511,7564,72,7492,7575,78,7497,8036
2074,7568,7568,7578,7578,0,0,0,0,0,0,7568,37,7531,7578,41,7537,0
2075,7568,7568,7578,7578,0,0,0,0,0,0,7568,41,7527,7578,45,7533,0
2076,7568,7568,7578,7089,3522615,3200850,321765,28054,68441,225270,6724,85,6639,6755,111,6644,1146159
2077,7568,7568,7578,6929,6111988,5420412,691576,152934,208091,330551,6382,101,6281,6407,116,6291,442325
2078,7568,7568,7578,7142,4205286,3738620,466666,61754,150422,254490,6807,74,6733,6839,101,6738,0
2079,7568,7568,7578,6542,1569845,1443280,126565,19418,38905,68242,5476,150,5326,5506,175,5331,10042597
2080,7568,7568,7578,7578,0,0,0,0,0,0,7568,27,7541,7578,33,7545,0
2081,7568,7568,7578,7578,0,0,0,0,0,0,7568,32,7536,7578,37,7541,0
2082,7568,7568,7578,7578,0,0,0,0,0,0,7568,25,7543,7578,28,7550,0
2083,7568,7568,7578,6741,2530960,2309892,221068,67197,69108,84763,6099,109,5990,6114,118,5996,5617278
2084,7568,7568,7578,6908,6813558,6126869,686689,94798,230546,361345,6335,92,6243,6358,110,6248,0
2085,7568,7568,7578,7576,11052,7126,3926,118,1784,2024,7566,23,7543,7575,27,7548,0
2086,7568,7568,7578,7578,0,0,0,0,0,0,7568,17,7551,7578,18,7560,0
2087,7568,7568,7578,7578,0,0,0,0,0,0,7568,35,7533,7578,39,7539,0
2088,7568,7568,7578,7578,0,0,0,0,0,0,7568,31,7537,7578,35,7543,0
2089,7568,7568,7578,7578,0,0,0,0,0,0,7568,33,7535,7578,37,7541,0
2090,7568,7568,7578,7525,143793,74581,69212,23263,19217,26732,7481,66,7415,7491,75,7416,336969
2091,7568,7568,7578,7570,49309,27836,21473,3519,9808,8146,7555,38,7517,7566,46,7520,22529
2092,7568,7568,7578,7578,0,0,0,0,0,0,7568,31,7537,7578,34,7544,0
2093,7568,7568,7578,7578,0,0,0,0,0,0,7568,14,7554,7578,16,7562,0
2094,7568,7568,7578,7392,997846,774975,222871,36918,64550,121403,7285,62,7223,7288,63,7225,566012
2095,7568,7568,7578,7578,0,0,0,0,0,0,7568,16,7552,7578,18,7560,0
2096,7568,7568,7578,7578,0,0,0,0,0,0,7568,16,7552,7578,12,7566,0
2097,7568,7568,7578,6868,4616361,4212131,404230,69623,112856,221751,6328,92,6236,6357,111,6246,2248542
2098,7568,7568,7578,7566,30940,16821,14119,5839,3536,4744,7548,49,7499,7559,53,7506,79580
2099,7568,7380,7578,7385,49734,8566,0,0,0,0,7371,44,7327,7381,50,7331,150
