"Year","AFem","AFemDeath","AMal","AMalDeath","Eggs","EggsDeath","FryGrad","FryExit","FryDeath","FryInStr","allMortAF","baseMortAF","tempMortAF","allMortAM","baseMortAM","tempMortAM","InVivo","Year","allMortEgg","baseMortEgg","tempMortEgg","denMortEgg","incMortEgg","superMortEgg","lostMortEgg","catMortEgg","allMortFry","baseMortFry","tempMortFry","denMortFry","habMortFry","freshMortFry","seasMortFry","catMortFry","allMortSF","allMortSM"
2010,7568,7568,7578,7373,1795950,1390306,405644,43526,117771,244347,7243,34,7209,7241,24,7217,0,2010,1390306,476007,188320,0,10580,704347,11052,0,117771,52909,33351,0,0,0,31511,0,325,132
2011,7568,7568,7578,6395,14544432,12912792,1631640,283848,475121,872671,4936,146,4790,4984,184,4800,0,2011,12912792,1921695,555372,0,3963,3678990,6752772,0,475121,209943,138626,0,0,0,126552,0,2632,1411
2012,7568,7568,7578,6323,32702868,27951185,4751683,1713424,963379,2074880,1650,194,1456,1690,232,1458,0,2012,27951185,7821136,3364413,0,1912288,7293780,7559568,0,963379,440298,257467,0,0,0,265614,0,5918,4633
2013,7568,7568,7578,7024,5934924,5392904,542020,29218,109102,403700,6494,94,6400,6518,113,6405,0,2013,5392904,850798,328309,0,244326,1897221,2072250,0,109102,59127,14846,0,0,0,35129,0,1074,506
2014,7568,7568,7578,6322,33752808,28240090,5512718,2280857,1022537,2209324,1460,195,1265,1497,231,1266,0,2014,28240090,7777215,4096542,0,1590784,7193877,7581672,0,1022537,560266,125770,0,0,0,336501,0,6108,4825
2015,7568,7568,7578,6343,10616838,9487255,1129583,147463,276586,705534,4340,166,4174,4383,204,4179,7249346,2015,9487255,1670982,733110,0,34201,2693358,4355604,0,276586,122401,80680,0,0,0,73505,0,3228,1960
2016,7568,7568,7578,6965,6233328,5666110,567218,62542,137749,366927,6440,118,6322,6467,140,6327,0,2016,5666110,779377,440387,0,135764,2083604,2226978,0,137749,71994,22842,0,0,0,42913,0,1128,498
2017,7568,7568,7578,6491,13831062,12761991,1069071,68517,255227,745327,5044,132,4912,5073,156,4917,116562,2017,12761991,1894923,879292,0,663391,3383935,5940450,0,255227,107707,82715,0,0,0,64805,0,2524,1418
2018,7568,7568,7578,6326,30061440,26455166,3606274,1141423,562693,1902158,2128,181,1947,2164,219,1945,0,2018,26455166,6460771,4570921,0,459280,6503888,8460306,0,562693,320847,49544,0,0,0,192302,0,5440,4162
2019,7568,7568,7578,6442,2747818,2585553,162265,15442,45655,101168,4552,163,4389,4598,203,4395,13976101,2019,2585553,264334,189182,0,83057,714199,1334781,0,45655,17338,18310,0,0,0,10007,0,3016,1844
2020,7568,7568,7578,7348,2000412,1563047,437365,85625,121926,229814,7206,44,7162,7203,32,7171,0,2020,1563047,445058,149414,0,28149,758068,182358,0,121926,61982,23041,0,0,0,36903,0,362,145
2021,7568,7568,7578,6322,21967410,18310297,3657113,1586836,688826,1381451,1273,195,1078,1309,231,1078,12855440,2021,18310297,5176730,3109015,0,1092330,4212390,4719832,0,688826,374595,89514,0,0,0,224717,0,6295,5013
2022,7568,7568,7578,6303,19927862,17325773,2602089,1401546,507521,693022,1549,187,1362,1596,232,1364,13370908,2022,17325773,3182562,1712083,0,3357417,4623531,4450180,0,507521,305749,18971,0,0,0,182801,0,6019,4707
2023,7568,7568,7578,6310,18306631,15312603,2994028,1648839,554553,790636,1711,192,1519,1753,230,1523,14103237,2023,15312603,3839355,2562113,0,1309008,3464618,4137509,0,554553,342943,6588,0,0,0,205022,0,5857,4557
2024,7568,7568,7578,6276,24684665,19680651,5004014,2637156,1133868,1232990,2249,186,2063,2298,230,2068,4724460,2024,19680651,5283274,2410128,0,495538,5347678,6144033,0,1133868,566134,226869,0,0,0,340865,0,5319,3978
2025,7568,7568,7578,6499,14192799,12154507,2038292,503463,590631,944198,4779,135,4644,4802,153,4649,1223839,2025,12154507,2354371,837083,0,11399,3488565,5463089,0,590631,251935,186652,0,0,0,152044,0,2789,1697
2026,7568,7568,7578,6386,16102764,14211774,1890990,321536,468386,1101068,4654,138,4516,4703,182,4521,0,2026,14211774,2477356,1264130,0,22293,3617859,6830136,0,468386,221415,113829,0,0,0,133142,0,2914,1683
2027,7568,7568,7578,6851,7592724,6906487,686237,50937,230053,405247,6194,111,6083,6216,126,6090,0,2027,6906487,1046701,668813,0,40716,2061223,3089034,0,230053,77750,105310,0,0,0,46993,0,1374,635
2028,7568,7568,7578,6559,12472182,11245404,1226778,159501,297635,769642,5311,130,5181,5335,150,5185,0,2028,11245404,1827766,706139,0,490291,2778098,5443110,0,297635,139026,75242,0,0,0,83367,0,2257,1224
2029,7568,7568,7578,6330,8163911,7207835,956076,234624,227507,493945,4251,164,4087,4294,200,4094,10213608,2029,7207835,1123653,507576,0,16014,2157857,3402735,0,227507,121779,33047,0,0,0,72681,0,3317,2036
2030,7568,7568,7578,7467,994680,644710,349970,77204,99784,172982,7388,55,7333,7397,60,7337,0,2030,644710,327700,213223,0,11031,92756,0,0,99784,49539,20864,0,0,0,29381,0,180,70
2031,7568,7568,7578,6324,31757922,25672111,6085811,2603830,1243487,2238494,1821,196,1625,1859,233,1626,0,2031,25672111,7915577,2815386,0,441857,6978405,7520886,0,1243487,621704,247255,0,0,0,374528,0,5747,4465
2032,7568,7568,7578,6520,11096254,10470231,626023,233369,156274,236380,5496,131,5365,5525,146,5379,355279,2032,10470231,996163,580657,0,1013670,2456366,5423375,0,156274,91222,10993,0,0,0,54059,0,2072,995
2033,7568,7568,7578,6323,34333038,27966519,6366519,3018431,1647748,1700340,1355,197,1158,1395,234,1161,0,2033,27966519,8112891,2949109,0,1884325,7383262,7636932,0,1647748,636531,624854,0,0,0,386363,0,6213,4928
2034,7568,7568,7578,7386,1707534,1384211,323323,38474,146165,138684,7259,61,7198,7259,54,7205,0,2034,1384211,395076,231209,0,117963,639963,0,0,146165,41465,79675,0,0,0,25025,0,309,127
2035,7568,7568,7578,7441,1259928,860620,399308,81773,99312,218223,7340,60,7280,7349,67,7282,0,2035,860620,398723,166578,0,31893,263426,0,0,99312,56417,9443,0,0,0,33452,0,228,92
2036,7568,7568,7578,6374,7917924,7001012,916912,216164,258243,442505,4784,150,4634,4832,193,4639,7499540,2036,7001012,1054763,567268,0,9285,1865348,3504348,0,258243,118113,69339,0,0,0,70791,0,2784,1542
2037,7568,7568,7578,7546,228600,146275,82325,13687,20176,48462,7518,46,7472,7527,51,7476,47700,2037,146275,83150,42581,0,20544,0,0,0,20176,11301,2278,0,0,0,6597,0,50,19
2038,7568,7568,7578,6323,8873116,7504843,1368273,755763,296170,316340,2891,181,2710,2930,214,2716,17027170,2038,7504843,1400203,674484,0,457732,2147814,2824610,0,296170,171343,22752,0,0,0,102075,0,4677,3393
2039,7568,7568,7578,6336,21998522,19283736,2714786,767408,575012,1372366,3587,159,3428,3634,199,3435,484,2039,19283736,3898091,2382325,0,959505,4799229,7244586,0,575012,297973,98100,0,0,0,178939,0,3981,2702
2040,7568,7568,7578,6329,15610654,13582314,2028340,671100,511951,845289,3471,177,3294,3515,216,3299,7055971,2040,13582314,2685987,1363722,0,891165,3494092,5147348,0,511951,235995,134066,0,0,0,141890,0,4097,2814
2041,7568,7568,7578,6913,6465420,6049598,415822,15114,97105,303603,6398,80,6318,6424,98,6326,0,2041,6049598,722496,736330,0,55146,1910776,2624850,0,97105,44730,26072,0,0,0,26303,0,1170,489
2042,7568,7568,7578,7578,0,0,0,0,0,0,7568,46,7522,7578,50,7528,0,2042,0,0,0,0,0,0,0,0,0,0,0,0,0,0,0,0,0,0
2043,7568,7568,7578,6454,5890509,5420243,470266,67004,133323,269939,5249,111,5138,5292,144,5148,6942519,2043,5420243,631498,461317,0,49381,1455302,2822745,0,133323,58415,40332,0,0,0,34576,0,2319,1162
2044,7568,7568,7578,6804,7880076,7031909,848167,212245,336168,299754,6142,98,6044,6158,105,6053,0,2044,7031909,915803,601392,0,45905,2053741,3415068,0,336168,115018,151359,0,0,0,69791,0,1426,646
2045,7568,7568,7578,7567,93942,66899,27043,618,5382,21043,7551,40,7511,7560,43,7517,0,2045,66899,38402,19999,0,8498,0,0,0,5382,2985,805,0,0,0,1592,0,17,7
2046,7568,7568,7578,7574,27630,15386,12244,1012,3354,7878,7563,22,7541,7571,26,7545,0,2046,15386,11965,2577,0,844,0,0,0,3354,1263,1618,0,0,0,473,0,5,3
2047,7568,7568,7578,7473,877282,616248,261034,43032,75236,142766,7396,57,7339,7405,60,7345,73190,2047,616248,280256,136375,0,95780,103837,0,0,75236,35393,18919,0,0,0,20924,0,172,68
2048,7568,7568,7578,6592,10423292,9080151,1343141,280239,329464,733438,5373,121,5252,5394,139,5255,1713558,2048,9080151,1578355,522711,0,90218,2153241,4735626,0,329464,165589,64702,0,0,0,99173,0,2195,1198
2049,7568,7568,7578,7578,0,0,0,0,0,0,7568,42,7526,7578,50,7528,0,2049,0,0,0,0,0,0,0,0,0,0,0,0,0,0,0,0,0,0
2050,7568,7568,7578,7033,5951502,5180231,771271,79938,282203,409130,6491,119,6372,6518,142,6376,0,2050,5180231,1009410,445124,0,0,2018163,1707534,0,282203,93443,132179,0,0,0,56581,0,1077,515
2051,7568,7568,7578,7559,109260,78703,30557,923,7334,22300,7538,50,7488,7549,51,7498,56520,2051,78703,43709,23637,0,11357,0,0,0,7334,3484,1946,0,0,0,1904,0,30,10
2052,7568,7568,7578,7573,44082,26733,17349,3079,5185,9085,7559,22,7537,7570,25,7545,5652,2052,26733,16951,7349,0,2433,0,0,0,5185,2212,2059,0,0,0,914,0,9,3
2053,7568,7568,7578,7129,3562032,3287778,274254,8825,63464,201965,6725,69,6656,6762,105,6657,1101510,2053,3287778,480189,262880,0,138675,1293844,1112190,0,63464,29563,16375,0,0,0,17526,0,843,367
2054,7568,7568,7578,7578,0,0,0,0,0,0,7568,38,7530,7578,42,7536,0,2054,0,0,0,0,0,0,0,0,0,0,0,0,0,0,0,0,0,0
2055,7568,7568,7578,7578,0,0,0,0,0,0,7568,42,7526,7578,47,7531,0,2055,0,0,0,0,0,0,0,0,0,0,0,0,0,0,0,0,0,0
2056,7568,7568,7578,7516,563652,289005,274647,102639,68299,103709,7466,39,7427,7476,41,7435,0,2056,289005,205988,78065,0,4952,0,0,0,68299,42282,991,0,0,0,25026,0,102,40
2057,7568,7568,7578,6411,16218810,14526668,1692142,236428,562370,893344,4633,136,4497,4686,184,4502,0,2057,14526668,2600597,1478612,0,36312,3824155,6586992,0,562370,178455,275167,0,0,0,108748,0,2935,1725
2058,7568,7568,7578,7566,110520,64435,46085,12418,17240,16427,7548,44,7504,7559,47,7512,0,2058,64435,40222,16299,0,7914,0,0,0,17240,6593,6785,0,0,0,3862,0,20,7
2059,7568,7568,7578,7277,2801682,2337475,464207,58655,104757,300795,7061,77,6984,7068,77,6991,0,2059,2337475,541740,243137,0,0,1209986,342612,0,104757,62574,4980,0,0,0,37203,0,507,209
2060,7568,7568,7578,6311,33669307,26627730,7041577,4030432,1733708,1277437,1034,194,840,1077,232,845,2441247,2060,26627730,7678852,3985528,0,953105,6581456,7428789,0,1733708,752539,526322,0,0,0,454847,0,6534,5234
2061,7568,7568,7578,7496,734958,380311,354647,127657,110648,116342,7435,46,7389,7444,49,7395,0,2061,380311,270606,91984,0,17721,0,0,0,110648,54106,24264,0,0,0,32278,0,133,52
2062,7568,7568,7578,6648,10830960,9354260,1476700,383717,449604,643379,5608,129,5479,5632,150,5482,0,2062,9354260,1572996,831436,0,6691,2229459,4713678,0,449604,193646,139329,0,0,0,116629,0,1960,1016
2063,7568,7568,7578,7542,326034,177972,148062,30000,45216,72846,7509,68,7441,7518,72,7446,0,2063,177972,134721,41783,0,1468,0,0,0,45216,20477,12531,0,0,0,12208,0,59,24
2064,7568,7568,7578,6412,13318254,12000653,1317601,269806,312457,735338,4983,151,4832,5033,195,4838,968920,2064,12000653,1607345,998355,0,135620,3060881,6198452,0,312457,174010,34386,0,0,0,104061,0,2585,1379
2065,7568,7568,7578,7378,1682830,1348242,334588,23948,104788,205852,7244,65,7179,7245,57,7188,107921,2065,1348242,429245,209827,0,49073,654898,5199,0,104788,41421,38701,0,0,0,24666,0,324,133
2066,7568,7568,7578,6985,5633024,5275027,357997,14626,114196,229175,6454,94,6360,6481,113,6368,525200,2066,5275027,697103,514535,0,298842,1831353,1933194,0,114196,38303,52871,0,0,0,23022,0,1114,504
2067,7568,7568,7578,7578,0,0,0,0,0,0,7568,52,7516,7578,56,7522,0,2067,0,0,0,0,0,0,0,0,0,0,0,0,0,0,0,0,0,0
2068,7568,7568,7578,7578,4245,2697,1548,3,319,1226,7567,33,7534,7578,36,7542,1281,2068,2697,2002,693,0,2,0,0,0,319,92,185,0,0,0,42,0,1,0
2069,7568,7568,7578,7578,0,0,0,0,0,0,7568,37,7531,7578,41,7537,0,2069,0,0,0,0,0,0,0,0,0,0,0,0,0,0,0,0,0,0
2070,7568,7568,7578,6733,5873665,5424345,449320,48827,151450,249043,5955,109,5846,5970,115,5855,3054645,2070,5424345,643924,373963,0,242187,1414021,2750250,0,151450,52252,67928,0,0,0,31270,0,1613,763
2071,7568,7568,7578,7569,40320,32395,7925,83,1062,6780,7553,40,7513,7563,43,7520,42570,2071,32395,14865,11222,0,6308,0,0,0,1062,496,361,0,0,0,205,0,15,6
2072,7568,7568,7578,7569,71838,39994,31844,5387,10157,16300,7555,44,7511,7564,48,7516,0,2072,39994,29103,10271,0,620,0,0,0,10157,4266,3501,0,0,0,2390,0,13,5
2073,7568,7568,7578,7576,14068,8542,5526,984,1031,3511,7564,72,7492,7575,78,7497,8036,2073,8542,5121,1362,0,2059,0,0,0,1031,334,544,0,0,0,153,0,4,1
2074,7568,7568,7578,7578,0,0,0,0,0,0,7568,37,7531,7578,41,7537,0,2074,0,0,0,0,0,0,0,0,0,0,0,0,0,0,0,0,0,0
2075,7568,7568,7578,7578,0,0,0,0,0,0,7568,41,7527,7578,45,7533,0,2075,0,0,0,0,0,0,0,0,0,0,0,0,0,0,0,0,0,0
2076,7568,7568,7578,7089,3522615,3200850,321765,28054,68441,225270,6724,85,6639,6755,111,6644,1146159,2076,3200850,435060,266702,0,68151,1372773,1058164,0,68441,41194,3083,0,0,0,24164,0,844,334
2077,7568,7568,7578,6929,6111988,5420412,691576,152934,208091,330551,6382,101,6281,6407,116,6291,442325,2077,5420412,757109,461681,0,182,1890672,2310768,0,208091,94550,57039,0,0,0,56502,0,1186,522
2078,7568,7568,7578,7142,4205286,3738620,466666,61754,150422,254490,6807,74,6733,6839,101,6738,0,2078,3738620,567832,381650,0,55843,1644673,1088622,0,150422,61628,51858,0,0,0,36936,0,761,303
2079,7568,7568,7578,6542,1569845,1443280,126565,19418,38905,68242,5476,150,5326,5506,175,5331,10042597,2079,1443280,168206,152470,0,3556,348047,771001,0,38905,14276,16612,0,0,0,8017,0,2092,1036
2080,7568,7568,7578,7578,0,0,0,0,0,0,7568,27,7541,7578,33,7545,0,2080,0,0,0,0,0,0,0,0,0,0,0,0,0,0,0,0,0,0
2081,7568,7568,7578,7578,0,0,0,0,0,0,7568,32,7536,7578,37,7541,0,2081,0,0,0,0,0,0,0,0,0,0,0,0,0,0,0,0,0,0
2082,7568,7568,7578,7578,0,0,0,0,0,0,7568,25,7543,7578,28,7550,0,2082,0,0,0,0,0,0,0,0,0,0,0,0,0,0,0,0,0,0
2083,7568,7568,7578,6741,2530960,2309892,221068,67197,69108,84763,6099,109,5990,6114,118,5996,5617278,2083,2309892,234651,152640,0,15012,691493,1216096,0,69108,31436,19194,0,0,0,18478,0,1469,627
2084,7568,7568,7578,6908,6813558,6126869,686689,94798,230546,361345,6335,92,6243,6358,110,6248,0,2084,6126869,853357,663451,0,0,1946529,2663532,0,230546,86711,91604,0,0,0,52231,0,1233,550
2085,7568,7568,7578,7576,11052,7126,3926,118,1784,2024,7566,23,7543,7575,27,7548,0,2085,7126,4924,2184,0,18,0,0,0,1784,248,1404,0,0,0,132,0,2,1
2086,7568,7568,7578,7578,0,0,0,0,0,0,7568,17,7551,7578,18,7560,0,2086,0,0,0,0,0,0,0,0,0,0,0,0,0,0,0,0,0,0
2087,7568,7568,7578,7578,0,0,0,0,0,0,7568,35,7533,7578,39,7539,0,2087,0,0,0,0,0,0,0,0,0,0,0,0,0,0,0,0,0,0
2088,7568,7568,7578,7578,0,0,0,0,0,0,7568,31,7537,7578,35,7543,0,2088,0,0,0,0,0,0,0,0,0,0,0,0,0,0,0,0,0,0
2089,7568,7568,7578,7578,0,0,0,0,0,0,7568,33,7535,7578,37,7541,0,2089,0,0,0,0,0,0,0,0,0,0,0,0,0,0,0,0,0,0
2090,7568,7568,7578,7525,143793,74581,69212,23263,19217,26732,7481,66,7415,7491,75,7416,336969,2090,74581,54330,18626,0,1625,0,0,0,19217,10309,2794,0,0,0,6114,0,87,34
2091,7568,7568,7578,7570,49309,27836,21473,3519,9808,8146,7555,38,7517,7566,46,7520,22529,2091,27836,19621,8215,0,0,0,0,0,9808,2669,5861,0,0,0,1278,0,13,4
2092,7568,7568,7578,7578,0,0,0,0,0,0,7568,31,7537,7578,34,7544,0,2092,0,0,0,0,0,0,0,0,0,0,0,0,0,0,0,0,0,0
2093,7568,7568,7578,7578,0,0,0,0,0,0,7568,14,7554,7578,16,7562,0,2093,0,0,0,0,0,0,0,0,0,0,0,0,0,0,0,0,0,0
2094,7568,7568,7578,7392,997846,774975,222871,36918,64550,121403,7285,62,7223,7288,63,7225,566012,2094,774975,247181,187389,0,20682,319723,0,0,64550,30248,16335,0,0,0,17967,0,283,104
2095,7568,7568,7578,7578,0,0,0,0,0,0,7568,16,7552,7578,18,7560,0,2095,0,0,0,0,0,0,0,0,0,0,0,0,0,0,0,0,0,0
2096,7568,7568,7578,7578,0,0,0,0,0,0,7568,16,7552,7578,12,7566,0,2096,0,0,0,0,0,0,0,0,0,0,0,0,0,0,0,0,0,0
2097,7568,7568,7578,6868,4616361,4212131,404230,69623,112856,221751,6328,92,6236,6357,111,6246,2248542,2097,4212131,491649,289648,0,1925,1421729,2007180,0,112856,53746,27078,0,0,0,32032,0,1240,511
2098,7568,7568,7578,7566,30940,16821,14119,5839,3536,4744,7548,49,7499,7559,53,7506,79580,2098,16821,10752,5854,0,215,0,0,0,3536,1677,1267,0,0,0,592,0,20,7
2099,7568,7380,7578,7385,49734,8566,0,0,0,0,7371,44,7327,7381,50,7331,150,2099,8566,1940,6626,0,0,0,0,0,0,0,0,0,0,0,0,0,9,4
