"Year","AFem","AFemDeath","AMal","AMalDeath","Eggs","EggsDeath","FryGrad","FryExit","FryDeath","FryInStr","allMortAF","baseMortAF","tempMortAF","allMortAM","baseMortAM","tempMortAM","InVivo"
2010,7568,7568,7578,6309,31509746,28542012,2967734,1706127,554896,706711,1206,189,1017,1248,228,1020,3654004
2011,7568,7568,7578,6309,11975476,10875525,1099951,570182,273115,256654,2651,171,2480,2694,210,2484,15242940
2012,7568,7568,7578,6322,31652928,26459136,5193792,1916905,1098970,2177917,1840,194,1646,1880,230,1650,0
2013,7568,7568,7578,6322,26315234,22423538,3891696,1652992,720488,1518216,2690,189,2501,2730,225,2505,640819
2014,7568,7568,7578,6275,39620620,33499640,6120980,2538489,1149935,2432556,398,185,213,443,229,214,800
2015,7568,7568,7578,6564,9929073,8859128,1069945,206589,355753,507603,5563,118,5445,5585,136,5449,1156087
2016,7568,7568,7578,6344,13693772,12293850,1399922,302913,282726,814283,3889,176,3713,3935,213,3722,6657225
2017,7568,7568,7578,6324,23999418,20343448,3655970,1166678,889976,1599316,3225,173,3052,3269,209,3060,0
2018,7568,7568,7578,6322,31702662,28528104,3174558,1164349,574852,1435357,1831,200,1631,1871,235,1636,0
2019,7568,7568,7578,6323,7319016,6653688,665328,142275,150227,372826,2467,191,2276,2510,228,2282,20927313
2020,7568,7568,7578,6324,16634254,14636353,1997901,863019,395302,739580,2957,176,2781,2998,210,2788,8873663
2021,7568,7568,7578,6285,39704310,31131491,8572819,5441186,1949962,1181671,383,182,201,429,228,201,0
2022,7568,7568,7578,6325,19182999,17287111,1895888,582273,483128,830487,4094,166,3928,4138,201,3937,14325
2023,7568,7568,7578,6448,13400550,12089777,1310773,149511,345062,816200,5143,124,5019,5196,169,5027,0
2024,7568,7568,7578,6290,26657424,22631843,4025581,1803584,754116,1467881,2744,177,2567,2794,221,2573,0
2025,7568,7568,7578,6266,26051470,21292890,4758580,3063462,1066199,628919,225,182,43,269,226,43,14559837
2026,7568,7568,7578,6323,35863740,29145444,6718296,3264219,1650602,1803475,1078,196,882,1117,230,887,0
2027,7568,7568,7578,7544,292878,212459,80419,595,15818,64006,7515,38,7477,7524,40,7484,0
2028,7568,7568,7578,7157,3509312,3173941,335371,25114,92839,217418,6836,105,6731,6865,125,6740,538632
2029,7568,7568,7578,6323,17183115,14961238,2221877,988706,497076,736095,2524,180,2344,2567,217,2350,10718910
2030,7568,7568,7578,7564,127098,78495,48603,5023,12393,31187,7545,34,7511,7556,38,7518,0
2031,7568,7568,7578,6322,36974466,28639858,8334608,4361137,1687269,2286202,877,198,679,913,233,680,0
2032,7568,7568,7578,6288,27951711,24415734,3535977,1825705,689705,1020567,2252,175,2077,2301,218,2083,1425683
2033,7568,7568,7578,6309,35327718,32762781,2564937,754548,546154,1264235,1175,193,982,1216,231,985,0
2034,7568,7568,7578,6337,19230480,16977907,2252573,362585,553229,1336759,4088,156,3932,4137,197,3940,0
2035,7568,7568,7578,6961,6178068,5828555,349513,8498,80375,260640,6450,99,6351,6475,117,6358,0
2036,7568,7568,7578,6324,21526438,18856952,2669486,1356019,604447,709020,3659,167,3492,3701,201,3500,74696
2037,7568,7568,7578,6322,27828936,24419032,3409904,1843702,670393,895809,2532,184,2348,2574,220,2354,0
2038,7568,7568,7578,6309,36281181,27786020,8495161,5138597,1640397,1716167,544,188,356,586,228,358,2537263
2039,7568,7568,7578,6329,22816854,19764926,3051928,1032235,688285,1331408,3439,165,3274,3486,202,3284,0
2040,7568,7568,7578,6616,9753390,8883992,869398,129038,218914,521446,5803,113,5690,5830,133,5697,0
2041,7568,7568,7578,6285,31177692,26947028,4230664,1519820,973079,1737765,1926,185,1741,1975,230,1745,0
2042,7568,7568,7578,6360,11962076,10812192,1149884,145032,290779,714073,4859,144,4715,4908,186,4722,3021524
2043,7568,7568,7578,6455,13552325,12265172,1287153,163062,243867,880224,4851,130,4721,4896,168,4728,1464529
2044,7568,7568,7578,6268,31498200,26342992,5155208,2125534,1295422,1734252,1868,183,1685,1914,227,1687,0
2045,7568,7568,7578,6423,13488966,12765757,723209,75733,178252,469224,5127,124,5003,5178,170,5008,0
2046,7568,7568,7578,6335,17561628,15563857,1997771,482399,456985,1058387,4390,154,4236,4437,194,4243,0
2047,7568,7568,7578,6308,24813975,20659741,4154234,1717602,771631,1665001,1800,189,1611,1843,229,1614,7080210
2048,7568,7568,7578,6322,27182394,23024064,4158330,1304798,1360017,1493515,2649,181,2468,2693,218,2475,0
2049,7568,7568,7578,7569,82890,45275,37615,6714,11058,19843,7553,16,7537,7564,18,7546,0
2050,7568,7568,7578,7218,3619530,3164592,454938,16259,94488,344191,6913,72,6841,6925,76,6849,0
2051,7568,7568,7578,6281,21256126,17402915,3853211,2248734,777778,826699,1866,186,1680,1915,230,1685,10283472
2052,7568,7568,7578,6302,27311443,23735267,3576176,989763,836892,1749521,1625,187,1438,1670,229,1441,5543686
2053,7568,7568,7578,6543,11042653,10080923,961730,46601,203387,711742,5563,125,5438,5589,146,5443,36977
2054,7568,7568,7578,6405,15986718,14379300,1607418,337496,390597,879325,4675,135,4540,4732,182,4550,0
2055,7568,7568,7578,6565,9592269,8836966,755303,103900,161369,490034,5405,114,5291,5427,130,5297,2370769
2056,7568,7568,7578,6335,17130600,15351741,1778859,497374,390724,890761,4468,144,4324,4518,186,4332,0
2057,7568,7568,7578,6324,24137568,20634552,3503016,1836880,715255,950881,3200,170,3030,3244,207,3037,0
2058,7568,7568,7578,6283,14289533,12206390,2083143,857194,423269,802680,2112,172,1940,2164,219,1945,15907895
2059,7568,7568,7578,6323,17549373,15067089,2482284,910857,471922,1099505,3194,163,3031,3239,200,3039,6643500
2060,7568,7568,7578,6317,35465868,30638840,4827028,1984752,848982,1993294,1150,179,971,1191,218,973,0
2061,7568,7568,7578,6324,26701254,22294114,4407140,1924307,1391101,1091732,2736,193,2543,2779,231,2548,378
2062,7568,7568,7578,7575,44208,24791,19417,7162,5118,7137,7560,16,7544,7574,12,7562,0
2063,7568,7568,7578,6324,25159878,21152760,4007118,1577475,1264815,1164828,3015,176,2839,3055,210,2845,0
2064,7568,7568,7578,7576,16578,10954,5624,4,612,5008,7565,19,7546,7575,13,7562,0
2065,7568,7568,7578,6347,17162690,15055193,2107497,510806,589030,1007661,4448,154,4294,4498,195,4303,78430
2066,7568,7568,7578,6338,20987748,17979146,3008602,875622,754729,1378251,3770,173,3597,3812,211,3601,0
2067,7568,7568,7578,7512,596808,459674,137134,1495,58327,77312,7460,46,7414,7469,51,7418,0
2068,7568,7568,7578,7578,0,0,0,0,0,0,7568,8,7560,7578,0,7578,0
2069,7568,7568,7578,6325,19904652,17349728,2554924,705527,656531,1192866,3966,167,3799,4012,203,3809,0
2070,7568,7568,7578,7578,0,0,0,0,0,0,7568,29,7539,7578,31,7547,0
2071,7568,7568,7578,6324,20180952,17692775,2488177,643937,652887,1191353,3916,173,3743,3961,210,3751,0
2072,7568,7568,7578,6882,6949138,6335122,614016,57188,176096,380732,6309,88,6221,6333,104,6229,8096
2073,7568,7568,7578,7571,66312,43861,22451,1604,5382,15465,7556,19,7537,7567,22,7545,0
2074,7568,7568,7578,6860,6841188,6353367,487821,10962,143868,332991,6330,106,6224,6355,127,6228,0
2075,7568,7568,7578,7578,0,0,0,0,0,0,7568,23,7545,7578,25,7553,0
2076,7568,7568,7578,7578,0,0,0,0,0,0,7568,23,7545,7578,25,7553,0
2077,7568,7568,7578,7385,1757268,1377286,379982,24743,75755,279484,7250,66,7184,7252,64,7188,0
2078,7568,7568,7578,6322,29221488,24474194,4747294,2406175,1159663,1181456,2280,196,2084,2320,230,2090,0
2079,7568,7568,7578,7045,5354694,4892090,462604,50406,133452,278746,6599,110,6489,6625,126,6499,0
2080,7568,7568,7578,6474,12173778,10830438,1343340,318791,399833,624716,5365,121,5244,5401,151,5250,0
2081,7568,7568,7578,6350,9287601,8343540,944061,165089,240402,538570,4640,147,4493,4686,188,4498,6908704
2082,7568,7568,7578,6397,13748264,12546648,1201616,231509,301664,668443,4994,138,4856,5044,181,4863,477472
2083,7568,7568,7578,6340,12108887,10694276,1414611,400216,352832,661563,4581,155,4426,4630,196,4434,4416016
2084,7568,7568,7578,6323,24060204,20881245,3178959,926796,753800,1498363,3214,174,3040,3252,207,3045,0
2085,7568,7568,7578,7571,61042,44822,16220,1784,4302,10134,7556,43,7513,7567,47,7520,5270
2086,7568,7568,7578,6325,17991698,16207179,1784519,289315,441046,1054158,4138,160,3978,4181,195,3986,964241
2087,7568,7568,7578,7578,0,0,0,0,0,0,7568,28,7540,7578,34,7544,0
2088,7568,7568,7578,6870,4621393,4350752,270641,9327,70399,190915,6315,116,6199,6340,137,6203,2315523
2089,7568,7568,7578,7095,4608684,4182540,426144,6092,75069,344983,6734,69,6665,6767,96,6671,0
2090,7568,7568,7578,6320,13935479,12554400,1381079,328498,383625,668956,4401,154,4247,4452,194,4258,3580284
2091,7568,7568,7578,7519,450886,258491,192395,67572,54361,70462,7474,37,7437,7483,43,7440,68558
2092,7568,7568,7578,6443,11423627,10441946,981681,107311,453410,420960,5281,118,5163,5334,165,5169,1218024
2093,7568,7568,7578,7578,0,0,0,0,0,0,7568,1,7567,7578,3,7575,0
2094,7568,7568,7578,6593,9344466,8842734,501732,77069,105731,318932,5877,123,5754,5909,149,5760,0
2095,7568,7568,7578,6296,13119498,10831071,2288427,1158254,557071,573102,2075,186,1889,2124,230,1894,17289254
2096,7568,7568,7578,7578,5526,2997,2529,203,646,1680,7567,32,7535,7578,36,7542,0
2097,7568,7568,7578,7576,8842,4846,3996,851,1416,1729,7566,18,7548,7575,24,7551,2210
2098,7568,7568,7578,7578,0,0,0,0,0,0,7568,8,7560,7578,14,7564,0
2099,7568,7363,7578,7367,49734,8778,0,0,0,0,7354,45,7309,7363,48,7315,0
