"Year","AFem","AFemDeath","AMal","AMalDeath","Eggs","EggsDeath","FryGrad","FryExit","FryDeath","FryInStr","allMortAF","baseMortAF","tempMortAF","allMortAM","baseMortAM","tempMortAM","InVivo","Year","allMortEgg","baseMortEgg","tempMortEgg","denMortEgg","incMortEgg","superMortEgg","lostMortEgg","catMortEgg","allMortFry","baseMortFry","tempMortFry","denMortFry","habMortFry","freshMortFry","seasMortFry","catMortFry","allMortSF","allMortSM"
2010,7568,7568,7578,6309,31509746,28542012,2967734,1706127,554896,706711,1206,189,1017,1248,228,1020,3654004,2010,28542012,6688973,3540885,0,5065481,6250526,6996147,0,554896,341436,9358,0,0,0,204102,0,6362,5061
2011,7568,7568,7578,6309,11975476,10875525,1099951,570182,273115,256654,2651,171,2480,2694,210,2484,15242940,2011,10875525,1912061,1212089,0,1543266,2680382,3527727,0,273115,135451,56936,0,0,0,80728,0,4917,3615
2012,7568,7568,7578,6322,31652928,26459136,5193792,1916905,1098970,2177917,1840,194,1646,1880,230,1650,0,2012,26459136,7734354,3822398,0,400732,7024974,7476678,0,1098970,506501,286830,0,0,0,305639,0,5728,4442
2013,7568,7568,7578,6322,26315234,22423538,3891696,1652992,720488,1518216,2690,189,2501,2730,225,2505,640819,2013,22423538,5050733,2115460,0,1590508,6214819,7452018,0,720488,449267,2280,0,0,0,268941,0,4878,3592
2014,7568,7568,7578,6275,39620620,33499640,6120980,2538489,1149935,2432556,398,185,213,443,229,214,800,2014,33499640,10442314,7269654,0,1317155,6993839,7476678,0,1149935,578582,223304,0,0,0,348049,0,7170,5832
2015,7568,7568,7578,6564,9929073,8859128,1069945,206589,355753,507603,5563,118,5445,5585,136,5449,1156087,2015,8859128,1221210,520219,0,74105,2204865,4838729,0,355753,139580,131879,0,0,0,84294,0,2005,979
2016,7568,7568,7578,6344,13693772,12293850,1399922,302913,282726,814283,3889,176,3713,3935,213,3722,6657225,2016,12293850,2273409,1144988,0,523424,3256381,5095648,0,282726,153380,37750,0,0,0,91596,0,3679,2409
2017,7568,7568,7578,6324,23999418,20343448,3655970,1166678,889976,1599316,3225,173,3052,3269,209,3060,0,2017,20343448,4844721,1805362,0,434503,5848496,7410366,0,889976,399774,248901,0,0,0,241301,0,4343,3055
2018,7568,7568,7578,6322,31702662,28528104,3174558,1164349,574852,1435357,1831,200,1631,1871,235,1636,0,2018,28528104,6715568,5726485,0,2166912,6459039,7460100,0,574852,325897,53602,0,0,0,195353,0,5737,4451
2019,7568,7568,7578,6323,7319016,6653688,665328,142275,150227,372826,2467,191,2276,2510,228,2282,20927313,2019,6653688,1178434,750033,0,165587,1932427,2627207,0,150227,66151,44620,0,0,0,39456,0,5101,3813
2020,7568,7568,7578,6324,16634254,14636353,1997901,863019,395302,739580,2957,176,2781,2998,210,2788,8873663,2020,14636353,3014866,1424880,0,1276404,3771939,5148264,0,395302,237534,15855,0,0,0,141913,0,4611,3326
2021,7568,7568,7578,6285,39704310,31131491,8572819,5441186,1949962,1181671,383,182,201,429,228,201,0,2021,31131491,8981056,5219186,0,2429627,7008366,7493256,0,1949962,942852,438685,0,0,0,568425,0,7185,5856
2022,7568,7568,7578,6325,19182999,17287111,1895888,582273,483128,830487,4094,166,3928,4138,201,3937,14325,2022,17287111,2789115,1721837,0,576242,4833759,7366158,0,483128,244496,91872,0,0,0,146760,0,3474,2187
2023,7568,7568,7578,6448,13400550,12089777,1310773,149511,345062,816200,5143,124,5019,5196,169,5027,0,2023,12089777,1737816,996145,0,1661,2999255,6354900,0,345062,156913,93893,0,0,0,94256,0,2425,1252
2024,7568,7568,7578,6290,26657424,22631843,4025581,1803584,754116,1467881,2744,177,2567,2794,221,2573,0,2024,22631843,5290142,1971986,0,1465452,6433111,7471152,0,754116,471634,0,0,0,0,282482,0,4824,3496
2025,7568,7568,7578,6266,26051470,21292890,4758580,3063462,1066199,628919,225,182,43,269,226,43,14559837,2025,21292890,5496310,3601751,0,2613318,4618395,4963116,0,1066199,520964,231662,0,0,0,313573,0,7343,5997
2026,7568,7568,7578,6323,35863740,29145444,6718296,3264219,1650602,1803475,1078,196,882,1117,230,887,0,2026,29145444,9009312,5129681,0,602606,6932693,7471152,0,1650602,663485,585074,0,0,0,402043,0,6490,5206
2027,7568,7568,7578,7544,292878,212459,80419,595,15818,64006,7515,38,7477,7524,40,7484,0,2027,212459,127503,83993,0,963,0,0,0,15818,7997,3099,0,0,0,4722,0,53,20
2028,7568,7568,7578,7157,3509312,3173941,335371,25114,92839,217418,6836,105,6731,6865,125,6740,538632,2028,3173941,462359,248248,0,71916,1369444,1021974,0,92839,41386,26982,0,0,0,24471,0,732,292
2029,7568,7568,7578,6323,17183115,14961238,2221877,988706,497076,736095,2524,180,2344,2567,217,2350,10718910,2029,14961238,2898201,1567334,0,1123477,4271531,5100695,0,497076,246276,103110,0,0,0,147690,0,5044,3756
2030,7568,7568,7578,7564,127098,78495,48603,5023,12393,31187,7545,34,7511,7556,38,7518,0,2030,78495,51415,21035,0,6045,0,0,0,12393,6244,2573,0,0,0,3576,0,23,8
2031,7568,7568,7578,6322,36974466,28639858,8334608,4361137,1687269,2286202,877,198,679,913,233,680,0,2031,28639858,9872783,2744147,0,577049,7808947,7636932,0,1687269,854677,318000,0,0,0,514592,0,6691,5409
2032,7568,7568,7578,6288,27951711,24415734,3535977,1825705,689705,1020567,2252,175,2077,2301,218,2083,1425683,2032,24415734,4850405,3279916,0,2841216,6073083,7371114,0,689705,411798,31275,0,0,0,246632,0,5316,3987
2033,7568,7568,7578,6309,35327718,32762781,2564937,754548,546154,1264235,1175,193,982,1216,231,985,0,2033,32762781,8343941,5941329,0,3722782,7266999,7487730,0,546154,233365,171961,0,0,0,140828,0,6393,5093
2034,7568,7568,7578,6337,19230480,16977907,2252573,362585,553229,1336759,4088,156,3932,4137,197,3940,0,2034,16977907,3302558,1617468,0,131903,4714548,7211430,0,553229,237078,173195,0,0,0,142956,0,3480,2200
2035,7568,7568,7578,6961,6178068,5828555,349513,8498,80375,260640,6450,99,6351,6475,117,6358,0,2035,5828555,788312,615678,0,154440,2021043,2249082,0,80375,35616,23733,0,0,0,21026,0,1118,486
2036,7568,7568,7578,6324,21526438,18856952,2669486,1356019,604447,709020,3659,167,3492,3701,201,3500,74696,2036,18856952,2926727,1932502,0,1612622,4996839,7388262,0,604447,356032,35306,0,0,0,213109,0,3909,2623
2037,7568,7568,7578,6322,27828936,24419032,3409904,1843702,670393,895809,2532,184,2348,2574,220,2354,0,2037,24419032,4948890,3713778,0,2577237,5719027,7460100,0,670393,418741,1140,0,0,0,250512,0,5036,3748
2038,7568,7568,7578,6309,36281181,27786020,8495161,5138597,1640397,1716167,544,188,356,586,228,358,2537263,2038,27786020,9094454,2425626,0,1713583,7310707,7241650,0,1640397,923725,161868,0,0,0,554804,0,7024,5723
2039,7568,7568,7578,6329,22816854,19764926,3051928,1032235,688285,1331408,3439,165,3274,3486,202,3284,0,2039,19764926,3919640,3679876,0,249930,4554848,7360632,0,688285,340322,143344,0,0,0,204619,0,4129,2843
2040,7568,7568,7578,6616,9753390,8883992,869398,129038,218914,521446,5803,113,5690,5830,133,5697,0,2040,8883992,1074954,474063,0,14036,2353065,4967874,0,218914,110496,42353,0,0,0,66065,0,1765,786
2041,7568,7568,7578,6285,31177692,26947028,4230664,1519820,973079,1737765,1926,185,1741,1975,230,1745,0,2041,26947028,7247991,3747549,0,1635641,6817065,7498782,0,973079,426194,289513,0,0,0,257372,0,5642,4310
2042,7568,7568,7578,6360,11962076,10812192,1149884,145032,290779,714073,4859,144,4715,4908,186,4722,3021524,2042,10812192,1479730,837966,0,1919,2778161,5714416,0,290779,138893,68657,0,0,0,83229,0,2709,1452
2043,7568,7568,7578,6455,13552325,12265172,1287153,163062,243867,880224,4851,130,4721,4896,168,4728,1464529,2043,12265172,1966431,1048209,0,273077,3223539,5753916,0,243867,146148,10491,0,0,0,87228,0,2717,1559
2044,7568,7568,7578,6268,31498200,26342992,5155208,2125534,1295422,1734252,1868,183,1685,1914,227,1687,0,2044,26342992,7212887,4465748,0,865078,6333653,7465626,0,1295422,528223,447322,0,0,0,319877,0,5700,4354
2045,7568,7568,7578,6423,13488966,12765757,723209,75733,178252,469224,5127,124,5003,5178,170,5008,0,2045,12765757,1521878,769295,0,761001,3159747,6553836,0,178252,86742,39625,0,0,0,51885,0,2441,1245
2046,7568,7568,7578,6335,17561628,15563857,1997771,482399,456985,1058387,4390,154,4236,4437,194,4243,0,2046,15563857,2482002,1314051,0,167195,4389179,7211430,0,456985,256778,46332,0,0,0,153875,0,3178,1898
2047,7568,7568,7578,6308,24813975,20659741,4154234,1717602,771631,1665001,1800,189,1611,1843,229,1614,7080210,2047,20659741,5899039,2783324,0,696567,5272903,6007908,0,771631,442028,64510,0,0,0,265093,0,5768,4465
2048,7568,7568,7578,6322,27182394,23024064,4158330,1304798,1360017,1493515,2649,181,2468,2693,218,2475,0,2048,23024064,5816668,1840324,0,1179969,6727003,7460100,0,1360017,430903,665879,0,0,0,263235,0,4919,3629
2049,7568,7568,7578,7569,82890,45275,37615,6714,11058,19843,7553,16,7537,7564,18,7546,0,2049,45275,34725,10550,0,0,0,0,0,11058,5122,3101,0,0,0,2835,0,15,5
2050,7568,7568,7578,7218,3619530,3164592,454938,16259,94488,344191,6913,72,6841,6925,76,6849,0,2050,3164592,686681,210133,0,110280,1555164,602334,0,94488,50710,13627,0,0,0,30151,0,655,293
2051,7568,7568,7578,6281,21256126,17402915,3853211,2248734,777778,826699,1866,186,1680,1915,230,1685,10283472,2051,17402915,4144530,2292010,0,1148078,4551525,5266772,0,777778,461592,39871,0,0,0,276315,0,5702,4366
2052,7568,7568,7578,6302,27311443,23735267,3576176,989763,836892,1749521,1625,187,1438,1670,229,1441,5543686,2052,23735267,6590460,4443505,0,360797,5799770,6540735,0,836892,312647,334565,0,0,0,189680,0,5943,4632
2053,7568,7568,7578,6543,11042653,10080923,961730,46601,203387,711742,5563,125,5438,5589,146,5443,36977,2053,10080923,1418989,668357,0,0,2467577,5526000,0,203387,107400,31711,0,0,0,64276,0,2005,954
2054,7568,7568,7578,6405,15986718,14379300,1607418,337496,390597,879325,4675,135,4540,4732,182,4550,0,2054,14379300,2183135,1168762,0,496489,3822350,6708564,0,390597,195297,78120,0,0,0,117180,0,2893,1673
2055,7568,7568,7578,6565,9592269,8836966,755303,103900,161369,490034,5405,114,5291,5427,130,5297,2370769,2055,8836966,1144973,670803,0,399626,2193004,4428560,0,161369,93957,11542,0,0,0,55870,0,2163,1138
2056,7568,7568,7578,6335,17130600,15351741,1778859,497374,390724,890761,4468,144,4324,4518,186,4332,0,2056,15351741,2496290,884404,0,613014,4196337,7161696,0,390724,229413,24046,0,0,0,137265,0,3100,1817
2057,7568,7568,7578,6324,24137568,20634552,3503016,1836880,715255,950881,3200,170,3030,3244,207,3037,0,2057,20634552,3899306,2211403,0,1501096,5601329,7421418,0,715255,444465,4794,0,0,0,265996,0,4368,3080
2058,7568,7568,7578,6283,14289533,12206390,2083143,857194,423269,802680,2112,172,1940,2164,219,1945,15907895,2058,12206390,2940187,2073935,0,517370,2935769,3739129,0,423269,231285,53682,0,0,0,138302,0,5456,4119
2059,7568,7568,7578,6323,17549373,15067089,2482284,910857,471922,1099505,3194,163,3031,3239,200,3039,6643500,2059,15067089,3310716,1276698,0,598908,4256554,5624213,0,471922,290023,8487,0,0,0,173412,0,4374,3084
2060,7568,7568,7578,6317,35465868,30638840,4827028,1984752,848982,1993294,1150,179,971,1191,218,973,0,2060,30638840,8557231,5523204,0,2009944,6983367,7565094,0,848982,480749,79718,0,0,0,288515,0,6418,5126
2061,7568,7568,7578,6324,26701254,22294114,4407140,1924307,1391101,1091732,2736,193,2543,2779,231,2548,378,2061,22294114,5519698,2541581,0,537479,6251834,7443522,0,1391101,503038,582089,0,0,0,305974,0,4832,3545
2062,7568,7568,7578,7575,44208,24791,19417,7162,5118,7137,7560,16,7544,7574,12,7562,0,2062,24791,15699,8292,0,800,0,0,0,5118,2863,980,0,0,0,1275,0,8,1
2063,7568,7568,7578,6324,25159878,21152760,4007118,1577475,1264815,1164828,3015,176,2839,3055,210,2845,0,2063,21152760,4936996,2239771,0,683258,5882369,7410366,0,1264815,435738,563740,0,0,0,265337,0,4553,3269
2064,7568,7568,7578,7576,16578,10954,5624,4,612,5008,7565,19,7546,7575,13,7562,0,2064,10954,7352,2291,0,1311,0,0,0,612,422,0,0,0,0,190,0,3,1
2065,7568,7568,7578,6347,17162690,15055193,2107497,510806,589030,1007661,4448,154,4294,4498,195,4303,78430,2065,15055193,2528297,1061079,0,272838,4058913,7134066,0,589030,259603,172955,0,0,0,156472,0,3120,1849
2066,7568,7568,7578,6338,20987748,17979146,3008602,875622,754729,1378251,3770,173,3597,3812,211,3601,0,2066,17979146,3798421,1639423,0,220858,5081384,7239060,0,754729,341738,206836,0,0,0,206155,0,3798,2526
2067,7568,7568,7578,7512,596808,459674,137134,1495,58327,77312,7460,46,7414,7469,51,7418,0,2067,459674,232847,182008,0,44819,0,0,0,58327,13714,36243,0,0,0,8370,0,108,43
2068,7568,7568,7578,7578,0,0,0,0,0,0,7568,8,7560,7578,0,7578,0,2068,0,0,0,0,0,0,0,0,0,0,0,0,0,0,0,0,0,0
2069,7568,7568,7578,6325,19904652,17349728,2554924,705527,656531,1192866,3966,167,3799,4012,203,3809,0,2069,17349728,3147176,1859093,0,103852,4845819,7393788,0,656531,307242,164249,0,0,0,185040,0,3602,2313
2070,7568,7568,7578,7578,0,0,0,0,0,0,7568,29,7539,7578,31,7547,0,2070,0,0,0,0,0,0,0,0,0,0,0,0,0,0,0,0,0,0
2071,7568,7568,7578,6324,20180952,17692775,2488177,643937,652887,1191353,3916,173,3743,3961,210,3751,0,2071,17692775,3135996,2156487,0,198306,4802672,7399314,0,652887,294056,181751,0,0,0,177080,0,3652,2363
2072,7568,7568,7578,6882,6949138,6335122,614016,57188,176096,380732,6309,88,6221,6333,104,6229,8096,2072,6335122,827381,520615,0,66925,2052207,2867994,0,176096,75013,56178,0,0,0,44905,0,1259,549
2073,7568,7568,7578,7571,66312,43861,22451,1604,5382,15465,7556,19,7537,7567,22,7545,0,2073,43861,28630,5967,0,9264,0,0,0,5382,2804,1226,0,0,0,1352,0,12,4
2074,7568,7568,7578,6860,6841188,6353367,487821,10962,143868,332991,6330,106,6224,6355,127,6228,0,2074,6353367,783170,350553,0,0,2191396,3028248,0,143868,50997,61995,0,0,0,30876,0,1238,505
2075,7568,7568,7578,7578,0,0,0,0,0,0,7568,23,7545,7578,25,7553,0,2075,0,0,0,0,0,0,0,0,0,0,0,0,0,0,0,0,0,0
2076,7568,7568,7578,7578,0,0,0,0,0,0,7568,23,7545,7578,25,7553,0,2076,0,0,0,0,0,0,0,0,0,0,0,0,0,0,0,0,0,0
2077,7568,7568,7578,7385,1757268,1377286,379982,24743,75755,279484,7250,66,7184,7252,64,7188,0,2077,1377286,470535,186792,0,15945,659806,44208,0,75755,47518,215,0,0,0,28022,0,318,133
2078,7568,7568,7578,6322,29221488,24474194,4747294,2406175,1159663,1181456,2280,196,2084,2320,230,2090,0,2078,24474194,5524439,3561141,0,1388331,6512553,7487730,0,1159663,525376,317242,0,0,0,317045,0,5288,4002
2079,7568,7568,7578,7045,5354694,4892090,462604,50406,133452,278746,6599,110,6489,6625,126,6499,0,2079,4892090,744561,462076,0,184178,1871105,1630170,0,133452,57042,42505,0,0,0,33905,0,969,420
2080,7568,7568,7578,6474,12173778,10830438,1343340,318791,399833,624716,5365,121,5244,5401,151,5250,0,2080,10830438,1464219,680421,0,0,2601672,6084126,0,399833,179685,112091,0,0,0,108057,0,2203,1073
2081,7568,7568,7578,6350,9287601,8343540,944061,165089,240402,538570,4640,147,4493,4686,188,4498,6908704,2081,8343540,1188141,648107,0,69197,2303605,4134490,0,240402,116590,54068,0,0,0,69744,0,2928,1664
2082,7568,7568,7578,6397,13748264,12546648,1201616,231509,301664,668443,4994,138,4856,5044,181,4863,477472,2082,12546648,1595272,781245,0,348558,3247948,6573625,0,301664,156160,51898,0,0,0,93606,0,2574,1353
2083,7568,7568,7578,6340,12108887,10694276,1414611,400216,352832,661563,4581,155,4426,4630,196,4434,4416016,2083,10694276,1519486,852044,0,4047,2992405,5326294,0,352832,192212,45612,0,0,0,115008,0,2987,1710
2084,7568,7568,7578,6323,24060204,20881245,3178959,926796,753800,1498363,3214,174,3040,3252,207,3045,0,2084,20881245,4681296,2967716,0,360641,5466752,7404840,0,753800,335885,215290,0,0,0,202625,0,4354,3071
2085,7568,7568,7578,7571,61042,44822,16220,1784,4302,10134,7556,43,7513,7567,47,7520,5270,2085,44822,23648,10880,0,10294,0,0,0,4302,1964,1570,0,0,0,768,0,12,4
2086,7568,7568,7578,6325,17991698,16207179,1784519,289315,441046,1054158,4138,160,3978,4181,195,3986,964241,2086,16207179,2739480,1685023,0,26313,4665879,7090484,0,441046,195947,127112,0,0,0,117987,0,3430,2144
2087,7568,7568,7578,7578,0,0,0,0,0,0,7568,28,7540,7578,34,7544,0,2087,0,0,0,0,0,0,0,0,0,0,0,0,0,0,0,0,0,0
2088,7568,7568,7578,6870,4621393,4350752,270641,9327,70399,190915,6315,116,6199,6340,137,6203,2315523,2088,4350752,477616,352525,0,134581,1403426,1982604,0,70399,28535,24981,0,0,0,16883,0,1253,530
2089,7568,7568,7578,7095,4608684,4182540,426144,6092,75069,344983,6734,69,6665,6767,96,6671,0,2089,4182540,680798,260044,0,12816,1891590,1337292,0,75069,47080,0,0,0,0,27989,0,834,328
2090,7568,7568,7578,6320,13935479,12554400,1381079,328498,383625,668956,4401,154,4247,4452,194,4258,3580284,2090,12554400,1788728,1036786,0,287256,3629330,5812300,0,383625,173706,105438,0,0,0,104481,0,3167,1868
2091,7568,7568,7578,7519,450886,258491,192395,67572,54361,70462,7474,37,7437,7483,43,7440,68558,2091,258491,152632,77570,0,28289,0,0,0,54361,29287,7668,0,0,0,17406,0,94,36
2092,7568,7568,7578,6443,11423627,10441946,981681,107311,453410,420960,5281,118,5163,5334,165,5169,1218024,2092,10441946,1334903,915203,0,0,2402998,5788842,0,453410,110194,275408,0,0,0,67808,0,2287,1109
2093,7568,7568,7578,7578,0,0,0,0,0,0,7568,1,7567,7578,3,7575,0,2093,0,0,0,0,0,0,0,0,0,0,0,0,0,0,0,0,0,0
2094,7568,7568,7578,6593,9344466,8842734,501732,77069,105731,318932,5877,123,5754,5909,149,5760,0,2094,8842734,878407,505564,0,255680,2307047,4896036,0,105731,64626,2804,0,0,0,38301,0,1691,684
2095,7568,7568,7578,6296,13119498,10831071,2288427,1158254,557071,573102,2075,186,1889,2124,230,1894,17289254,2095,10831071,2575881,1430934,0,538543,2824412,3461301,0,557071,268924,126562,0,0,0,161585,0,5493,4172
2096,7568,7568,7578,7578,5526,2997,2529,203,646,1680,7567,32,7535,7578,36,7542,0,2096,2997,2449,548,0,0,0,0,0,646,165,400,0,0,0,81,0,1,0
2097,7568,7568,7578,7576,8842,4846,3996,851,1416,1729,7566,18,7548,7575,24,7551,2210,2097,4846,3594,892,0,360,0,0,0,1416,250,1032,0,0,0,134,0,2,1
2098,7568,7568,7578,7578,0,0,0,0,0,0,7568,8,7560,7578,14,7564,0,2098,0,0,0,0,0,0,0,0,0,0,0,0,0,0,0,0,0,0
2099,7568,7363,7578,7367,49734,8778,0,0,0,0,7354,45,7309,7363,48,7315,0,2099,8778,1939,6645,0,194,0,0,0,0,0,0,0,0,0,0,0,9,4
