"Year","AFem","AFemDeath","AMal","AMalDeath","Eggs","EggsDeath","FryGrad","FryExit","FryDeath","FryInStr","allMortAF","baseMortAF","tempMortAF","allMortAM","baseMortAM","tempMortAM","InVivo","Year","allMortEgg","baseMortEgg","tempMortEgg","denMortEgg","incMortEgg","superMortEgg","lostMortEgg","catMortEgg","allMortFry","baseMortFry","tempMortFry","denMortFry","habMortFry","freshMortFry","seasMortFry","catMortFry","allMortSF","allMortSM"
2010,7568,7568,7578,6324,31779288,26439709,5339579,2597646,929816,1812117,1814,191,1623,1853,228,1625,17316,2010,26439709,6925493,2864070,0,2553529,6664147,7432470,0,929816,578931,4084,0,0,0,346801,0,5754,4471
2011,7568,7568,7578,6313,31492674,27077853,4414821,2158966,799661,1456194,1869,199,1670,1909,235,1674,0,2011,27077853,7158558,2262269,0,2942591,7243283,7471152,0,799661,499278,1399,0,0,0,298984,0,5699,4404
2012,7568,7568,7578,6313,35966697,29317466,6649231,3150947,1386640,2111644,1055,191,864,1092,228,864,24141,2012,29317466,8966170,5461397,0,576527,6836694,7476678,0,1386640,662358,324952,0,0,0,399330,0,6513,5221
2013,7568,7568,7578,6323,30768768,25903776,4864992,1628619,1541843,1694530,2000,192,1808,2039,228,1811,0,2013,25903776,7440211,3854218,0,516695,6643604,7449048,0,1541843,451998,812746,0,0,0,277099,0,5568,4284
2014,7568,7568,7578,7576,16578,9763,6815,109,1652,5054,7565,24,7541,7575,19,7556,0,2014,9763,7216,1396,0,1151,0,0,0,1652,547,877,0,0,0,228,0,3,1
2015,7568,7568,7578,6377,17821350,16295864,1525486,255877,304584,965025,4343,155,4188,4386,192,4194,0,2015,16295864,2919446,1199767,0,813121,4494712,6868818,0,304584,171138,31159,0,0,0,102287,0,3225,1991
2016,7568,7568,7578,6381,104994,98864,6130,4686,659,785,5090,142,4948,5139,183,4956,13654746,2016,98864,11844,41449,0,0,45571,0,0,659,373,120,0,0,0,166,0,2478,1242
2017,7568,7568,7578,6322,40109542,33887773,6221769,3889741,1246055,1085973,302,190,112,338,226,112,42374,2017,33887773,9212749,4337490,0,5707140,7148190,7482204,0,1246055,692324,137981,0,0,0,415750,0,7266,5984
2018,7568,7568,7578,6322,32183424,27043212,5140212,2510663,1241966,1387583,1744,197,1547,1784,232,1552,0,2018,27043212,7031895,3207522,0,2359208,6967909,7476678,0,1241966,567522,331908,0,0,0,342536,0,5824,4538
2019,7568,7568,7578,7573,44208,25110,19098,3838,5537,9723,7560,56,7504,7570,66,7504,0,2019,25110,18110,7000,0,0,0,0,0,5537,2539,1822,0,0,0,1176,0,8,3
2020,7568,7568,7578,7454,1127304,796377,330927,48376,84238,198313,7364,41,7323,7373,44,7329,0,2020,796377,359354,113635,0,99459,223929,0,0,84238,44908,12870,0,0,0,26460,0,204,81
2021,7568,7568,7578,6325,21860856,19440768,2420088,349534,574470,1496084,3612,163,3449,3655,198,3457,0,2021,19440768,4398458,2147771,0,220985,5290818,7382736,0,574470,214640,229679,0,0,0,130151,0,3956,2670
2022,7568,7568,7578,6666,10029690,8977301,1052389,220183,291553,540653,5753,120,5633,5775,134,5641,0,2022,8977301,1237756,516298,0,276407,2271844,4674996,0,291553,138532,69942,0,0,0,83079,0,1815,891
2023,7568,7568,7578,6322,29585372,24791596,4793776,2079018,817675,1897083,1412,202,1210,1448,236,1212,4442452,2023,24791596,7153425,4026975,0,603382,6061584,6946230,0,817675,483167,44870,0,0,0,289638,0,6156,4874
2024,7568,7568,7578,6341,21871908,20132514,1739394,348345,358199,1032850,3610,166,3444,3658,208,3450,0,2024,20132514,3939381,2587335,0,1356094,5071430,7178274,0,358199,158673,104003,0,0,0,95523,0,3958,2683
2025,7568,7568,7578,6326,7756388,6692880,1063508,337281,250802,475425,2882,171,2711,2922,205,2717,18194885,2025,6692880,1365660,491269,0,137703,1936527,2761721,0,250802,120583,58155,0,0,0,72064,0,4686,3404
2026,7568,7568,7578,6323,34012530,27971893,6040637,2833618,1251727,1955292,1413,189,1224,1451,226,1225,0,2026,27971893,8056985,2566581,0,2237972,7495527,7614828,0,1251727,623529,252770,0,0,0,375428,0,6155,4872
2027,7568,7568,7578,6323,26441910,21583785,4858125,2123500,1224666,1509959,2783,182,2601,2823,218,2605,0,2027,21583785,5596092,1833029,0,213996,6502672,7437996,0,1224666,546332,348398,0,0,0,329936,0,4785,3500
2028,7568,7568,7578,7177,4100292,3650366,449926,4938,120056,324932,6826,81,6745,6862,110,6752,0,2028,3650366,745496,349603,0,0,1693211,862056,0,120056,45134,47752,0,0,0,27170,0,742,315
2029,7568,7568,7578,7038,5614416,5202278,412138,5446,98332,308360,6552,87,6465,6577,105,6472,0,2029,5202278,795550,403006,0,185218,1967294,1851210,0,98332,40174,34129,0,0,0,24029,0,1016,461
2030,7568,7568,7578,7578,0,0,0,0,0,0,7568,10,7558,7578,13,7565,0,2030,0,0,0,0,0,0,0,0,0,0,0,0,0,0,0,0,0,0
2031,7568,7568,7578,6322,38267550,29782997,8484553,4795389,1536888,2152276,643,194,449,680,230,450,0,2031,29782997,9686828,3913730,0,901476,7632979,7647984,0,1536888,883018,123797,0,0,0,530073,0,6925,5642
2032,7568,7568,7578,6540,11151468,10232328,919140,35825,236558,646757,5550,117,5433,5572,133,5439,0,2032,10232328,1474512,733489,0,15,2476208,5548104,0,236558,99507,77245,0,0,0,59806,0,2018,968
2033,7568,7568,7578,7350,2005588,1690095,315493,41894,74642,198957,7205,61,7144,7206,56,7150,350,2033,1690095,387429,306742,0,99392,797064,99468,0,74642,42411,7220,0,0,0,25011,0,363,144
2034,7568,7568,7578,6329,20002239,17197741,2804498,904252,774491,1125755,3608,169,3439,3653,208,3445,1886728,2034,17197741,3534591,1993865,0,132922,4713884,6822479,0,774491,316317,266971,0,0,0,191203,0,3960,2676
2035,7568,7568,7578,7571,71838,39454,32384,5672,9200,17512,7555,53,7502,7567,61,7506,0,2035,39454,29682,8005,0,1767,0,0,0,9200,4469,2258,0,0,0,2473,0,13,4
2036,7568,7568,7578,6478,9056540,8299435,757105,85921,208162,463022,5184,96,5088,5227,132,5095,4135957,2036,8299435,1102503,404249,0,299297,2181540,4311846,0,208162,88561,66578,0,0,0,53023,0,2384,1251
2037,7568,7568,7578,6323,17160231,14543030,2617201,888897,548270,1180034,3168,169,2999,3210,204,3006,7178584,2037,14543030,3278872,1256008,0,281948,4315988,5410214,0,548270,296740,73636,0,0,0,177894,0,4400,3113
2038,7568,7568,7578,6370,19661508,16613593,3047915,1166965,706766,1174184,4010,152,3858,4060,194,3866,0,2038,16613593,3500742,1561859,0,240753,4353005,6957234,0,706766,364667,123092,0,0,0,219007,0,3558,2310
2039,7568,7568,7578,6482,12473018,11358232,1114786,261300,242919,610567,5188,114,5074,5222,144,5078,681898,2039,11358232,1461218,786930,0,493927,2872657,5743500,0,242919,148752,5448,0,0,0,88719,0,2380,1260
2040,7568,7568,7578,6333,26430858,22098664,4332194,1629761,1282996,1419437,2785,183,2602,2827,222,2605,0,2040,22098664,5867566,2326768,0,526425,6061481,7316424,0,1282996,463021,538526,0,0,0,281449,0,4783,3506
2041,7568,7568,7578,7568,47024,25937,21087,6926,4487,9674,7552,81,7471,7563,89,7474,41392,2041,25937,16859,7412,0,1666,0,0,0,4487,2990,353,0,0,0,1144,0,16,5
2042,7568,7568,7578,6340,16589052,14639224,1949828,418855,625370,905603,4566,158,4408,4613,198,4415,0,2042,14639224,2333471,1054094,0,11422,4073015,7167222,0,625370,243330,234830,0,0,0,147210,0,3002,1727
2043,7568,7568,7578,6836,7299846,6711552,588294,50893,174461,362940,6247,93,6154,6274,111,6163,0,2043,6711552,817539,426468,0,67688,2172673,3227184,0,174461,70433,61590,0,0,0,42438,0,1321,562
2044,7568,7568,7578,7576,19392,12270,7122,187,1429,5506,7564,40,7524,7575,48,7527,2712,2044,12270,8264,2099,0,1907,0,0,0,1429,599,598,0,0,0,232,0,4,1
2045,7568,7568,7578,7578,0,0,0,0,0,0,7568,35,7533,7578,38,7540,0,2045,0,0,0,0,0,0,0,0,0,0,0,0,0,0,0,0,0,0
2046,7568,7568,7578,6381,13988643,12660163,1328480,399547,343395,585538,4731,135,4596,4779,180,4599,1695908,2046,12660163,1571740,1208512,0,657733,2881603,6340575,0,343395,177023,60372,0,0,0,106000,0,2837,1602
2047,7568,7568,7578,6683,3790712,3669243,121469,14117,27655,79697,5932,111,5821,5955,128,5827,5281724,2047,3669243,349131,383768,0,156390,901810,1878144,0,27655,14156,5430,0,0,0,8069,0,1636,728
2048,7568,7568,7578,6325,19429416,17722083,1707333,241674,445387,1020272,4052,156,3896,4098,192,3906,0,2048,17722083,3153096,2058582,0,124219,5025554,7360632,0,445387,169737,172983,0,0,0,102667,0,3516,2227
2049,7568,7568,7578,7578,0,0,0,0,0,0,7568,35,7533,7578,39,7539,0,2049,0,0,0,0,0,0,0,0,0,0,0,0,0,0,0,0,0,0
2050,7568,7568,7578,7578,0,0,0,0,0,0,7568,15,7553,7578,3,7575,0,2050,0,0,0,0,0,0,0,0,0,0,0,0,0,0,0,0,0,0
2051,7568,7568,7578,6345,19683612,17248755,2434857,743739,734816,956302,4006,163,3843,4048,199,3849,0,2051,17248755,3173496,1190049,0,1052837,4720411,7111962,0,734816,293435,264032,0,0,0,177349,0,3562,2297
2052,7568,7568,7578,7065,3589718,3225746,363972,65996,99148,198828,6646,76,6570,6670,92,6578,1511786,2052,3225746,457322,242209,0,82755,1380671,1062789,0,99148,49047,20917,0,0,0,29184,0,922,395
2053,7568,7568,7578,6430,17655570,14882031,2773539,974023,638123,1161393,4373,146,4227,4428,196,4232,0,2053,14882031,3108835,1178141,0,140391,3867672,6586992,0,638123,340769,92839,0,0,0,204515,0,3195,2002
2054,7568,7568,7578,7130,2410132,2218345,191787,3134,45216,143437,6775,67,6708,6805,95,6710,1981934,2054,2218345,338621,223869,0,49359,980462,626034,0,45216,20255,13175,0,0,0,11786,0,793,325
2055,7568,7568,7578,6688,8885808,8093411,792397,144376,232717,415304,5960,110,5850,5980,125,5855,0,2055,8093411,934122,513174,0,0,2252945,4393170,0,232717,104194,66071,0,0,0,62452,0,1608,708
2056,7568,7568,7578,6507,13223718,11960394,1263324,239587,323559,700178,5175,145,5030,5204,169,5035,0,2056,11960394,1645610,976130,0,541758,2961440,5835456,0,323559,158058,70775,0,0,0,94726,0,2393,1303
2057,7568,7568,7578,7251,3011670,2644881,366789,34955,107127,224707,7023,64,6959,7030,67,6963,0,2057,2644881,485122,218746,0,106046,1370783,464184,0,107127,47875,30773,0,0,0,28479,0,545,221
2058,7568,7568,7578,7573,30114,19528,10586,2331,3695,4560,7561,34,7527,7570,36,7534,8568,2058,19528,10065,7791,0,1672,0,0,0,3695,1055,2265,0,0,0,375,0,7,3
2059,7568,7568,7578,7578,0,0,0,0,0,0,7568,8,7560,7578,12,7566,0,2059,0,0,0,0,0,0,0,0,0,0,0,0,0,0,0,0,0,0
2060,7568,7568,7578,7578,0,0,0,0,0,0,7568,25,7543,7578,28,7550,0,2060,0,0,0,0,0,0,0,0,0,0,0,0,0,0,0,0,0,0
2061,7568,7568,7578,6572,4700117,4351910,348207,92785,113399,142023,5697,100,5597,5727,126,5601,5669169,2061,4351910,401480,414151,0,105662,1014073,2416544,0,113399,47534,37656,0,0,0,28209,0,1871,845
2062,7568,7568,7578,7088,4907088,4406103,500985,41053,122320,337612,6680,62,6618,6712,82,6630,0,2062,4406103,692858,330701,0,78933,1900007,1403604,0,122320,61983,23304,0,0,0,37033,0,888,376
2063,7568,7568,7578,7436,1270980,868296,402684,64209,114594,223881,7338,56,7282,7347,61,7286,0,2063,868296,409759,153184,0,16678,288675,0,0,114594,55005,26882,0,0,0,32707,0,230,89
2064,7568,7568,7578,6349,15721194,13701903,2019291,749409,827800,442082,4265,150,4115,4315,195,4120,2540424,2064,13701903,2167457,1223705,0,430426,3663468,6216847,0,827800,252715,420820,0,0,0,154265,0,3303,2034
2065,7568,7568,7578,7578,0,0,0,0,0,0,7568,20,7548,7578,13,7565,0,2065,0,0,0,0,0,0,0,0,0,0,0,0,0,0,0,0,0,0
2066,7568,7568,7578,7574,17080,8826,8254,1959,1986,4309,7563,40,7523,7572,43,7529,10550,2066,8826,6773,1916,0,137,0,0,0,1986,676,1052,0,0,0,258,0,5,2
2067,7568,7568,7578,7546,175850,94940,80910,22603,22764,35543,7518,38,7480,7527,42,7485,100450,2067,94940,67487,25389,0,2064,0,0,0,22764,11942,3773,0,0,0,7049,0,50,19
2068,7568,7568,7578,7152,3945820,3535073,410747,115844,135374,159529,6833,99,6734,6863,121,6742,116394,2068,3535073,457391,542578,0,54328,1513276,967500,0,135374,60288,39229,0,0,0,35857,0,735,289
2069,7568,7568,7578,6828,3031210,2843063,188147,11113,67699,109335,6221,99,6122,6241,109,6132,4430351,2069,2843063,319714,330098,0,20251,881104,1291896,0,67699,20501,35171,0,0,0,12027,0,1347,587
2070,7568,7568,7578,7578,0,0,0,0,0,0,7568,24,7544,7578,28,7550,0,2070,0,0,0,0,0,0,0,0,0,0,0,0,0,0,0,0,0,0
2071,7568,7568,7578,7494,314750,177066,137684,41066,42969,53649,7433,38,7395,7442,46,7396,431260,2071,177066,114127,62854,0,85,0,0,0,42969,20143,10931,0,0,0,11895,0,135,52
2072,7568,7568,7578,7578,0,0,0,0,0,0,7568,2,7566,7578,3,7575,0,2072,0,0,0,0,0,0,0,0,0,0,0,0,0,0,0,0,0,0
2073,7568,7568,7578,7578,0,0,0,0,0,0,7568,0,7568,7578,0,7578,0,2073,0,0,0,0,0,0,0,0,0,0,0,0,0,0,0,0,0,0
2074,7568,7568,7578,7578,0,0,0,0,0,0,7568,40,7528,7578,44,7534,0,2074,0,0,0,0,0,0,0,0,0,0,0,0,0,0,0,0,0,0
2075,7568,7568,7578,7578,0,0,0,0,0,0,7568,10,7558,7578,13,7565,0,2075,0,0,0,0,0,0,0,0,0,0,0,0,0,0,0,0,0,0
2076,7568,7568,7578,7578,0,0,0,0,0,0,7568,9,7559,7578,12,7566,0,2076,0,0,0,0,0,0,0,0,0,0,0,0,0,0,0,0,0,0
2077,7568,7568,7578,7578,0,0,0,0,0,0,7568,21,7547,7578,25,7553,0,2077,0,0,0,0,0,0,0,0,0,0,0,0,0,0,0,0,0,0
2078,7568,7568,7578,7578,0,0,0,0,0,0,7568,21,7547,7578,23,7555,0,2078,0,0,0,0,0,0,0,0,0,0,0,0,0,0,0,0,0,0
2079,7568,7568,7578,7578,0,0,0,0,0,0,7568,9,7559,7578,12,7566,0,2079,0,0,0,0,0,0,0,0,0,0,0,0,0,0,0,0,0,0
2080,7568,7568,7578,7578,0,0,0,0,0,0,7568,24,7544,7578,24,7554,0,2080,0,0,0,0,0,0,0,0,0,0,0,0,0,0,0,0,0,0
2081,7568,7568,7578,7578,0,0,0,0,0,0,7568,43,7525,7578,47,7531,0,2081,0,0,0,0,0,0,0,0,0,0,0,0,0,0,0,0,0,0
2082,7568,7568,7578,7468,783909,581302,202607,88793,65402,48412,7385,47,7338,7399,55,7344,227349,2082,581302,207978,137454,0,155818,80052,0,0,65402,31618,15027,0,0,0,18757,0,183,69
2083,7568,7568,7578,7383,1197818,890962,306856,86454,92719,127683,7265,47,7218,7266,39,7227,478142,2083,890962,282137,175884,0,0,432941,0,0,92719,45369,20181,0,0,0,27169,0,303,117
2084,7568,7568,7578,7573,21304,11136,10168,5788,2304,2076,7560,40,7520,7570,44,7526,22904,2084,11136,6661,4475,0,0,0,0,0,2304,1080,831,0,0,0,393,0,8,3
2085,7568,7568,7578,7557,81246,49946,31300,12657,11315,7328,7535,34,7501,7545,38,7507,101112,2085,49946,23740,18810,0,7396,0,0,0,11315,4666,4232,0,0,0,2417,0,33,12
2086,7568,7568,7578,7578,0,0,0,0,0,0,7568,2,7566,7578,3,7575,0,2086,0,0,0,0,0,0,0,0,0,0,0,0,0,0,0,0,0,0
2087,7568,7568,7578,7578,0,0,0,0,0,0,7568,14,7554,7578,16,7562,0,2087,0,0,0,0,0,0,0,0,0,0,0,0,0,0,0,0,0,0
2088,7568,7568,7578,7578,0,0,0,0,0,0,7568,30,7538,7578,31,7547,0,2088,0,0,0,0,0,0,0,0,0,0,0,0,0,0,0,0,0,0
2089,7568,7568,7578,7578,0,0,0,0,0,0,7568,37,7531,7578,41,7537,0,2089,0,0,0,0,0,0,0,0,0,0,0,0,0,0,0,0,0,0
2090,7568,7568,7578,7578,0,0,0,0,0,0,7568,34,7534,7578,37,7541,0,2090,0,0,0,0,0,0,0,0,0,0,0,0,0,0,0,0,0,0
2091,7568,7568,7578,7566,25218,13094,12124,5065,3128,3931,7550,69,7481,7559,74,7485,74250,2091,13094,8633,4461,0,0,0,0,0,3128,1220,1499,0,0,0,409,0,18,7
2092,7568,7568,7578,7578,0,0,0,0,0,0,7568,13,7555,7578,16,7562,0,2092,0,0,0,0,0,0,0,0,0,0,0,0,0,0,0,0,0,0
2093,7568,7568,7578,7578,0,0,0,0,0,0,7568,4,7564,7578,7,7571,0,2093,0,0,0,0,0,0,0,0,0,0,0,0,0,0,0,0,0,0
2094,7568,7568,7578,7578,0,0,0,0,0,0,7568,27,7541,7578,29,7549,0,2094,0,0,0,0,0,0,0,0,0,0,0,0,0,0,0,0,0,0
2095,7568,7568,7578,7489,713090,461739,251351,48445,91355,111551,7424,38,7386,7437,39,7398,82654,2095,0,0,0,0,0,0,0,0,0,0,0,0,0,0,0,0,0,0
2096,7568,7568,7578,7578,0,0,0,0,0,0,7568,12,7556,7578,14,7564,0,2096,0,0,0,0,0,0,0,0,0,0,0,0,0,0,0,0,0,0
2097,7568,7568,7578,7578,0,0,0,0,0,0,7568,6,7562,7578,13,7565,0,2097,0,0,0,0,0,0,0,0,0,0,0,0,0,0,0,0,0,0
2098,7568,7568,7578,7578,0,0,0,0,0,0,7568,18,7550,7578,20,7558,0,2098,461739,247107,154013,0,49278,11341,0,0,91355,34755,35704,0,0,0,20896,0,144,52
2099,7568,7568,7578,7578,0,0,0,0,0,0,7568,1,7567,7578,3,7575,0,2099,0,0,0,0,0,0,0,0,0,0,0,0,0,0,0,0,0,0
