"Year","AFem","AFemDeath","AMal","AMalDeath","Eggs","EggsDeath","FryGrad","FryExit","FryDeath","FryInStr","allMortAF","baseMortAF","tempMortAF","allMortAM","baseMortAM","tempMortAM","InVivo"
2010,7568,7568,7578,6340,19147590,17153757,1993833,430706,413235,1149892,4103,154,3949,4151,193,3958,0
2011,7568,7568,7578,6339,21976902,19827391,2149511,299312,359135,1491064,3591,162,3429,3639,202,3437,0
2012,7568,7568,7578,6322,30475890,25373439,5102451,2724913,980836,1396702,2053,198,1855,2094,234,1860,0
2013,7568,7568,7578,6322,28836008,24445649,4390359,1377570,963217,2049572,2349,192,2157,2391,228,2163,4186
2014,7568,7568,7578,6585,10869290,10199843,669447,18041,110513,540893,5601,130,5471,5623,147,5476,352
2015,7568,7568,7578,6322,40682412,35013761,5668651,1747908,959208,2961535,206,190,16,242,226,16,0
2016,7568,7568,7578,6570,11449572,10515772,933800,123499,209692,600609,5496,125,5371,5517,142,5375,300
2017,7568,7568,7578,7578,0,0,0,0,0,0,7568,35,7533,7578,39,7539,0
2018,7568,7568,7578,6322,35156412,30696386,4460026,1495009,702260,2262757,1206,192,1014,1246,228,1018,0
2019,7568,7568,7578,6286,19118118,16467514,2650604,1098185,428407,1124012,300,181,119,347,227,120,21087021
2020,7568,7568,7578,6267,28762830,24831604,3931226,1380100,794017,1757109,2363,177,2186,2411,221,2190,0
2021,7568,7568,7578,6335,19617300,16835538,2781762,1168208,658362,955192,4018,161,3857,4067,202,3865,0
2022,7568,7568,7578,6326,19208376,17412511,1795865,416705,362572,1016588,4092,164,3928,4138,203,3935,0
2023,7568,7568,7578,6315,24750954,21670609,3080345,819603,596330,1664412,3089,163,2926,3134,201,2933,0
2024,7568,7568,7578,6299,35079048,28704531,6374517,2869968,1032594,2471955,1220,186,1034,1264,228,1036,0
2025,7568,7568,7578,6322,33947403,28360480,5586923,2259101,1248137,2079685,1005,193,812,1043,229,814,2321992
2026,7568,7568,7578,6636,10333620,9383468,950152,119854,210170,620128,5698,138,5560,5724,156,5568,0
2027,7568,7568,7578,6317,40489002,33135474,7353528,4020122,1332393,2001013,241,191,50,278,228,50,0
2028,7568,7568,7578,6344,19164168,18760637,403531,134690,88766,180075,4100,160,3940,4148,200,3948,0
2029,7568,7568,7578,6318,21280626,18660122,2620504,651166,652286,1317052,3717,174,3543,3762,211,3551,0
2030,7568,7568,7578,7117,4746834,4259898,486936,34216,128718,324002,6709,84,6625,6745,114,6631,0
2031,7568,7568,7578,6328,24253614,20398000,3855614,1148702,793270,1913642,3179,169,3010,3219,203,3016,0
2032,7568,7568,7578,6303,34239096,28996421,5242675,2674923,1273979,1293773,1372,191,1181,1417,232,1185,0
2033,7568,7568,7578,6512,10836486,9896525,939961,220893,227996,491072,5607,129,5478,5632,148,5484,0
2034,7568,7568,7578,6322,40240332,33741005,6499327,3466235,1122601,1910491,286,190,96,322,226,96,0
2035,7568,7568,7578,6309,37482858,28802292,8680566,4780865,1620220,2279481,785,187,598,828,227,601,0
2036,7568,7568,7578,6420,14903622,13302494,1601128,313157,363783,924188,4871,133,4738,4928,185,4743,0
2037,7568,7568,7578,6322,38919618,32001269,6918349,3224401,1196801,2497147,525,191,334,563,227,336,0
2038,7568,7568,7578,6332,23979274,21716644,2262630,532529,381645,1348456,2842,167,2675,2886,204,2682,2141120
2039,7568,7568,7578,6341,24225984,20972082,3253902,1247621,632013,1374268,3184,170,3014,3226,211,3015,0
2040,7568,7568,7578,6341,15671736,14193561,1478175,168561,351699,957915,4732,160,4572,4779,200,4579,0
2041,7568,7568,7578,6487,11394612,10460936,933676,184359,194529,554788,5506,139,5367,5540,167,5373,0
2042,7568,7568,7578,6291,23309548,20119342,3190206,933285,732411,1524510,3323,154,3169,3375,199,3176,148322
2043,7568,7568,7578,6510,11928008,10888871,1039137,181276,238952,618909,5267,96,5171,5296,119,5177,788974
2044,7568,7568,7578,6306,31962384,26887365,5075019,2122762,995299,1956958,1784,196,1588,1827,236,1591,0
2045,7568,7568,7578,6323,26215344,21712067,4503277,2462986,948834,1091457,2824,180,2644,2866,217,2649,0
2046,7568,7568,7578,6322,38107296,29961410,8145886,5108557,1828953,1208376,672,191,481,709,227,482,0
2047,7568,7568,7578,7578,0,0,0,0,0,0,7568,21,7547,7578,24,7554,0
2048,7568,7568,7578,6322,40705647,32084179,8621468,4788548,1734772,2098148,190,190,0,226,226,0,65181
2049,7568,7568,7578,6322,39759570,35105558,4654012,2661777,872662,1119573,373,192,181,409,228,181,0
2050,7568,7568,7578,6322,28936803,24399233,4537570,1726906,971289,1839375,1678,192,1486,1718,229,1489,3619702
2051,7568,7568,7578,6344,12504252,11259125,1245127,267082,318164,659881,4557,171,4386,4602,207,4395,4151688
2052,7568,7568,7578,6336,16594578,14741928,1852650,302428,421881,1128341,4565,153,4412,4609,193,4416,0
2053,7568,7568,7578,6322,28974258,24883832,4090426,1728589,726739,1635098,2040,191,1849,2082,227,1855,1575104
2054,7568,7568,7578,6285,39919824,33063926,6855898,3531185,1327675,1997038,344,183,161,392,230,162,0
2055,7568,7568,7578,7281,1524538,1269632,254906,49961,71408,133537,7073,75,6998,7069,67,7002,1218140
2056,7568,7568,7578,6336,17572680,15942689,1629991,378363,398306,853322,4388,154,4234,4436,192,4244,0
2057,7568,7568,7578,6324,19348973,16741891,2607082,714153,739943,1152986,3416,166,3250,3456,200,3256,3607005
2058,7568,7568,7578,7578,0,0,0,0,0,0,7568,35,7533,7578,40,7538,0
2059,7568,7568,7578,7578,0,0,0,0,0,0,7568,37,7531,7578,40,7538,0
2060,7568,7568,7578,6657,9957852,9224979,732873,91532,210954,430387,5766,109,5657,5788,123,5665,0
2061,7568,7568,7578,6412,12344337,11698597,645740,28602,171856,445282,4913,136,4777,4970,184,4786,2337141
2062,7568,7568,7578,7444,1232298,882185,350113,28631,112040,209442,7345,45,7300,7354,47,7307,0
2063,7568,7568,7578,7567,99468,67275,32193,1664,7172,23357,7550,69,7481,7560,74,7486,0
2064,7568,7568,7578,6326,17438842,16097713,1341129,224030,392102,724997,4010,164,3846,4058,206,3852,2227058
2065,7568,7568,7578,7578,0,0,0,0,0,0,7568,33,7535,7578,38,7540,0
2066,7568,7568,7578,6322,35866996,28967863,6899133,3752569,1425770,1720794,967,194,773,1004,229,775,610280
2067,7568,7568,7578,6887,6305166,5787973,517193,93974,149176,274043,6427,100,6327,6450,114,6336,0
2068,7568,7568,7578,7447,1165884,770132,395752,81681,90162,223909,7355,50,7305,7366,56,7310,11154
2069,7568,7568,7578,6285,35051418,28830873,6220545,3773321,1250551,1196673,1225,184,1041,1278,232,1046,0
2070,7568,7568,7578,6539,7857718,7263603,594115,137894,182953,273268,5751,134,5617,5778,151,5627,2196290
2071,7568,7568,7578,7244,3060004,2782286,277718,2770,66375,208573,7014,64,6950,7024,67,6957,1400
2072,7568,7568,7578,6341,19694664,16954553,2740111,815726,695770,1228615,4004,154,3850,4052,195,3857,0
2073,7568,7568,7578,6352,20236212,17457212,2779000,817735,727215,1234050,3906,167,3739,3956,210,3746,0
2074,7568,7568,7578,7578,0,0,0,0,0,0,7568,51,7517,7578,55,7523,0
2075,7568,7568,7578,7578,0,0,0,0,0,0,7568,32,7536,7578,37,7541,0
2076,7568,7568,7578,6322,18804403,15371236,3433167,1485644,843962,1103561,2298,193,2105,2340,230,2110,10347709
2077,7568,7568,7578,7578,0,0,0,0,0,0,7568,9,7559,7578,13,7565,0
2078,7568,7568,7578,7509,618912,385439,233473,64890,55827,112756,7456,51,7405,7467,53,7414,0
2079,7568,7568,7578,6531,11549340,10192146,1357194,418234,392307,546653,5478,147,5331,5509,172,5337,0
2080,7568,7568,7578,6349,17478738,15498664,1980074,524474,571863,883737,4405,141,4264,4454,180,4274,0
2081,7568,7568,7578,6548,7286250,6619137,667113,125336,174570,367207,5590,114,5476,5612,131,5481,3655332
2082,7568,7568,7578,6326,17611362,15506375,2104987,457095,600637,1047255,4381,164,4217,4424,200,4224,0
2083,7568,7568,7578,6559,6044130,5394334,649796,178209,204980,266607,5394,133,5261,5415,149,5266,5996024
2084,7568,7568,7578,7578,0,0,0,0,0,0,7568,25,7543,7578,27,7551,0
2085,7568,7568,7578,6339,15169523,13616802,1552721,391147,429468,732106,4451,150,4301,4502,190,4312,2056577
2086,7568,7568,7578,6845,7084332,6453533,630799,164390,175383,291026,6286,84,6202,6310,100,6210,0
2087,7568,7568,7578,7575,19470,10129,9341,1732,2670,4939,7563,57,7506,7574,62,7512,8160
2088,7568,7568,7578,7578,0,0,0,0,0,0,7568,33,7535,7578,38,7540,0
2089,7568,7568,7578,6358,11014187,9859174,1155013,449728,330007,375278,5056,126,4930,5104,168,4936,2880385
2090,7568,7568,7578,7578,7786,5250,2536,106,415,2015,7566,48,7518,7578,52,7526,3266
2091,7568,7568,7578,6536,6324640,5753628,571012,140147,229557,201308,5565,120,5445,5588,135,5453,4769634
2092,7568,7568,7578,7578,0,0,0,0,0,0,7568,29,7539,7578,33,7545,0
2093,7568,7568,7578,7578,0,0,0,0,0,0,7568,49,7519,7578,53,7525,0
2094,7568,7568,7578,7578,0,0,0,0,0,0,7568,22,7546,7578,25,7553,0
2095,7568,7568,7578,7578,0,0,0,0,0,0,7568,18,7550,7578,22,7556,0
2096,7568,7568,7578,7578,0,0,0,0,0,0,7568,13,7555,7578,3,7575,0
2097,7568,7568,7578,7578,0,0,0,0,0,0,7568,8,7560,7578,12,7566,0
2098,7568,7568,7578,7578,0,0,0,0,0,0,7568,48,7520,7578,54,7524,0
2099,7568,7568,7578,7578,0,0,0,0,0,0,7568,27,7541,7578,33,7545,0
