"Year","AFem","AFemDeath","AMal","AMalDeath","Eggs","EggsDeath","FryGrad","FryExit","FryDeath","FryInStr","allMortAF","baseMortAF","tempMortAF","allMortAM","baseMortAM","tempMortAM","InVivo","Year","allMortEgg","baseMortEgg","tempMortEgg","denMortEgg","incMortEgg","superMortEgg","lostMortEgg","catMortEgg","allMortFry","baseMortFry","tempMortFry","denMortFry","habMortFry","freshMortFry","seasMortFry","catMortFry","allMortSF","allMortSM"
2010,7568,7568,7578,6340,19147590,17153757,1993833,430706,413235,1149892,4103,154,3949,4151,193,3958,0,2010,17153757,2898727,1603709,0,631538,4830457,7189326,0,413235,225835,52148,0,0,0,135252,0,3465,2189
2011,7568,7568,7578,6339,21976902,19827391,2149511,299312,359135,1491064,3591,162,3429,3639,202,3437,0,2011,19827391,4334485,2358685,0,266355,5269616,7598250,0,359135,173113,81974,0,0,0,104048,0,3977,2700
2012,7568,7568,7578,6322,30475890,25373439,5102451,2724913,980836,1396702,2053,198,1855,2094,234,1860,0,2012,25373439,6129042,2681585,0,2517671,6579515,7465626,0,980836,592749,32811,0,0,0,355276,0,5515,4228
2013,7568,7568,7578,6322,28836008,24445649,4390359,1377570,963217,2049572,2349,192,2157,2391,228,2163,4186,2013,24445649,6652538,3015219,0,547367,6759373,7471152,0,963217,422892,284926,0,0,0,255399,0,5219,3931
2014,7568,7568,7578,6585,10869290,10199843,669447,18041,110513,540893,5601,130,5471,5623,147,5476,352,2014,10199843,1253303,975622,0,374862,2324252,5271804,0,110513,68811,818,0,0,0,40884,0,1967,962
2015,7568,7568,7578,6322,40682412,35013761,5668651,1747908,959208,2961535,206,190,16,242,226,16,0,2015,35013761,11379629,6491316,0,892280,8547292,7703244,0,959208,443086,248769,0,0,0,267353,0,7362,6080
2016,7568,7568,7578,6570,11449572,10515772,933800,123499,209692,600609,5496,125,5371,5517,142,5375,300,2016,10515772,1349632,786711,0,475645,2532512,5371272,0,209692,114198,27355,0,0,0,68139,0,2072,1053
2017,7568,7568,7578,7578,0,0,0,0,0,0,7568,35,7533,7578,39,7539,0,2017,0,0,0,0,0,0,0,0,0,0,0,0,0,0,0,0,0,0
2018,7568,7568,7578,6322,35156412,30696386,4460026,1495009,702260,2262757,1206,192,1014,1246,228,1018,0,2018,30696386,8433266,6149004,0,1466672,7132084,7515360,0,702260,418682,32704,0,0,0,250874,0,6362,5076
2019,7568,7568,7578,6286,19118118,16467514,2650604,1098185,428407,1124012,300,181,119,347,227,120,21087021,2019,16467514,4473962,3112964,0,496835,3865910,4517843,0,428407,264000,6927,0,0,0,157480,0,7268,5939
2020,7568,7568,7578,6267,28762830,24831604,3931226,1380100,794017,1757109,2363,177,2186,2411,221,2190,0,2020,24831604,6536687,3824684,0,450855,6553752,7465626,0,794017,392877,164826,0,0,0,236314,0,5205,3856
2021,7568,7568,7578,6335,19617300,16835538,2781762,1168208,658362,955192,4018,161,3857,4067,202,3865,0,2021,16835538,2993559,2226030,0,183438,4298445,7134066,0,658362,350778,97147,0,0,0,210437,0,3550,2268
2022,7568,7568,7578,6326,19208376,17412511,1795865,416705,362572,1016588,4092,164,3928,4138,203,3935,0,2022,17412511,2790275,1799843,0,405680,5039503,7377210,0,362572,220985,9503,0,0,0,132084,0,3476,2188
2023,7568,7568,7578,6315,24750954,21670609,3080345,819603,596330,1664412,3089,163,2926,3134,201,2933,0,2023,21670609,5005106,2635643,0,614924,5960362,7454574,0,596330,323266,79089,0,0,0,193975,0,4479,3181
2024,7568,7568,7578,6299,35079048,28704531,6374517,2869968,1032594,2471955,1220,186,1034,1264,228,1036,0,2024,28704531,8802292,4305457,0,817839,7280161,7498782,0,1032594,643792,3125,0,0,0,385677,0,6348,5035
2025,7568,7568,7578,6322,33947403,28360480,5586923,2259101,1248137,2079685,1005,193,812,1043,229,814,2321992,2025,28360480,8244723,4111739,0,1059189,7385490,7559339,0,1248137,530411,397017,0,0,0,320709,0,6563,5279
2026,7568,7568,7578,6636,10333620,9383468,950152,119854,210170,620128,5698,138,5560,5724,156,5568,0,2026,9383468,1290858,646526,0,237191,2390221,4818672,0,210170,116773,23726,0,0,0,69671,0,1870,912
2027,7568,7568,7578,6317,40489002,33135474,7353528,4020122,1332393,2001013,241,191,50,278,228,50,0,2027,33135474,10318214,5474339,0,2321429,7379034,7642458,0,1332393,758756,118312,0,0,0,455325,0,7327,6039
2028,7568,7568,7578,6344,19164168,18760637,403531,134690,88766,180075,4100,160,3940,4148,200,3948,0,2028,18760637,2342192,1062081,0,3574687,4631033,7150644,0,88766,52504,5376,0,0,0,30886,0,3468,2196
2029,7568,7568,7578,6318,21280626,18660122,2620504,651166,652286,1317052,3717,174,3543,3762,211,3551,0,2029,18660122,3598409,2021342,0,315870,5297557,7426944,0,652286,298580,173830,0,0,0,179876,0,3851,2556
2030,7568,7568,7578,7117,4746834,4259898,486936,34216,128718,324002,6709,84,6625,6745,114,6631,0,2030,4259898,711520,687464,0,7995,1615095,1237824,0,128718,57447,36894,0,0,0,34377,0,859,372
2031,7568,7568,7578,6328,24253614,20398000,3855614,1148702,793270,1913642,3179,169,3010,3219,203,3016,0,2031,20398000,5314889,1574788,0,276016,5871675,7360632,0,793270,402925,147927,0,0,0,242418,0,4389,3109
2032,7568,7568,7578,6303,34239096,28996421,5242675,2674923,1273979,1293773,1372,191,1181,1417,232,1185,0,2032,28996421,7018175,2018335,0,4270687,8129656,7559568,0,1273979,581087,342273,0,0,0,350619,0,6196,4886
2033,7568,7568,7578,6512,10836486,9896525,939961,220893,227996,491072,5607,129,5478,5632,148,5484,0,2033,9896525,1101899,529209,0,57362,2444437,5763618,0,227996,128191,23433,0,0,0,76372,0,1961,880
2034,7568,7568,7578,6322,40240332,33741005,6499327,3466235,1122601,1910491,286,190,96,322,226,96,0,2034,33741005,10599699,4044084,0,4042220,7572798,7482204,0,1122601,678526,37258,0,0,0,406817,0,7282,6000
2035,7568,7568,7578,6309,37482858,28802292,8680566,4780865,1620220,2279481,785,187,598,828,227,601,0,2035,28802292,9967490,3857612,0,309017,7185969,7482204,0,1620220,887099,199948,0,0,0,533173,0,6783,5481
2036,7568,7568,7578,6420,14903622,13302494,1601128,313157,363783,924188,4871,133,4738,4928,185,4743,0,2036,13302494,2134779,716222,0,267601,3580322,6603570,0,363783,203955,37768,0,0,0,122060,0,2697,1492
2037,7568,7568,7578,6322,38919618,32001269,6918349,3224401,1196801,2497147,525,191,334,563,227,336,0,2037,32001269,10172246,5391428,0,1594530,7344283,7498782,0,1196801,690659,91695,0,0,0,414447,0,7043,5759
2038,7568,7568,7578,6332,23979274,21716644,2262630,532529,381645,1348456,2842,167,2675,2886,204,2682,2141120,2038,21716644,4819959,2701619,0,1622549,5623860,6948657,0,381645,212754,41460,0,0,0,127431,0,4726,3446
2039,7568,7568,7578,6341,24225984,20972082,3253902,1247621,632013,1374268,3184,170,3014,3226,211,3015,0,2039,20972082,4299754,3823600,0,826346,4810952,7211430,0,632013,357873,59673,0,0,0,214467,0,4384,3115
2040,7568,7568,7578,6341,15671736,14193561,1478175,168561,351699,957915,4732,160,4572,4779,200,4579,0,2040,14193561,2021695,1096754,0,81339,3826551,7167222,0,351699,175938,70170,0,0,0,105591,0,2836,1562
2041,7568,7568,7578,6487,11394612,10460936,933676,184359,194529,554788,5506,139,5367,5540,167,5373,0,2041,10460936,1190380,953557,0,67260,2265081,5984658,0,194529,122106,0,0,0,0,72423,0,2062,947
2042,7568,7568,7578,6291,23309548,20119342,3190206,933285,732411,1524510,3323,154,3169,3375,199,3176,148322,2042,20119342,4317440,2803674,0,268461,5253314,7476453,0,732411,342352,183785,0,0,0,206274,0,4245,2916
2043,7568,7568,7578,6510,11928008,10888871,1039137,181276,238952,618909,5267,96,5171,5296,119,5177,788974,2043,10888871,1443545,791968,0,325241,2815617,5512500,0,238952,130660,30253,0,0,0,78039,0,2301,1214
2044,7568,7568,7578,6306,31962384,26887365,5075019,2122762,995299,1956958,1784,196,1588,1827,236,1591,0,2044,26887365,7412388,4237457,0,1186009,6585885,7465626,0,995299,549229,116194,0,0,0,329876,0,5784,4479
2045,7568,7568,7578,6323,26215344,21712067,4503277,2462986,948834,1091457,2824,180,2644,2866,217,2649,0,2045,21712067,4474882,3476463,0,592168,5719506,7449048,0,948834,555046,60877,0,0,0,332911,0,4744,3457
2046,7568,7568,7578,6322,38107296,29961410,8145886,5108557,1828953,1208376,672,191,481,709,227,482,0,2046,29961410,8264099,6417977,0,932294,6864836,7482204,0,1828953,871926,431177,0,0,0,525850,0,6896,5613
2047,7568,7568,7578,7578,0,0,0,0,0,0,7568,21,7547,7578,24,7554,0,2047,0,0,0,0,0,0,0,0,0,0,0,0,0,0,0,0,0,0
2048,7568,7568,7578,6322,40705647,32084179,8621468,4788548,1734772,2098148,190,190,0,226,226,0,65181,2048,32084179,10374605,5465492,0,1512152,7249726,7482204,0,1734772,860777,355632,0,0,0,518363,0,7378,6096
2049,7568,7568,7578,6322,39759570,35105558,4654012,2661777,872662,1119573,373,192,181,409,228,181,0,2049,35105558,9355451,3882500,0,6580784,7699625,7587198,0,872662,515403,48502,0,0,0,308757,0,7195,5913
2050,7568,7568,7578,6322,28936803,24399233,4537570,1726906,971289,1839375,1678,192,1486,1718,229,1489,3619702,2050,24399233,6899638,3458675,0,714180,6398626,6928114,0,971289,447591,253752,0,0,0,269946,0,5890,4604
2051,7568,7568,7578,6344,12504252,11259125,1245127,267082,318164,659881,4557,171,4386,4602,207,4395,4151688,2051,11259125,1597843,779384,0,279287,3150371,5452240,0,318164,163139,57395,0,0,0,97630,0,3011,1742
2052,7568,7568,7578,6336,16594578,14741928,1852650,302428,421881,1128341,4565,153,4412,4609,193,4416,0,2052,14741928,2274862,1110385,0,10205,4146098,7200378,0,421881,233052,49163,0,0,0,139666,0,3003,1727
2053,7568,7568,7578,6322,28974258,24883832,4090426,1728589,726739,1635098,2040,191,1849,2082,227,1855,1575104,2053,24883832,5978672,2497940,0,2358523,6578703,7469994,0,726739,454635,0,0,0,0,272104,0,5528,4240
2054,7568,7568,7578,6285,39919824,33063926,6855898,3531185,1327675,1997038,344,183,161,392,230,162,0,2054,33063926,10168556,5639215,0,2369658,7393241,7493256,0,1327675,710902,189594,0,0,0,427179,0,7224,5893
2055,7568,7568,7578,7281,1524538,1269632,254906,49961,71408,133537,7073,75,6998,7069,67,7002,1218140,2055,1269632,283208,151498,0,31845,639311,163770,0,71408,35501,15009,0,0,0,20898,0,495,212
2056,7568,7568,7578,6336,17572680,15942689,1629991,378363,398306,853322,4388,154,4234,4436,192,4244,0,2056,15942689,2335436,1676950,0,557223,4161650,7211430,0,398306,206298,68402,0,0,0,123606,0,3180,1900
2057,7568,7568,7578,6324,19348973,16741891,2607082,714153,739943,1152986,3416,166,3250,3456,200,3256,3607005,2057,16741891,3610782,2022491,0,194707,4487689,6426222,0,739943,274083,299610,0,0,0,166250,0,4152,2868
2058,7568,7568,7578,7578,0,0,0,0,0,0,7568,35,7533,7578,40,7538,0,2058,0,0,0,0,0,0,0,0,0,0,0,0,0,0,0,0,0,0
2059,7568,7568,7578,7578,0,0,0,0,0,0,7568,37,7531,7578,40,7538,0,2059,0,0,0,0,0,0,0,0,0,0,0,0,0,0,0,0,0,0
2060,7568,7568,7578,6657,9957852,9224979,732873,91532,210954,430387,5766,109,5657,5788,123,5665,0,2060,9224979,1046574,779232,0,348787,2121194,4929192,0,210954,88952,68554,0,0,0,53448,0,1802,869
2061,7568,7568,7578,6412,12344337,11698597,645740,28602,171856,445282,4913,136,4777,4970,184,4786,2337141,2061,11698597,1338744,942033,0,630013,3038679,5749128,0,171856,65297,67396,0,0,0,39163,0,2655,1442
2062,7568,7568,7578,7444,1232298,882185,350113,28631,112040,209442,7345,45,7300,7354,47,7307,0,2062,882185,406557,175547,0,6854,293227,0,0,112040,43387,42687,0,0,0,25966,0,223,90
2063,7568,7568,7578,7567,99468,67275,32193,1664,7172,23357,7550,69,7481,7560,74,7486,0,2063,67275,40834,12627,0,13814,0,0,0,7172,3962,1044,0,0,0,2166,0,18,7
2064,7568,7568,7578,6326,17438842,16097713,1341129,224030,392102,724997,4010,164,3846,4058,206,3852,2227058,2064,16097713,2441315,1626172,0,800047,4544987,6685192,0,392102,148480,153968,0,0,0,89654,0,3558,2268
2065,7568,7568,7578,7578,0,0,0,0,0,0,7568,33,7535,7578,38,7540,0,2065,0,0,0,0,0,0,0,0,0,0,0,0,0,0,0,0,0,0
2066,7568,7568,7578,6322,35866996,28967863,6899133,3752569,1425770,1720794,967,194,773,1004,229,775,610280,2066,28967863,8869206,3920182,0,1436726,7030678,7711071,0,1425770,725771,263290,0,0,0,436709,0,6601,5318
2067,7568,7568,7578,6887,6305166,5787973,517193,93974,149176,274043,6427,100,6327,6450,114,6336,0,2067,5787973,601809,425074,0,0,2014668,2746422,0,149176,71706,34575,0,0,0,42895,0,1141,437
2068,7568,7568,7578,7447,1165884,770132,395752,81681,90162,223909,7355,50,7305,7366,56,7310,11154,2068,770132,383775,160160,0,16063,210134,0,0,90162,56570,0,0,0,0,33592,0,213,81
2069,7568,7568,7578,6285,35051418,28830873,6220545,3773321,1250551,1196673,1225,184,1041,1278,232,1046,0,2069,28830873,7411875,5443229,0,2084698,6392289,7498782,0,1250551,711696,111837,0,0,0,427018,0,6343,5007
2070,7568,7568,7578,6539,7857718,7263603,594115,137894,182953,273268,5751,134,5617,5778,151,5627,2196290,2070,7263603,663653,456220,0,0,1823730,4320000,0,182953,80452,54168,0,0,0,48333,0,1817,761
2071,7568,7568,7578,7244,3060004,2782286,277718,2770,66375,208573,7014,64,6950,7024,67,6957,1400,2071,2782286,527366,429133,0,28490,1299957,497340,0,66375,29962,18675,0,0,0,17738,0,554,220
2072,7568,7568,7578,6341,19694664,16954553,2740111,815726,695770,1228615,4004,154,3850,4052,195,3857,0,2072,16954553,3357517,1813188,0,84654,4543024,7156170,0,695770,319704,183330,0,0,0,192736,0,3564,2289
2073,7568,7568,7578,6352,20236212,17457212,2779000,817735,727215,1234050,3906,167,3739,3956,210,3746,0,2073,17457212,3656628,1770642,0,229212,4705346,7095384,0,727215,317062,218822,0,0,0,191331,0,3662,2396
2074,7568,7568,7578,7578,0,0,0,0,0,0,7568,51,7517,7578,55,7523,0,2074,0,0,0,0,0,0,0,0,0,0,0,0,0,0,0,0,0,0
2075,7568,7568,7578,7578,0,0,0,0,0,0,7568,32,7536,7578,37,7541,0,2075,0,0,0,0,0,0,0,0,0,0,0,0,0,0,0,0,0,0
2076,7568,7568,7578,6322,18804403,15371236,3433167,1485644,843962,1103561,2298,193,2105,2340,230,2110,10347709,2076,15371236,4133349,1555484,0,169197,4357778,5155428,0,843962,369618,251172,0,0,0,223172,0,5270,3982
2077,7568,7568,7578,7578,0,0,0,0,0,0,7568,9,7559,7578,13,7565,0,2077,0,0,0,0,0,0,0,0,0,0,0,0,0,0,0,0,0,0
2078,7568,7568,7578,7509,618912,385439,233473,64890,55827,112756,7456,51,7405,7467,53,7414,0,2078,385439,207082,117206,0,61151,0,0,0,55827,34391,1055,0,0,0,20381,0,112,42
2079,7568,7568,7578,6531,11549340,10192146,1357194,418234,392307,546653,5478,147,5331,5509,172,5337,0,2079,10192146,1469869,731641,0,221320,2364888,5404428,0,392307,185866,94805,0,0,0,111636,0,2090,1022
2080,7568,7568,7578,6349,17478738,15498664,1980074,524474,571863,883737,4405,141,4264,4454,180,4274,0,2080,15498664,2586827,1163594,0,520080,4110675,7117488,0,571863,247613,175009,0,0,0,149241,0,3163,1895
2081,7568,7568,7578,6548,7286250,6619137,667113,125336,174570,367207,5590,114,5476,5612,131,5481,3655332,2081,6619137,812477,460906,0,64642,1643448,3637664,0,174570,88194,33775,0,0,0,52601,0,1978,936
2082,7568,7568,7578,6326,17611362,15506375,2104987,457095,600637,1047255,4381,164,4217,4424,200,4224,0,2082,15506375,2441470,1020562,0,8925,4702416,7333002,0,600637,270156,167606,0,0,0,162875,0,3187,1902
2083,7568,7568,7578,6559,6044130,5394334,649796,178209,204980,266607,5394,133,5261,5415,149,5266,5996024,2083,5394334,747019,440573,0,119756,1289835,2797151,0,204980,86356,66932,0,0,0,51692,0,2174,1144
2084,7568,7568,7578,7578,0,0,0,0,0,0,7568,25,7543,7578,27,7551,0,2084,0,0,0,0,0,0,0,0,0,0,0,0,0,0,0,0,0,0
2085,7568,7568,7578,6339,15169523,13616802,1552721,391147,429468,732106,4451,150,4301,4502,190,4312,2056577,2085,13616802,1867730,1824341,0,40594,3510497,6373640,0,429468,199861,109433,0,0,0,120174,0,3117,1837
2086,7568,7568,7578,6845,7084332,6453533,630799,164390,175383,291026,6286,84,6202,6310,100,6210,0,2086,6453533,705916,465575,0,61787,2081487,3138768,0,175383,89054,33204,0,0,0,53125,0,1282,535
2087,7568,7568,7578,7575,19470,10129,9341,1732,2670,4939,7563,57,7506,7574,62,7512,8160,2087,10129,7946,1928,0,255,0,0,0,2670,873,1469,0,0,0,328,0,5,1
2088,7568,7568,7578,7578,0,0,0,0,0,0,7568,33,7535,7578,38,7540,0,2088,0,0,0,0,0,0,0,0,0,0,0,0,0,0,0,0,0,0
2089,7568,7568,7578,6358,11014187,9859174,1155013,449728,330007,375278,5056,126,4930,5104,168,4936,2880385,2089,9859174,1097656,742152,0,1197,2562655,5455514,0,330007,166910,63013,0,0,0,100084,0,2512,1254
2090,7568,7568,7578,7578,7786,5250,2536,106,415,2015,7566,48,7518,7578,52,7526,3266,2090,5250,3192,1458,0,600,0,0,0,415,142,197,0,0,0,76,0,2,0
2091,7568,7568,7578,6536,6324640,5753628,571012,140147,229557,201308,5565,120,5445,5588,135,5453,4769634,2091,5753628,635976,494332,0,90196,1308034,3225090,0,229557,75132,109127,0,0,0,45298,0,2003,948
2092,7568,7568,7578,7578,0,0,0,0,0,0,7568,29,7539,7578,33,7545,0,2092,0,0,0,0,0,0,0,0,0,0,0,0,0,0,0,0,0,0
2093,7568,7568,7578,7578,0,0,0,0,0,0,7568,49,7519,7578,53,7525,0,2093,0,0,0,0,0,0,0,0,0,0,0,0,0,0,0,0,0,0
2094,7568,7568,7578,7578,0,0,0,0,0,0,7568,22,7546,7578,25,7553,0,2094,0,0,0,0,0,0,0,0,0,0,0,0,0,0,0,0,0,0
2095,7568,7568,7578,7578,0,0,0,0,0,0,7568,18,7550,7578,22,7556,0,2095,0,0,0,0,0,0,0,0,0,0,0,0,0,0,0,0,0,0
2096,7568,7568,7578,7578,0,0,0,0,0,0,7568,13,7555,7578,3,7575,0,2096,0,0,0,0,0,0,0,0,0,0,0,0,0,0,0,0,0,0
2097,7568,7568,7578,7578,0,0,0,0,0,0,7568,8,7560,7578,12,7566,0,2097,0,0,0,0,0,0,0,0,0,0,0,0,0,0,0,0,0,0
2098,7568,7568,7578,7578,0,0,0,0,0,0,7568,48,7520,7578,54,7524,0,2098,0,0,0,0,0,0,0,0,0,0,0,0,0,0,0,0,0,0
2099,7568,7568,7578,7578,0,0,0,0,0,0,7568,27,7541,7578,33,7545,0,2099,0,0,0,0,0,0,0,0,0,0,0,0,0,0,0,0,0,0
