"Year","AFem","AFemDeath","AMal","AMalDeath","Eggs","EggsDeath","FryGrad","FryExit","FryDeath","FryInStr","allMortAF","baseMortAF","tempMortAF","allMortAM","baseMortAM","tempMortAM","InVivo","Year","allMortEgg","baseMortEgg","tempMortEgg","denMortEgg","incMortEgg","superMortEgg","lostMortEgg","catMortEgg","allMortFry","baseMortFry","tempMortFry","denMortFry","habMortFry","freshMortFry","seasMortFry","catMortFry","allMortSF","allMortSM"
2010,7568,7568,7578,7022,32728772,26391461,6337311,3197433,1091723,2048155,176,176,0,214,214,0,8136125,2010,26391461,8630928,5162095,0,2339468,5089720,5169250,0,1091723,655134,44028,0,0,0,392561,0,7392,6808
2011,7568,7568,7578,7026,28489470,21828276,6661194,4037322,1283226,1340646,173,173,0,213,213,0,12403236,2011,21828276,7236104,3266488,0,2180711,4478391,4666582,0,1283226,708492,149302,0,0,0,425432,0,7395,6813
2012,7568,7568,7578,6322,40174020,32933826,7240194,3761445,1369366,2109383,298,191,107,335,227,108,0,2012,32933826,10396505,4607268,0,3300127,7219560,7410366,0,1369366,733706,194571,0,0,0,441089,0,7270,5987
2013,7568,7568,7578,6322,40770828,34647271,6123557,2012695,1366696,2744166,190,190,0,226,226,0,0,2013,34647271,11485733,6460747,0,2044442,7350977,7305372,0,1366696,483377,589229,0,0,0,294090,0,7378,6096
2014,7568,7568,7578,7566,110520,61124,49396,8407,12308,28681,7548,75,7473,7559,80,7479,0,2014,61124,46769,13997,0,358,0,0,0,12308,6837,1553,0,0,0,3918,0,20,7
2015,7568,7568,7578,6322,36466113,27935406,8530707,5368784,2017170,1144753,190,190,0,226,226,0,4311953,2015,27935406,9005431,2460019,0,2951480,6615086,6903390,0,2017170,923560,536157,0,0,0,557453,0,7378,6096
2016,7568,7568,7578,6411,11542570,10159431,1383139,297380,233573,852186,4085,160,3925,4133,205,3928,7730857,2016,10159431,2069434,1033484,0,277046,2601271,4178196,0,233573,146382,0,0,0,0,87191,0,3483,2278
2017,7568,7568,7578,6956,4234447,3845135,389312,39616,113489,236207,6404,99,6305,6431,117,6314,2208971,2017,3845135,541362,245077,0,135802,1412090,1510804,0,113489,47288,37931,0,0,0,28270,0,1164,525
2018,7568,7568,7578,6322,40693464,32248644,8444820,4695624,1831873,1917323,204,191,13,240,227,13,0,2018,32248644,10726596,5411902,0,1675047,6908687,7526412,0,1831873,859102,454627,0,0,0,518144,0,7364,6082
2019,7568,7568,7578,6356,11564743,10285340,1279403,228035,301145,750223,3812,149,3663,3865,193,3672,9220232,2019,10285340,2193685,1096331,0,91902,2708672,4194750,0,301145,119741,109263,0,0,0,72141,0,3756,2491
2020,7568,7568,7578,7363,2077776,1874271,203505,118,47561,155826,7192,76,7116,7193,71,7122,0,2020,1874271,478412,325167,0,116780,854444,99468,0,47561,17181,20088,0,0,0,10292,0,376,170
2021,7568,7568,7578,7435,1331766,1132193,199573,1297,47620,150656,7327,46,7281,7339,49,7290,0,2021,1132193,344336,155487,0,93085,522707,16578,0,47620,20221,15465,0,0,0,11934,0,241,96
2022,7568,7568,7578,6694,9985482,8902534,1082948,196990,293526,592432,5761,107,5654,5788,123,5665,0,2022,8902534,1342639,435761,0,285238,2031276,4807620,0,293526,142257,65893,0,0,0,85376,0,1807,906
2023,7568,7568,7578,6330,32244210,26561882,5682328,2611706,1238627,1831995,1733,191,1542,1773,228,1545,0,2023,26561882,7792484,2777963,0,1933245,6675454,7382736,0,1238627,586762,298114,0,0,0,353751,0,5835,4557
2024,7568,7568,7578,7027,40837140,33870419,6966721,2831575,1225568,2909578,178,178,0,213,213,0,0,2024,33870419,11357098,5274658,0,1952718,8052411,7233534,0,1225568,630299,216242,0,0,0,379027,0,7390,6814
2025,7568,7568,7578,6361,23380506,20656521,2723985,792021,737468,1194496,3337,154,3183,3381,194,3187,0,2025,20656521,4454976,1802771,0,1575938,5655614,7167222,0,737468,263700,313803,0,0,0,159965,0,4231,2980
2026,7568,7568,7578,7306,2470122,2095151,374971,20975,99848,254148,7121,60,7061,7123,53,7070,0,2026,2095151,482844,185948,0,43904,1039843,342612,0,99848,46521,25768,0,0,0,27559,0,447,183
2027,7568,7568,7578,6323,39119073,32173194,6945879,4004564,1292427,1648888,304,201,103,338,236,102,1021791,2027,32173194,8392333,4841976,0,4143296,7209358,7586231,0,1292427,730953,122807,0,0,0,438667,0,7264,5985
2028,7568,7568,7578,6336,23346540,19660527,3686013,1366188,887327,1432498,2351,182,2169,2395,221,2174,5495790,2028,19660527,5208824,2524463,0,807206,5021072,6098962,0,887327,380011,277763,0,0,0,229553,0,5217,3941
2029,7568,7568,7578,6505,7266271,6358000,908271,232607,204615,471049,4774,136,4638,4797,153,4644,8203766,2029,6358000,1139339,488054,0,177270,1671528,2881809,0,204615,107488,33190,0,0,0,63937,0,2794,1708
2030,7568,7568,7578,7578,0,0,0,0,0,0,7568,24,7544,7578,25,7553,0,2030,0,0,0,0,0,0,0,0,0,0,0,0,0,0,0,0,0,0
2031,7568,7568,7578,6606,12284298,10822213,1462085,191720,333340,937025,5345,129,5216,5371,148,5223,0,2031,10822213,2142520,949678,0,337371,2546342,4846302,0,333340,159605,78036,0,0,0,95699,0,2223,1235
2032,7568,7568,7578,6322,21055152,17688514,3366638,1483257,581953,1301428,203,191,12,240,227,13,19685427,2032,17688514,5285964,2357010,0,1059967,4387294,4598279,0,581953,323558,64400,0,0,0,193995,0,7365,6082
2033,7568,7568,7578,7028,36767439,28717923,8049516,5066428,1589985,1393103,215,187,28,247,219,28,3869913,2033,28717923,8650583,4735021,0,2930342,5874162,6527815,0,1589985,877954,184561,0,0,0,527470,0,7353,6781
2034,7568,7568,7578,6499,12621424,11067384,1554040,297960,340283,915797,4784,133,4651,4808,149,4659,2768534,2034,11067384,2140923,1244918,0,238834,2684814,4757895,0,340283,174077,62099,0,0,0,104107,0,2784,1691
2035,7568,7568,7578,6333,30011706,25618781,4392925,2204354,847293,1341278,2137,184,1953,2180,223,1957,0,2035,25618781,6124165,3637369,0,2746594,5866067,7244586,0,847293,485764,70146,0,0,0,291383,0,5431,4153
2036,7568,7568,7578,6323,18411365,15280994,3130371,1399752,584925,1145694,359,193,166,398,230,168,21466110,2036,15280994,4610462,2706177,0,733735,3393106,3837514,0,584925,302964,100192,0,0,0,181769,0,7209,5925
2037,7568,7568,7578,6581,13063464,11858421,1205043,150793,237252,816998,5204,121,5083,5227,140,5087,0,2037,11858421,1940391,1267862,0,571804,2867346,5211018,0,237252,131512,27187,0,0,0,78553,0,2364,1354
2038,7568,7568,7578,7399,419544,328095,91449,16605,21842,53002,7257,54,7203,7263,55,7208,1299042,2038,328095,103206,51834,0,30111,142944,0,0,21842,12060,2822,0,0,0,6960,0,311,136
2039,7568,7568,7578,6341,25107127,22888007,2219120,449883,456401,1312836,3022,166,2856,3066,206,2860,14069,2039,22888007,4945794,3792245,0,1427698,5593730,7128540,0,456401,195502,143017,0,0,0,117882,0,4546,3275
2040,7568,7568,7578,6953,6443316,5994956,448360,8558,95569,344233,6402,81,6321,6430,105,6325,0,2040,5994956,793130,536771,0,208280,1870607,2586168,0,95569,45660,22738,0,0,0,27171,0,1166,523
2041,7568,7568,7578,7578,0,0,0,0,0,0,7568,45,7523,7578,48,7530,0,2041,0,0,0,0,0,0,0,0,0,0,0,0,0,0,0,0,0,0
2042,7568,7568,7578,7578,0,0,0,0,0,0,7568,44,7524,7578,48,7530,0,2042,0,0,0,0,0,0,0,0,0,0,0,0,0,0,0,0,0,0
2043,7568,7568,7578,7578,0,0,0,0,0,0,7568,11,7557,7578,14,7564,0,2043,0,0,0,0,0,0,0,0,0,0,0,0,0,0,0,0,0,0
2044,7568,7568,7578,6325,38029932,30914301,7115631,3556898,1299170,2259563,686,198,488,722,234,488,0,2044,30914301,9395142,4593158,0,1715284,7551681,7659036,0,1299170,694931,186516,0,0,0,417723,0,6882,5603
2045,7568,7568,7578,6331,29370690,23170954,6199736,3639118,1276792,1283826,2253,173,2080,2294,211,2083,0,2045,23170954,6233212,2652702,0,1048956,5969394,7266690,0,1276792,728585,110841,0,0,0,437366,0,5315,4037
2046,7568,7568,7578,6329,30973230,25265761,5707469,2773211,1559461,1374797,1963,186,1777,2003,223,1780,0,2046,25265761,6985606,2635492,0,1786497,6574898,7283268,0,1559461,600798,593957,0,0,0,364706,0,5605,4326
2047,7568,7568,7578,6344,24671750,20903537,3768213,1404205,955591,1408417,3099,165,2934,3141,202,2939,23944,2047,20903537,5107250,2700867,0,303986,5607634,7183800,0,955591,411356,295664,0,0,0,248571,0,4469,3203
2048,7568,7568,7578,6688,10190081,8673332,1516749,547850,362367,606532,5621,128,5493,5643,143,5500,571049,2048,8673332,1545671,638643,0,141375,2185668,4161975,0,362367,206558,32270,0,0,0,123539,0,1947,1045
2049,7568,7568,7578,6462,17263224,14903334,2359890,752674,556598,1050618,4444,136,4308,4489,176,4313,0,2049,14903334,2907029,2061352,0,351704,3488071,6095178,0,556598,283686,102623,0,0,0,170289,0,3124,1973
2050,7568,7568,7578,6816,8460306,7623473,836833,107169,293742,435922,6037,110,5927,6056,121,5935,0,2050,7623473,1178619,510216,0,344897,2274141,3315600,0,293742,97731,136764,0,0,0,59247,0,1531,760
2051,7568,7568,7578,7380,1714936,1445613,269323,15389,95436,158498,7244,64,7180,7248,59,7189,75714,2051,1445613,377838,174373,0,102156,727646,63600,0,95436,31481,45091,0,0,0,18864,0,324,132
2052,7568,7568,7578,7187,4111344,3677312,434032,32256,116719,285057,6824,55,6769,6861,85,6776,0,2052,3677312,630352,361640,0,181306,1592224,911790,0,116719,52765,32437,0,0,0,31517,0,744,326
2053,7568,7568,7578,6323,2535058,2307582,227476,74382,54391,98703,233,198,35,268,233,35,38082643,2053,2307582,339413,352401,0,91152,651139,873477,0,54391,23998,16853,0,0,0,13540,0,7335,6055
2054,7568,7568,7578,7471,955998,704337,251661,28566,68541,154554,7395,42,7353,7405,43,7362,0,2054,704337,298722,87688,0,82482,235445,0,0,68541,33358,15271,0,0,0,19912,0,173,66
2055,7568,7568,7578,6323,28715528,26142666,2572862,1760314,490263,322285,789,195,594,827,232,595,8763132,2055,26142666,5980239,2097792,0,5916838,5833765,6314032,0,490263,293028,21971,0,0,0,175264,0,6779,5496
2056,7568,7568,7578,7043,29306459,24395898,4910561,2631850,967695,1311016,938,191,747,965,215,750,7344794,2056,24395898,6983432,5069336,0,1755280,4703035,5884815,0,967695,524276,128722,0,0,0,314697,0,6630,6078
2057,7568,7568,7578,6340,17370634,14646601,2724033,1071598,868361,784074,2300,184,2116,2340,222,2118,11772509,2057,14646601,3771863,2541998,0,918891,3189464,4224385,0,868361,273743,427705,0,0,0,166913,0,5268,4000
2058,7568,7568,7578,7578,0,0,0,0,0,0,7568,43,7525,7578,47,7531,0,2058,0,0,0,0,0,0,0,0,0,0,0,0,0,0,0,0,0,0
2059,7568,7568,7578,7578,0,0,0,0,0,0,7568,32,7536,7578,37,7541,0,2059,0,0,0,0,0,0,0,0,0,0,0,0,0,0,0,0,0,0
2060,7568,7568,7578,7571,66312,48124,18188,1829,5101,11258,7556,47,7509,7567,49,7518,0,2060,48124,24230,11895,0,11999,0,0,0,5101,2247,1852,0,0,0,1002,0,12,4
2061,7568,7568,7578,6330,23509098,19204108,4304990,2627678,856993,820319,2047,191,1856,2086,227,1859,7018638,2061,19204108,4499384,1666414,0,1864713,5177219,5996378,0,856993,500321,56755,0,0,0,299917,0,5521,4244
2062,7568,7568,7578,6323,35400691,29533390,5867301,3305644,1271358,1290299,752,202,550,789,238,551,2267282,2062,29533390,7678849,4300224,0,3903664,6348236,7302417,0,1271358,634751,254405,0,0,0,382202,0,6816,5534
2063,7568,7568,7578,6323,39389328,30812493,8576835,4793073,2118271,1665491,440,194,246,476,230,246,0,2063,30812493,10190473,4562844,0,1636390,7106362,7316424,0,2118271,855076,744921,0,0,0,518274,0,7128,5847
2064,7568,7568,7578,7578,8742,4850,3892,576,803,2513,7566,35,7531,7578,36,7542,2310,2064,4850,3770,864,0,216,0,0,0,803,256,415,0,0,0,132,0,2,0
2065,7568,7568,7578,7365,1586436,1274635,311801,39944,99510,172347,7205,80,7125,7212,81,7131,420657,2065,1274635,379327,277786,0,13303,564880,39339,0,99510,39918,35843,0,0,0,23749,0,363,153
2066,7568,7568,7578,7223,3669214,3346786,322428,10114,136294,176020,6904,84,6820,6916,91,6825,50,2066,3346786,655687,540041,0,211931,1358897,580230,0,136294,30979,86484,0,0,0,18831,0,664,307
2067,7568,7568,7578,7578,0,0,0,0,0,0,7568,45,7523,7578,55,7523,0,2067,0,0,0,0,0,0,0,0,0,0,0,0,0,0,0,0,0,0
2068,7568,7568,7578,7578,0,0,0,0,0,0,7568,21,7547,7578,26,7552,0,2068,0,0,0,0,0,0,0,0,0,0,0,0,0,0,0,0,0,0
2069,7568,7568,7578,7568,82890,52713,30177,3648,7815,18714,7553,44,7509,7563,50,7513,0,2069,52713,31710,13979,0,7024,0,0,0,7815,3881,1863,0,0,0,2071,0,15,5
2070,7568,7568,7578,6549,7184719,6508141,676578,180714,194489,301375,5125,120,5005,5151,140,5011,6341343,2070,6508141,881092,550866,0,327761,1746342,3002080,0,194489,87332,54856,0,0,0,52301,0,2443,1398
2071,7568,7568,7578,7569,51240,31353,19887,2824,4622,12441,7553,44,7509,7564,48,7516,31650,2071,31353,20097,8016,0,3240,0,0,0,4622,2418,1252,0,0,0,952,0,15,5
2072,7568,7568,7578,7575,24240,14252,9988,1775,1999,6214,7563,41,7522,7574,46,7528,3390,2072,14252,9049,3582,0,1621,0,0,0,1999,905,747,0,0,0,347,0,5,1
2073,7568,7568,7578,6428,14164228,12047123,2117105,716027,646939,754139,4298,146,4152,4349,189,4160,3920283,2073,12047123,2401706,886515,0,565424,3096065,5097413,0,646939,262022,226620,0,0,0,158297,0,3270,2079
2074,7568,7568,7578,7578,0,0,0,0,0,0,7568,29,7539,7578,33,7545,0,2074,0,0,0,0,0,0,0,0,0,0,0,0,0,0,0,0,0,0
2075,7568,7568,7578,7578,0,0,0,0,0,0,7568,6,7562,7578,10,7568,0,2075,0,0,0,0,0,0,0,0,0,0,0,0,0,0,0,0,0,0
2076,7568,7568,7578,6635,11312552,10419295,893257,83671,254870,554716,5369,127,5242,5399,152,5247,842392,2076,10419295,1528929,1139160,0,602217,2620660,4528329,0,254870,96784,99781,0,0,0,58305,0,2199,1236
2077,7568,7568,7578,7578,0,0,0,0,0,0,7568,6,7562,7578,9,7569,0,2077,0,0,0,0,0,0,0,0,0,0,0,0,0,0,0,0,0,0
2078,7568,7568,7578,7097,4668830,4312953,355877,33873,152546,169458,6694,96,6598,6719,115,6604,161246,2078,4312953,547294,639998,0,197132,1548229,1380300,0,152546,41879,85453,0,0,0,25214,0,874,378
2079,7568,7568,7578,7578,0,0,0,0,0,0,7568,7,7561,7578,12,7566,0,2079,0,0,0,0,0,0,0,0,0,0,0,0,0,0,0,0,0,0
2080,7568,7568,7578,7486,867582,574480,293102,73991,93736,125375,7411,74,7337,7421,74,7347,0,2080,574480,314107,118221,0,123555,18597,0,0,93736,42474,26179,0,0,0,25083,0,157,65
2081,7568,7568,7578,6335,10855997,9350544,1505453,717942,417775,369736,2268,191,2077,2309,230,2079,18457224,2081,9350544,1744423,1697592,0,442116,2369151,3097262,0,417775,169117,146836,0,0,0,101822,0,5300,4026
2082,7568,7568,7578,7578,0,0,0,0,0,0,7568,23,7545,7578,27,7551,0,2082,0,0,0,0,0,0,0,0,0,0,0,0,0,0,0,0,0,0
2083,7568,7568,7578,7564,64559,34820,29739,10709,11017,8013,7542,60,7482,7553,66,7487,79117,2083,34820,22457,11417,0,946,0,0,0,11017,4212,4872,0,0,0,1933,0,26,11
2084,7568,7568,7578,7578,0,0,0,0,0,0,7568,36,7532,7578,40,7538,0,2084,0,0,0,0,0,0,0,0,0,0,0,0,0,0,0,0,0,0
2085,7568,7568,7578,7571,16007,10489,5518,2619,1015,1884,7558,24,7534,7567,27,7540,39253,2085,10489,4372,4500,0,1617,0,0,0,1015,317,550,0,0,0,148,0,10,4
2086,7568,7568,7578,7578,0,0,0,0,0,0,7568,35,7533,7578,38,7540,0,2086,0,0,0,0,0,0,0,0,0,0,0,0,0,0,0,0,0,0
2087,7568,7568,7578,6379,7080903,5726878,1354025,914466,353784,85775,2370,184,2186,2404,219,2185,21691897,2087,5726878,1186185,1059686,0,613883,1217196,1649928,0,353784,164588,90674,0,0,0,98522,0,5198,3975
2088,7568,7568,7578,7130,3429501,2988548,440953,75100,185905,179948,6707,81,6626,6741,110,6631,1334513,2088,2988548,511739,487315,0,84844,1117832,786818,0,185905,56174,96025,0,0,0,33706,0,861,389
2089,7568,7568,7578,7578,0,0,0,0,0,0,7568,30,7538,7578,34,7544,0,2089,0,0,0,0,0,0,0,0,0,0,0,0,0,0,0,0,0,0
2090,7568,7568,7578,7275,1190820,1015724,175096,15174,97151,62771,7029,77,6952,7046,81,6965,1797642,2090,0,0,0,0,0,0,0,0,0,0,0,0,0,0,0,0,0,0
2091,7568,7568,7578,7578,0,0,0,0,0,0,7568,12,7556,7578,12,7566,0,2091,0,0,0,0,0,0,0,0,0,0,0,0,0,0,0,0,0,0
2092,7568,7568,7578,7578,0,0,0,0,0,0,7568,22,7546,7578,25,7553,0,2092,0,0,0,0,0,0,0,0,0,0,0,0,0,0,0,0,0,0
2093,7568,7568,7578,7578,0,0,0,0,0,0,7568,37,7531,7578,42,7536,0,2093,0,0,0,0,0,0,0,0,0,0,0,0,0,0,0,0,0,0
2094,7568,7568,7578,7578,0,0,0,0,0,0,7568,23,7545,7578,26,7552,0,2094,0,0,0,0,0,0,0,0,0,0,0,0,0,0,0,0,0,0
2095,7568,7568,7578,7578,0,0,0,0,0,0,7568,5,7563,7578,3,7575,0,2095,0,0,0,0,0,0,0,0,0,0,0,0,0,0,0,0,0,0
2096,7568,7568,7578,7578,0,0,0,0,0,0,7568,12,7556,7578,0,7578,0,2096,0,0,0,0,0,0,0,0,0,0,0,0,0,0,0,0,0,0
2097,7568,7568,7578,7578,0,0,0,0,0,0,7568,1,7567,7578,3,7575,0,2097,0,0,0,0,0,0,0,0,0,0,0,0,0,0,0,0,0,0
2098,7568,7568,7578,7578,0,0,0,0,0,0,7568,20,7548,7578,24,7554,0,2098,1015724,223482,110887,0,38492,488163,154700,0,97151,20960,63460,0,0,0,12731,0,539,229
2099,7568,7568,7578,7578,0,0,0,0,0,0,7568,28,7540,7578,32,7546,0,2099,0,0,0,0,0,0,0,0,0,0,0,0,0,0,0,0,0,0
