"Year","allMortEgg","baseMortEgg","tempMortEgg","denMortEgg","incMortEgg","superMortEgg","lostMortEgg","catMortEgg","allMortFry","baseMortFry","tempMortFry","denMortFry","habMortFry","freshMortFry","seasMortFry","catMortFry","allMortSF","allMortSM"
2010,16717367,2753416,1552380,0,587969,4645328,7178274,0,401540,218726,51981,0,0,0,130833,0,3371,2095
2011,17511666,3380692,1826014,0,207632,4653806,7443522,0,283947,136363,65665,0,0,0,81919,0,3472,2204
2012,24150458,5594559,2550245,0,2209004,6342076,7454574,0,918910,553926,33134,0,0,0,331850,0,5220,3932
2013,22202935,5519082,2551321,0,384636,6298848,7449048,0,818672,356400,247021,0,0,0,215251,0,4714,3429
2014,10743305,1353162,1065478,0,412599,2529742,5382324,0,116906,72780,985,0,0,0,43141,0,2074,1055
2015,34920775,11314435,6494372,0,885948,8522776,7703244,0,956938,442413,247617,0,0,0,266908,0,7341,6058
2016,7958482,912436,547507,0,293487,2231858,3973194,0,137553,74716,18337,0,0,0,44500,0,1551,708
2017,0,0,0,0,0,0,0,0,0,0,0,0,0,0,0,0,0,0
2018,25757784,6262715,4645837,0,940898,6453760,7454574,0,542333,323316,25366,0,0,0,193651,0,5266,3979
2019,12967215,3403500,2447876,0,368472,3080358,3667009,0,329910,203314,5600,0,0,0,120996,0,7125,5797
2020,23369568,5856941,3464479,0,372519,6215529,7460100,0,723930,356645,152612,0,0,0,214673,0,4868,3520
2021,16598814,2892654,2215589,0,166661,4200896,7123014,0,639827,340201,95623,0,0,0,204003,0,3490,2210
2022,12992279,1632061,1064169,0,167616,3375661,6752772,0,230509,140250,6749,0,0,0,83510,0,2550,1328
2023,20907168,4717704,2533014,0,550191,5657211,7449048,0,574017,309573,78748,0,0,0,185696,0,4314,3016
2024,30245795,9562772,4767509,0,904286,7506920,7504308,0,1111593,693019,3493,0,0,0,415081,0,6728,5416
2025,26370975,7303481,3666514,0,927494,7107099,7366387,0,1126285,477101,360706,0,0,0,288478,0,6148,4863
2026,7372956,861176,470635,0,134999,2225830,3680316,0,129392,71451,15531,0,0,0,42410,0,1442,628
2027,32873114,10142110,5498962,0,2258189,7336921,7636932,0,1318441,750116,118116,0,0,0,450209,0,7261,5974
2028,15965032,1761142,827981,0,2566129,3874650,6935130,0,74680,43936,4916,0,0,0,25828,0,2949,1704
2029,15477852,2409599,1403737,0,66290,4386796,7211430,0,467471,211039,129362,0,0,0,127070,0,3123,1835
2030,3382904,656493,644436,0,5516,1380183,696276,0,121718,54356,34781,0,0,0,32581,0,695,304
2031,18460039,4520623,1348874,0,193252,5158230,7239060,0,703938,356073,133729,0,0,0,214136,0,3944,2666
2032,27985251,6629249,1930057,0,3979622,7936489,7509834,0,1218188,554175,329641,0,0,0,334372,0,5963,4653
2033,6735643,703678,377938,0,26218,2179585,3448224,0,134244,74155,15835,0,0,0,44254,0,1319,534
2034,33233747,10313605,4015044,0,3907720,7515174,7482204,0,1106896,667174,39684,0,0,0,400038,0,7163,5879
2035,27087949,8869469,3553026,0,251379,6942923,7471152,0,1481428,808723,186578,0,0,0,486127,0,6306,5004
2036,11562751,1792073,613863,0,191528,2941947,6023340,0,323981,181356,34154,0,0,0,108471,0,2346,1225
2037,30615794,9448354,5086010,0,1450186,7149040,7482204,0,1129290,650645,88228,0,0,0,390417,0,6707,5425
2038,19624025,4202581,2393911,0,1378539,5095980,6553014,0,335227,186721,36716,0,0,0,111790,0,4466,3189
2039,20617370,4173522,3748937,0,795645,4693362,7205904,0,616378,348778,58564,0,0,0,209036,0,4303,3029
2040,16775642,2785751,1548325,0,212810,4851546,7377210,0,467716,235542,90947,0,0,0,141227,0,3402,2115
2041,7614843,711902,657795,0,17723,2049767,4177656,0,103374,64860,0,0,0,0,38514,0,1471,595
2042,16355786,3024624,2160856,0,123694,4372896,6673716,0,536946,249778,136945,0,0,0,150223,0,3751,2422
2043,10484887,1389118,776836,0,312770,2678463,5327700,0,232263,126114,30843,0,0,0,75306,0,2290,1204
2044,27743703,7747165,4543123,0,1266706,6710031,7476678,0,1038335,571503,123647,0,0,0,343185,0,5981,4674
2045,19834757,3801133,3005675,0,406912,5194093,7426944,0,832158,483370,59086,0,0,0,289702,0,4282,2994
2046,29158868,7848301,6321897,0,876704,6662918,7449048,0,1761389,837005,419670,0,0,0,504714,0,6681,5401
2047,0,0,0,0,0,0,0,0,0,0,0,0,0,0,0,0,0,0
2048,31665401,10026756,5556548,0,1453527,7146566,7482004,0,1687906,837622,345883,0,0,0,504401,0,7378,6096
2049,34946554,9257972,3905150,0,6493664,7702570,7587198,0,873600,515509,49208,0,0,0,308883,0,7163,5881
2050,18564242,4483759,2325299,0,375015,5076375,6303794,0,665530,302256,181208,0,0,0,182066,0,4732,3447
2051,9353640,1205456,612211,0,191491,2443064,4901418,0,245015,124907,45432,0,0,0,74676,0,2653,1413
2052,13292092,1779031,900256,0,530,3561099,7051176,0,329845,182169,38683,0,0,0,108993,0,2666,1408
2053,19739738,4173526,1796018,0,1459431,5397844,6912919,0,535717,335264,0,0,0,0,200453,0,4572,3283
2054,32774160,9958510,5708023,0,2306796,7307575,7493256,0,1307841,700051,187091,0,0,0,420699,0,7148,5818
2055,1005708,250395,135499,0,28058,516642,75114,0,65642,32641,13761,0,0,0,19240,0,429,182
2056,14484273,1938661,1419105,0,436572,3589025,7100910,0,339762,173923,61504,0,0,0,104335,0,2867,1604
2057,14637248,2892987,1670333,0,120933,3951232,6001763,0,605052,221850,248633,0,0,0,134569,0,3784,2503
2058,0,0,0,0,0,0,0,0,0,0,0,0,0,0,0,0,0,0
2059,0,0,0,0,0,0,0,0,0,0,0,0,0,0,0,0,0,0
2060,7136662,812406,634540,0,252901,1922279,3514536,0,159819,67017,52764,0,0,0,40038,0,1392,633
2061,9917831,1120989,800586,0,523698,2441534,5031024,0,147480,56181,57653,0,0,0,33646,0,2346,1219
2062,847829,399744,173350,0,6408,268327,0,0,110919,42922,42389,0,0,0,25608,0,216,87
2063,63380,38243,11977,0,13160,0,0,0,6731,3742,1005,0,0,0,1984,0,17,7
2064,13286687,1798059,1249947,0,553777,3592616,6092288,0,297200,111411,118641,0,0,0,67148,0,3075,1796
2065,0,0,0,0,0,0,0,0,0,0,0,0,0,0,0,0,0,0
2066,27645477,8197435,3702568,0,1316566,6780206,7648702,0,1336181,678927,248648,0,0,0,408606,0,6425,5143
2067,44104,30479,13625,0,0,0,0,0,11068,5636,2242,0,0,0,3190,0,15,5
2068,586218,340393,139803,0,13499,92523,0,0,83155,52189,0,0,0,0,30966,0,179,68
2069,29318385,7574924,5820544,0,2160192,6364718,7398007,0,1273063,725763,111820,0,0,0,435480,0,6538,5204
2070,1699404,331362,225958,0,0,852152,289932,0,96246,41648,29626,0,0,0,24972,0,509,196
2071,1259880,414854,307998,0,24018,513010,0,0,60315,27419,16509,0,0,0,16387,0,284,109
2072,16683491,3243231,1804323,0,77443,4402324,7156170,0,677360,310995,179076,0,0,0,187289,0,3499,2222
2073,10919040,2049692,987410,0,32117,2848791,5001030,0,459402,195314,146274,0,0,0,117814,0,2266,1283
2074,0,0,0,0,0,0,0,0,0,0,0,0,0,0,0,0,0,0
2075,0,0,0,0,0,0,0,0,0,0,0,0,0,0,0,0,0,0
2076,11453954,2695141,1068059,0,83256,3229522,4377976,0,588964,255016,180369,0,0,0,153579,0,4385,3100
2077,0,0,0,0,0,0,0,0,0,0,0,0,0,0,0,0,0,0
2078,385073,206416,119083,0,59574,0,0,0,56040,34556,1045,0,0,0,20439,0,112,43
2079,12446849,1810719,939952,0,318433,3127839,6249906,0,454961,214259,111989,0,0,0,128713,0,2541,1362
2080,14786294,2354549,1102877,0,455268,3866632,7006968,0,529353,227924,164145,0,0,0,137284,0,3003,1750
2081,5586204,623847,389897,0,41460,1473985,3057015,0,129813,65119,25981,0,0,0,38713,0,1797,811
2082,14906685,2258357,978064,0,2981,4395067,7272216,0,572440,257985,158988,0,0,0,155467,0,3056,1776
2083,4490897,621262,378606,0,98395,1046348,2346286,0,172552,72566,56575,0,0,0,43411,0,2102,1087
2084,0,0,0,0,0,0,0,0,0,0,0,0,0,0,0,0,0,0
2085,13191156,1788946,1813906,0,36747,3397029,6154528,0,410768,191100,104826,0,0,0,114842,0,3107,1830
2086,6302866,687457,467626,0,60223,2064838,3022722,0,169932,86111,32436,0,0,0,51385,0,1251,520
2087,5239,4247,914,0,78,0,0,0,1341,351,835,0,0,0,155,0,3,1
2088,0,0,0,0,0,0,0,0,0,0,0,0,0,0,0,0,0,0
2089,7876623,915637,625540,0,0,1835132,4500314,0,292142,148938,54013,0,0,0,89191,0,2197,1044
2090,2340,1427,630,0,283,0,0,0,185,65,86,0,0,0,34,0,1,0
2091,3466412,360041,313981,0,27833,984582,1779975,0,124136,38777,62074,0,0,0,23285,0,1430,610
2092,0,0,0,0,0,0,0,0,0,0,0,0,0,0,0,0,0,0
2093,0,0,0,0,0,0,0,0,0,0,0,0,0,0,0,0,0,0
2094,0,0,0,0,0,0,0,0,0,0,0,0,0,0,0,0,0,0
2095,0,0,0,0,0,0,0,0,0,0,0,0,0,0,0,0,0,0
2096,0,0,0,0,0,0,0,0,0,0,0,0,0,0,0,0,0,0
2097,0,0,0,0,0,0,0,0,0,0,0,0,0,0,0,0,0,0
2098,0,0,0,0,0,0,0,0,0,0,0,0,0,0,0,0,0,0
2099,0,0,0,0,0,0,0,0,0,0,0,0,0,0,0,0,0,0
