"Year","AFem","AFemDeath","AMal","AMalDeath","Eggs","EggsDeath","FryGrad","FryExit","FryDeath","FryInStr","allMortAF","baseMortAF","tempMortAF","allMortAM","baseMortAM","tempMortAM","InVivo","Year","allMortEgg","baseMortEgg","tempMortEgg","denMortEgg","incMortEgg","superMortEgg","lostMortEgg","catMortEgg","allMortFry","baseMortFry","tempMortFry","denMortFry","habMortFry","freshMortFry","seasMortFry","catMortFry","allMortSF","allMortSM"
2010,7568,7568,7578,6322,40115961,32779369,7336592,3994487,1204113,2137992,300,195,105,335,230,105,47007,2010,32779369,9669874,4061030,0,4348324,7179255,7520886,0,1204113,749716,5287,0,0,0,449110,0,7268,5987
2011,7568,7568,7578,7028,40820562,34319440,6501122,3592742,1105663,1802717,181,181,0,213,213,0,0,2011,34319440,10732053,3415469,0,5683921,7447873,7040124,0,1105663,690778,1194,0,0,0,413691,0,7387,6815
2012,7568,7568,7578,7028,40803812,32802845,8000967,3997739,1607217,2396011,181,181,0,213,213,0,16750,2012,32802845,10885588,6650760,0,2138231,6314708,6813558,0,1607217,770356,372579,0,0,0,464282,0,7387,6815
2013,7568,7568,7578,6322,40185072,33112285,7072787,2891324,2068782,2112681,296,194,102,331,229,102,0,2013,33112285,10968386,5899766,0,1604155,7218560,7421418,0,2068782,619221,1070270,0,0,0,379291,0,7272,5991
2014,7568,7568,7578,7576,16578,9763,6815,111,1638,5066,7565,24,7541,7575,20,7555,0,2014,9763,7216,1396,0,1151,0,0,0,1638,544,866,0,0,0,228,0,3,1
2015,7568,7568,7578,6322,39317490,34492975,4824515,2154952,828127,1841436,453,198,255,488,233,255,0,2015,34492975,10078564,4330740,0,4184128,8223929,7675614,0,828127,476498,65862,0,0,0,285767,0,7115,5834
2016,7568,7568,7578,6325,276092,262750,13342,9912,1176,2254,884,196,688,921,234,687,36758615,2016,262750,29512,86632,0,15383,86108,45115,0,1176,678,155,0,0,0,343,0,6684,5404
2017,7568,7568,7578,6322,40770828,34538773,6232055,3895588,1238837,1097630,190,190,0,226,226,0,0,2017,34538773,9346835,4411958,0,7280056,6393488,7106436,0,1238837,687426,138716,0,0,0,412695,0,7378,6096
2018,7568,7568,7578,6322,40770828,33569691,7201137,4011794,1597052,1592291,190,190,0,226,226,0,0,2018,33569691,10005451,4593325,0,4633322,7032221,7305372,0,1597052,743822,404578,0,0,0,448652,0,7378,6096
2019,7568,7568,7578,6347,23872320,19810213,4062107,1578914,992418,1490775,3248,153,3095,3297,197,3100,0,2019,19810213,5011623,2181683,0,554817,4999862,7062228,0,992418,444427,279627,0,0,0,268364,0,4320,3050
2020,7568,7568,7578,7332,2249082,1894829,354253,33336,86584,234333,7161,57,7104,7160,47,7113,0,2020,1894829,460081,166686,0,134191,984669,149202,0,86584,45539,14191,0,0,0,26854,0,407,172
2021,7568,7568,7578,6322,40737672,34519534,6218138,2011862,1301338,2904938,196,193,3,231,228,3,0,2021,34519534,11643723,6032461,0,2056935,7420257,7366158,0,1301338,498877,499809,0,0,0,302652,0,7372,6091
2022,7568,7568,7578,6570,12836898,11242055,1594843,444847,422766,727230,5245,126,5119,5268,145,5123,0,2022,11242055,1856851,743995,0,482112,2743617,5415480,0,422766,203794,96716,0,0,0,122256,0,2323,1302
2023,7568,7568,7578,6322,35563533,29399670,6163863,2984406,1001458,2177999,214,192,22,250,227,23,5083311,2023,29399670,9325215,5367812,0,1310157,6427390,6969096,0,1001458,593097,52976,0,0,0,355385,0,7354,6072
2024,7568,7568,7578,6327,32813388,29575696,3237692,1039132,621708,1576852,1630,191,1439,1668,227,1441,0,2024,29575696,7389865,4897696,0,2997904,6868813,7421418,0,621708,281664,170173,0,0,0,169871,0,5938,4659
2025,7568,7568,7578,6324,10107538,8488947,1618591,649266,359837,609488,1490,193,1297,1528,228,1300,23541551,2025,8488947,2081136,725615,0,256708,2355112,3070376,0,359837,175815,78652,0,0,0,105370,0,6078,4796
2026,7568,7568,7578,6322,39726414,32364515,7361899,3751642,1459014,2151243,379,194,185,415,230,185,0,2026,32364515,9915761,3213885,0,3147013,8395664,7692192,0,1459014,731019,287929,0,0,0,440066,0,7189,5907
2027,7568,7568,7578,6322,40715568,31187136,9528432,5469586,2032038,2026808,200,191,9,237,227,10,0,2027,31187136,10984432,3646255,0,1140101,7840202,7576146,0,2032038,954178,502114,0,0,0,575746,0,7368,6085
2028,7568,7568,7578,6876,7824816,7006479,818337,39482,217901,560954,6152,106,6046,6178,122,6056,0,2028,7006479,1308098,620042,0,73375,2148022,2856942,0,217901,82670,85411,0,0,0,49820,0,1416,698
2029,7568,7568,7578,6818,8521092,7855821,665271,29149,158080,478042,6026,95,5931,6045,105,5940,0,2029,7855821,1232556,631493,0,312368,2164868,3514536,0,158080,64939,54219,0,0,0,38922,0,1542,773
2030,7568,7568,7578,7578,0,0,0,0,0,0,7568,10,7558,7578,13,7565,0,2030,0,0,0,0,0,0,0,0,0,0,0,0,0,0,0,0,0,0
2031,7568,7568,7578,6322,40770828,31519831,9250997,5388603,1632143,2230251,190,190,0,226,226,0,0,2031,31519831,10594245,4291566,0,1679000,7445186,7509834,0,1632143,939596,128534,0,0,0,564013,0,7378,6096
2032,7568,7568,7578,6342,25977726,22338507,3639219,1102189,810744,1726286,2867,160,2707,2914,202,2712,0,2032,22338507,6087526,3181671,0,473064,5495336,7100910,0,810744,352085,246010,0,0,0,212649,0,4701,3428
2033,7568,7568,7578,7264,2983087,2622615,360472,44900,83768,231804,7028,74,6954,7035,76,6959,953,2033,2622615,469344,394815,0,125337,1174461,458658,0,83768,47555,8149,0,0,0,28064,0,540,229
2034,7568,7568,7578,7031,35415886,28488764,6927122,3583034,1580144,1763944,429,191,238,457,218,239,4040052,2034,28488764,8726780,4953522,0,728116,6958453,7121893,0,1580144,691373,470993,0,0,0,417778,0,7139,6574
2035,7568,7568,7578,7569,71838,39422,32416,5688,9188,17540,7555,58,7497,7564,64,7500,0,2035,39422,29708,7946,0,1768,0,0,0,9188,4471,2247,0,0,0,2470,0,13,5
2036,7568,7568,7578,6347,16333037,14134982,2198055,815974,516950,865131,2999,152,2847,3045,192,2853,8938262,2036,14134982,3168574,1093459,0,1065091,3835910,4971948,0,516950,232729,144069,0,0,0,140152,0,4569,3302
2037,7568,7568,7578,6322,28444298,22615110,5829188,3057012,1055449,1716727,192,190,2,228,226,2,12342156,2037,22615110,7285292,2782807,0,1377303,5575965,5593743,0,1055449,585554,118453,0,0,0,351442,0,7376,6094
2038,7568,7568,7578,6343,26132454,21294977,4837477,2326521,1026826,1484130,2839,164,2675,2884,205,2679,0,2038,21294977,5578720,2453760,0,494053,5612274,7156170,0,1026826,541292,160240,0,0,0,325294,0,4729,3459
2039,7568,7568,7578,6366,18132912,15951950,2180962,865062,434367,881533,4038,143,3895,4086,185,3901,1378469,2039,15951950,2830970,1472879,0,1168753,3923890,6555458,0,434367,266788,8098,0,0,0,159481,0,3530,2280
2040,7568,7568,7578,6322,40411638,32451465,7960173,4016349,2040437,1903387,255,193,62,291,229,62,0,2040,32451465,11015508,4501272,0,1524581,7701334,7708770,0,2040437,776297,792938,0,0,0,471202,0,7313,6031
2041,7568,7568,7578,6677,6147177,5372603,774574,306720,181147,286707,5502,154,5348,5528,172,5356,5294409,2041,5372603,836187,499070,0,337363,1277900,2422083,0,181147,106205,11797,0,0,0,63145,0,2066,1149
2042,7568,7568,7578,6322,40522158,31694544,8827614,4948328,2011559,1867727,235,196,39,271,232,39,0,2042,31694544,10918483,4782362,0,1653183,6985410,7355106,0,2011559,886077,590007,0,0,0,535475,0,7333,6051
2043,7568,7568,7578,6562,13024782,11474285,1550497,258693,449445,842359,5211,120,5091,5234,138,5096,0,2043,11474285,1994629,920937,0,328978,2908203,5321538,0,449445,185478,152037,0,0,0,111930,0,2357,1328
2044,7568,7568,7578,7569,63024,40131,22893,1595,5822,15476,7555,53,7502,7564,56,7508,8814,2044,40131,25757,7908,0,6466,0,0,0,5822,2824,1624,0,0,0,1374,0,13,5
2045,7568,7568,7578,7576,5426,4042,1384,78,193,1113,7566,34,7532,7575,39,7536,5626,2045,4042,1976,1316,0,750,0,0,0,193,68,91,0,0,0,34,0,2,1
2046,7568,7568,7578,6362,18022676,15873285,2149391,925381,498838,725172,3911,149,3762,3957,190,3767,2192533,2046,15873285,2510183,1880498,0,1244613,3622898,6615093,0,498838,265610,74097,0,0,0,159131,0,3657,2405
2047,7568,7568,7578,6352,9752454,9133554,618900,222319,127982,268599,3207,160,3047,3254,203,3051,14391720,2047,9133554,1491942,1511106,0,830944,2032382,3267180,0,127982,67980,19817,0,0,0,40185,0,4361,3098
2048,7568,7568,7578,6322,40472424,34429331,6043093,2597316,1307072,2138705,244,192,52,280,228,52,0,2048,34429331,10754842,7006075,0,1428402,7625184,7614828,0,1307072,536989,445023,0,0,0,325060,0,7324,6042
2049,7568,7568,7578,7578,0,0,0,0,0,0,7568,36,7532,7578,40,7538,0,2049,0,0,0,0,0,0,0,0,0,0,0,0,0,0,0,0,0,0
2050,7568,7568,7578,7578,0,0,0,0,0,0,7568,15,7553,7578,3,7575,0,2050,0,0,0,0,0,0,0,0,0,0,0,0,0,0,0,0,0,0
2051,7568,7568,7578,7046,30997710,25850344,5147366,2471528,1306697,1369141,1958,187,1771,1981,209,1772,3150,2051,25850344,6911899,2445377,0,3382384,6081612,7029072,0,1306697,554389,417099,0,0,0,335209,0,5610,5065
2052,7568,7568,7578,6640,8632648,7526637,1106011,364127,284001,457883,5368,113,5255,5393,132,5261,3540122,2052,7526637,1244641,570188,0,386870,1931443,3393495,0,284001,145475,51473,0,0,0,87053,0,2200,1247
2053,7568,7568,7578,6402,19550988,16250817,3300171,1314705,731330,1254136,4030,156,3874,4081,201,3880,0,2053,16250817,3690505,1394336,0,184520,4212106,6769350,0,731330,395019,99254,0,0,0,237057,0,3538,2321
2054,7568,7568,7578,6486,9096715,8176790,919925,182209,211228,526488,4541,136,4405,4573,161,4412,7659320,2054,8176790,1469445,920575,0,422728,1997962,3366080,0,211228,96287,57347,0,0,0,57594,0,3027,1913
2055,7568,7568,7578,6369,19805184,16717387,3087797,1165084,791801,1130912,3984,158,3826,4032,199,3833,0,2055,16717387,3488357,1748301,0,572972,4077621,6830136,0,791801,371186,197129,0,0,0,223486,0,3584,2337
2056,7568,7568,7578,6466,17683200,15376030,2307170,793260,532418,981492,4368,150,4218,4404,183,4221,0,2056,15376030,2898791,1612606,0,1058042,3650627,6155964,0,532418,268654,102495,0,0,0,161269,0,3200,2062
2057,7568,7568,7578,6665,10510452,9368369,1142083,214971,323474,603638,5666,108,5558,5686,122,5564,0,2057,9368369,1400882,571874,0,453126,2366959,4575528,0,323474,146722,88563,0,0,0,88189,0,1902,979
2058,7568,7568,7578,7573,30233,19606,10627,2343,3680,4604,7561,35,7526,7570,39,7531,8449,2058,19606,10115,7813,0,1678,0,0,0,3680,1059,2253,0,0,0,368,0,7,3
2059,7568,7568,7578,7578,0,0,0,0,0,0,7568,8,7560,7578,12,7566,0,2059,0,0,0,0,0,0,0,0,0,0,0,0,0,0,0,0,0,0
2060,7568,7568,7578,7578,0,0,0,0,0,0,7568,24,7544,7578,25,7553,0,2060,0,0,0,0,0,0,0,0,0,0,0,0,0,0,0,0,0,0
2061,7568,7568,7578,6339,12357024,10489865,1867159,1054248,459492,353419,2379,178,2201,2422,216,2206,16362228,2061,10489865,2003370,1862785,0,847655,2457189,3318866,0,459492,215804,114218,0,0,0,129470,0,5189,3917
2062,7568,7568,7578,6516,13814533,12236474,1578059,295901,379217,902941,5067,103,4964,5091,116,4975,5993,2062,12236474,2008461,883880,0,433981,3234950,5675202,0,379217,194852,67468,0,0,0,116897,0,2501,1425
2063,7568,7568,7578,7328,2503278,1954602,548676,77758,152490,318428,7115,68,7047,7114,60,7054,0,2063,1954602,617884,254064,0,46543,920065,116046,0,152490,72097,37261,0,0,0,43132,0,453,214
2064,7568,7568,7578,6336,24246024,19764607,4481417,2457120,1432787,591510,2313,177,2136,2357,217,2140,4804716,2064,19764607,4670760,2444682,0,1164749,5203197,6281219,0,1432787,494676,636819,0,0,0,301292,0,5255,3979
2065,7568,7568,7578,7578,0,0,0,0,0,0,7568,20,7548,7578,13,7565,0,2065,0,0,0,0,0,0,0,0,0,0,0,0,0,0,0,0,0,0
2066,7568,7568,7578,7576,6580,3348,3232,1373,614,1245,7566,40,7526,7575,41,7534,4472,2066,3348,2438,910,0,0,0,0,0,614,188,328,0,0,0,98,0,2,1
2067,7568,7568,7578,7437,826778,551622,275156,75686,75786,123684,7330,52,7278,7339,58,7281,488410,2067,551622,249556,111400,0,37626,153040,0,0,75786,40137,12036,0,0,0,23613,0,238,98
2068,7568,7568,7578,6567,12530292,11099539,1430753,662299,419745,348709,5207,137,5070,5237,158,5079,518104,2068,11099539,1434462,1478803,0,537012,2516137,5133125,0,419745,204112,93214,0,0,0,122419,0,2361,1330
2069,7568,7568,7578,6538,6033051,5478309,554742,102041,190602,262099,4958,124,4834,4983,140,4843,8416887,2069,5478309,858834,780698,0,156877,1299026,2382874,0,190602,61351,92391,0,0,0,36860,0,2610,1555
2070,7568,7568,7578,7578,0,0,0,0,0,0,7568,28,7540,7578,31,7547,0,2070,0,0,0,0,0,0,0,0,0,0,0,0,0,0,0,0,0,0
2071,7568,7568,7578,7372,857539,645387,212152,49631,65689,96832,7199,56,7143,7200,50,7150,1184745,2071,645387,212847,142923,0,2968,277305,9344,0,65689,29675,18750,0,0,0,17264,0,369,172
2072,7568,7568,7578,7578,4873,3076,1797,140,738,919,7567,5,7562,7578,3,7575,653,2072,3076,1850,685,0,541,0,0,0,738,111,570,0,0,0,57,0,1,0
2073,7568,7568,7578,7578,0,0,0,0,0,0,7568,0,7568,7578,0,7578,0,2073,0,0,0,0,0,0,0,0,0,0,0,0,0,0,0,0,0,0
2074,7568,7568,7578,7575,25995,15980,10015,1682,2887,5446,7563,52,7511,7574,58,7516,1635,2074,15980,9134,4134,0,2712,0,0,0,2887,982,1544,0,0,0,361,0,5,1
2075,7568,7568,7578,7578,0,0,0,0,0,0,7568,10,7558,7578,15,7563,0,2075,0,0,0,0,0,0,0,0,0,0,0,0,0,0,0,0,0,0
2076,7568,7568,7578,7578,0,0,0,0,0,0,7568,9,7559,7578,12,7566,0,2076,0,0,0,0,0,0,0,0,0,0,0,0,0,0,0,0,0,0
2077,7568,7568,7578,7578,0,0,0,0,0,0,7568,21,7547,7578,25,7553,0,2077,0,0,0,0,0,0,0,0,0,0,0,0,0,0,0,0,0,0
2078,7568,7568,7578,7578,0,0,0,0,0,0,7568,28,7540,7578,32,7546,0,2078,0,0,0,0,0,0,0,0,0,0,0,0,0,0,0,0,0,0
2079,7568,7568,7578,7578,0,0,0,0,0,0,7568,9,7559,7578,13,7565,0,2079,0,0,0,0,0,0,0,0,0,0,0,0,0,0,0,0,0,0
2080,7568,7568,7578,7534,71280,46045,25235,8616,8726,7893,7501,34,7467,7509,36,7473,298962,2080,46045,21171,19700,0,5174,0,0,0,8726,3593,3521,0,0,0,1612,0,67,25
2081,7568,7568,7578,7385,1140794,869154,271640,66284,87113,118243,7243,64,7179,7246,59,7187,655282,2081,869154,274142,147408,0,43376,404228,0,0,87113,38503,25919,0,0,0,22691,0,325,139
2082,7568,7568,7578,6854,5881228,5441359,439869,188040,136565,115264,6135,99,6036,6156,116,6040,2042987,2082,5441359,615702,558436,0,569318,1524744,2173159,0,136565,64925,33073,0,0,0,38567,0,1433,698
2083,7568,7568,7578,6844,5853977,5021324,832653,259772,239350,333531,6058,96,5962,6078,108,5970,2501714,2083,5021324,826970,528095,0,128395,1435644,2102220,0,239350,117014,52523,0,0,0,69813,0,1510,766
2084,7568,7568,7578,7507,328533,175246,153287,65326,49666,38295,7453,48,7405,7462,47,7415,306957,2084,175246,105964,61864,0,7418,0,0,0,49666,23724,11867,0,0,0,14075,0,115,45
2085,7568,7568,7578,7535,175899,108069,67830,26581,25319,15930,7497,39,7458,7506,43,7463,216447,2085,108069,51765,40246,0,16058,0,0,0,25319,10108,9230,0,0,0,5981,0,71,29
2086,7568,7568,7578,7578,0,0,0,0,0,0,7568,2,7566,7578,3,7575,0,2086,0,0,0,0,0,0,0,0,0,0,0,0,0,0,0,0,0,0
2087,7568,7568,7578,7578,0,0,0,0,0,0,7568,15,7553,7578,17,7561,0,2087,0,0,0,0,0,0,0,0,0,0,0,0,0,0,0,0,0,0
2088,7568,7568,7578,7578,0,0,0,0,0,0,7568,35,7533,7578,39,7539,0,2088,0,0,0,0,0,0,0,0,0,0,0,0,0,0,0,0,0,0
2089,7568,7568,7578,7578,0,0,0,0,0,0,7568,40,7528,7578,42,7536,0,2089,0,0,0,0,0,0,0,0,0,0,0,0,0,0,0,0,0,0
2090,7568,7568,7578,7576,13833,8517,5316,237,1116,3963,7565,37,7528,7575,42,7533,2745,2090,8517,6011,1220,0,1286,0,0,0,1116,467,469,0,0,0,180,0,3,1
2091,7568,7568,7578,7436,886196,683494,202702,74107,66537,62058,6964,87,6877,6973,92,6881,2463539,2091,683494,176677,132177,0,23726,269349,81565,0,66537,29436,19907,0,0,0,17194,0,604,463
2092,7568,7568,7578,7578,718,439,279,58,51,170,7567,19,7548,7578,25,7553,4808,2092,439,281,116,0,42,0,0,0,51,10,36,0,0,0,5,0,1,0
2093,7568,7568,7578,7578,0,0,0,0,0,0,7568,4,7564,7578,7,7571,0,2093,0,0,0,0,0,0,0,0,0,0,0,0,0,0,0,0,0,0
2094,7568,7568,7578,7578,0,0,0,0,0,0,7568,30,7538,7578,35,7543,0,2094,0,0,0,0,0,0,0,0,0,0,0,0,0,0,0,0,0,0
2095,7568,7568,7578,7196,3493849,3117572,376277,42280,133712,200285,6868,69,6799,6901,94,6807,376459,2095,0,0,0,0,0,0,0,0,0,0,0,0,0,0,0,0,0,0
2096,7568,7568,7578,7578,0,0,0,0,0,0,7568,12,7556,7578,15,7563,0,2096,0,0,0,0,0,0,0,0,0,0,0,0,0,0,0,0,0,0
2097,7568,7568,7578,7578,0,0,0,0,0,0,7568,6,7562,7578,13,7565,0,2097,0,0,0,0,0,0,0,0,0,0,0,0,0,0,0,0,0,0
2098,7568,7568,7578,7578,0,0,0,0,0,0,7568,29,7539,7578,32,7546,0,2098,3117572,510706,466834,0,112244,1347924,679864,0,133712,47462,57759,0,0,0,28491,0,700,295
2099,7568,7568,7578,7578,0,0,0,0,0,0,7568,1,7567,7578,3,7575,0,2099,0,0,0,0,0,0,0,0,0,0,0,0,0,0,0,0,0,0
