"Year","allMortEgg","baseMortEgg","tempMortEgg","denMortEgg","incMortEgg","superMortEgg","lostMortEgg","catMortEgg","allMortFry","baseMortFry","tempMortFry","denMortFry","habMortFry","freshMortFry","seasMortFry","catMortFry","allMortSF","allMortSM"
2010,13092247,1668527,1129500,0,555825,3416651,6321744,0,95876,57481,4437,0,0,0,33958,0,2489,1322
2011,13080468,1768281,808301,0,249244,3358194,6896448,0,316173,161166,58405,0,0,0,96602,0,2595,1346
2012,25456399,7004299,3449947,0,748695,6765728,7487730,0,1133056,580050,203901,0,0,0,349105,0,5600,4312
2013,9612244,1501965,752318,0,2712,2426057,4929192,0,135430,72430,19901,0,0,0,43099,0,1885,914
2014,12951722,1946646,1063963,0,474690,3238621,6227802,0,306952,166714,40445,0,0,0,99793,0,2602,1469
2015,182384,99604,29779,0,53001,0,0,0,25038,15205,837,0,0,0,8996,0,73,28
2016,9283453,1143904,598605,0,349196,2400706,4791042,0,135960,54573,48528,0,0,0,32859,0,1786,837
2017,7599248,806256,628791,0,475565,1837096,3851540,0,59421,36412,1623,0,0,0,21386,0,1712,841
2018,34896710,9986853,7214857,0,1656059,8258333,7780608,0,1017019,418457,345377,0,0,0,253185,0,7228,5946
2019,8926350,1309106,434106,0,31841,2050799,5100498,0,316484,110476,138998,0,0,0,67010,0,1789,856
2020,1484520,375259,232741,0,150841,659367,66312,0,47514,20499,14979,0,0,0,12036,0,306,127
2021,4934140,620468,314798,0,113970,1613622,2271282,0,107478,47871,31033,0,0,0,28574,0,1136,482
2022,21712597,5142638,1699329,0,1433716,5987866,7449048,0,793070,440232,88685,0,0,0,264153,0,4624,3338
2023,21327036,4075505,2187425,0,2320964,5349354,7393788,0,702791,395883,69540,0,0,0,237368,0,4432,3147
2024,25325988,7057940,3189843,0,789695,6811832,7476678,0,1638955,837517,297359,0,0,0,504079,0,5918,4608
2025,27594707,8485117,3800994,0,562297,7209160,7537139,0,1091043,505253,280973,0,0,0,304817,0,6002,4716
2026,19380891,4299561,2034425,0,444618,5214025,7388262,0,954736,332396,420099,0,0,0,202241,0,4073,2793
2027,0,0,0,0,0,0,0,0,0,0,0,0,0,0,0,0,0,0
2028,18900197,3906782,1580279,0,3220270,4694676,5498190,0,325957,166213,60134,0,0,0,99610,0,5265,3985
2029,12938974,3234262,1912677,0,418545,3386587,3986903,0,437114,225727,76323,0,0,0,135064,0,6434,5149
2030,1382025,408453,253925,0,102978,616669,0,0,100912,48374,23780,0,0,0,28758,0,311,124
2031,20685777,5189831,1894402,0,186329,6015901,7399314,0,1368799,406039,713892,0,0,0,248868,0,4449,3163
2032,6794,4608,1596,0,590,0,0,0,721,277,304,0,0,0,140,0,2,0
2033,16687292,2831547,1368152,0,498565,4744442,7244586,0,517780,275103,77719,0,0,0,164958,0,3415,2134
2034,9934366,1573931,870118,0,5680,2253723,5230914,0,275858,112639,95385,0,0,0,67834,0,2129,1074
2035,5858721,822436,575866,0,60576,1793993,2605850,0,167098,57524,74888,0,0,0,34686,0,1216,532
2036,8081028,1110211,610048,0,74571,2004598,4281600,0,252672,131888,42112,0,0,0,78672,0,2079,1104
2037,14181217,2716244,1895610,0,870421,3494862,5204080,0,350980,178818,65231,0,0,0,106931,0,4177,2903
2038,4773642,619814,296785,0,73918,1278805,2504320,0,108133,49595,29117,0,0,0,29421,0,2394,1247
2039,16041037,3098372,2274131,0,497607,3677877,6493050,0,399520,194778,87971,0,0,0,116771,0,3237,2050
2040,10252845,1605311,1071138,0,72081,2409343,5094972,0,237688,97743,81013,0,0,0,58932,0,2028,1031
2041,7666922,888600,595722,0,212592,2035496,3934512,0,134784,58232,41691,0,0,0,34861,0,1486,665
2042,0,0,0,0,0,0,0,0,0,0,0,0,0,0,0,0,0,0
2043,8151449,903521,439698,0,238254,2064984,4504992,0,149334,88144,8747,0,0,0,52443,0,1962,910
2044,21114451,4711247,2514185,0,1083684,5422599,7382736,0,911040,324342,389616,0,0,0,197082,0,4370,3056
2045,11408731,1582191,756348,0,0,2792656,6277536,0,367331,159312,112161,0,0,0,95858,0,2296,1137
2046,9638939,1293103,477175,0,497680,2497049,4873932,0,356887,153115,111682,0,0,0,92090,0,1945,983
2047,62679,46171,10520,0,5988,0,0,0,16754,6508,6413,0,0,0,3833,0,20,7
2048,6701544,981716,516444,0,211477,1713784,3278123,0,214545,72593,98286,0,0,0,43666,0,2328,1263
2049,5744510,718731,391639,0,110900,1892864,2630376,0,127358,42625,59195,0,0,0,25538,0,1116,471
2050,10102702,1313495,414444,0,398147,2511402,5465214,0,236778,128930,30773,0,0,0,77075,0,2009,990
2051,7673853,960214,747523,0,1227,1805339,4159550,0,125287,62254,26044,0,0,0,36989,0,2284,1110
2052,17808910,4031268,2533044,0,237918,4749703,6256977,0,671581,274355,231541,0,0,0,165685,0,4510,3213
2053,10468810,1561102,699444,0,545333,2485069,5177862,0,271495,159530,16771,0,0,0,95194,0,2112,1108
2054,25136778,6151804,3008369,0,1835223,6670230,7471152,0,1162770,689110,60296,0,0,0,413364,0,5582,4280
2055,12034557,1602242,1302056,0,22688,3191403,5916168,0,400972,236180,23522,0,0,0,141270,0,3055,1785
2056,10007435,1324851,949754,0,8777,2247787,5476266,0,305494,135414,88782,0,0,0,81298,0,2007,964
2057,1669128,500865,268768,0,39384,771695,88416,0,164170,79121,37714,0,0,0,47335,0,399,184
2058,24957104,6996913,4244119,0,265640,6077392,7373040,0,1588754,665215,520989,0,0,0,402550,0,5898,4608
2059,0,0,0,0,0,0,0,0,0,0,0,0,0,0,0,0,0,0
2060,8789166,1290295,514196,0,158314,2333723,4492638,0,254786,119348,63784,0,0,0,71654,0,1762,850
2061,17155732,5206766,2057447,0,175585,4659887,5056047,0,982262,535417,125442,0,0,0,321403,0,6640,5355
2062,8611264,1185400,696333,0,139213,2071364,4518954,0,259603,123849,61473,0,0,0,74281,0,2040,1021
2063,11891446,1667547,934565,0,99330,2951150,6238854,0,378615,160724,121162,0,0,0,96729,0,2383,1226
2064,14087782,2028210,1092983,0,8776,3904725,7053088,0,571409,269292,140103,0,0,0,162014,0,2954,1686
2065,53515,36757,11991,0,4767,0,0,0,8088,3787,2155,0,0,0,2146,0,19,7
2066,10273790,1484677,701069,0,252776,2370054,5465214,0,383720,182482,91612,0,0,0,109626,0,2101,1071
2067,5349251,638209,358040,0,66845,2064705,2221452,0,120596,54245,33889,0,0,0,32462,0,1048,418
2068,13735288,2556195,1339253,0,366823,3795853,5677164,0,425377,234551,50425,0,0,0,140401,0,3789,2504
2069,14096903,1854872,762285,0,549976,3906224,7023546,0,505673,259475,90538,0,0,0,155660,0,2880,1620
2070,14002904,2313782,1107631,0,15785,3763200,6802506,0,502210,190763,195935,0,0,0,115512,0,2838,1611
2071,0,0,0,0,0,0,0,0,0,0,0,0,0,0,0,0,0,0
2072,6562275,773829,533133,0,118459,1531764,3605090,0,170269,86081,32804,0,0,0,51384,0,2242,1106
2073,5656837,797873,316770,0,139358,1578456,2824380,0,193236,84567,58060,0,0,0,50609,0,3032,1771
2074,227093,153988,55383,0,17722,0,0,0,54434,19139,23749,0,0,0,11546,0,68,25
2075,6689081,797175,364998,0,662146,1715864,3148898,0,91036,56673,1132,0,0,0,33231,0,3031,1771
2076,6045657,901920,968627,0,172232,1657016,2345862,0,172007,96675,18295,0,0,0,57037,0,4548,3253
2077,3797862,538376,433271,0,0,1596647,1229568,0,143238,54442,56104,0,0,0,32692,0,869,348
2078,1047722,348043,260175,0,66898,372606,0,0,112650,44237,42037,0,0,0,26376,0,248,98
2079,0,0,0,0,0,0,0,0,0,0,0,0,0,0,0,0,0,0
2080,13804921,1760301,1277865,0,699390,3485899,6581466,0,406232,155798,156406,0,0,0,94028,0,2720,1520
2081,1236324,320013,228202,0,64553,594366,29190,0,51071,21504,16718,0,0,0,12849,0,338,132
2082,16435334,3160175,1628466,0,1207295,4451623,5987775,0,595264,269787,163120,0,0,0,162357,0,4301,3020
2083,13817,9314,2771,0,1732,0,0,0,1768,884,531,0,0,0,353,0,6,3
2084,23797380,5557727,4272020,0,418079,6094980,7454574,0,830369,314178,325583,0,0,0,190608,0,4903,3615
2085,0,0,0,0,0,0,0,0,0,0,0,0,0,0,0,0,0,0
2086,0,0,0,0,0,0,0,0,0,0,0,0,0,0,0,0,0,0
2087,4836,3148,1548,0,140,0,0,0,421,277,0,0,0,0,144,0,2,0
2088,11344042,1451293,1076291,0,263370,2671304,5881784,0,245941,70760,132159,0,0,0,43022,0,2234,1083
2089,0,0,0,0,0,0,0,0,0,0,0,0,0,0,0,0,0,0
2090,3710894,470836,273973,0,109317,988638,1868130,0,119668,58177,27056,0,0,0,34435,0,2615,1454
2091,6733539,884947,496392,0,0,1572435,3779765,0,232141,112941,51539,0,0,0,67661,0,2106,1026
2092,5938378,621570,306241,0,29055,2113518,2867994,0,184264,76094,62342,0,0,0,45828,0,1172,461
2093,1870492,180587,101718,0,97799,552724,937664,0,19957,12777,0,0,0,0,7180,0,1532,665
2094,10455600,1540705,988333,0,349777,2720880,4855905,0,421973,200631,100909,0,0,0,120433,0,3204,2404
2095,13014918,2075581,1111492,0,4663,3596689,6226493,0,391818,155170,143024,0,0,0,93624,0,3019,1751
2096,0,0,0,0,0,0,0,0,0,0,0,0,0,0,0,0,0,0
2097,12038024,1891062,1072398,0,19889,3236851,5817824,0,245118,100947,83548,0,0,0,60623,0,2925,1650
2098,392779,297703,89768,0,5308,0,0,0,98310,52626,14258,0,0,0,31426,0,135,50
2099,110148,31936,78133,0,79,0,0,0,0,0,0,0,0,0,0,0,151,97
