"Year","AFem","AFemDeath","AMal","AMalDeath","Eggs","EggsDeath","FryGrad","FryExit","FryDeath","FryInStr","allMortAF","baseMortAF","tempMortAF","allMortAM","baseMortAM","tempMortAM","InVivo"
2010,7568,7568,7578,6376,16484058,15581295,902763,53603,129877,719283,4585,133,4452,4639,179,4460,0
2011,7568,7568,7578,6347,16080660,14547705,1532955,267934,378746,886275,4658,141,4517,4712,188,4524,0
2012,7568,7568,7578,6322,28823616,23961234,4862382,1959418,1015705,1887259,2352,195,2157,2392,231,2161,0
2013,7568,7568,7578,6576,11111884,10246914,864970,23374,146583,695013,5556,123,5433,5577,139,5438,6428
2014,7568,7568,7578,6442,14061333,12909049,1152284,117800,249330,785154,5023,137,4886,5072,181,4891,2337
2015,7568,7568,7578,7461,811972,557516,254456,54434,59325,140697,7376,41,7335,7387,43,7344,249020
2016,7568,7568,7578,7282,2829312,2541118,288194,525,65492,222177,7056,112,6944,7055,104,6951,0
2017,7568,7568,7578,6589,10321714,9882576,439138,23073,71967,344098,5391,129,5262,5416,147,5269,1715418
2018,7568,7568,7578,6322,40676886,35556201,5120685,1797893,1015694,2307098,207,191,16,243,227,16,0
2019,7568,7568,7578,6584,11195478,10147515,1047963,69240,333223,645500,5542,127,5415,5571,149,5422,198
2020,7568,7568,7578,7278,2984040,2733622,250418,3161,54740,192517,7028,93,6935,7031,89,6942,0
2021,7568,7568,7578,6611,9414377,8647773,766604,51476,193306,521822,5692,117,5575,5716,134,5582,957169
2022,7568,7568,7578,6325,27486324,23244170,4242154,1822713,843297,1576144,2594,179,2415,2637,220,2417,0
2023,7568,7568,7578,6322,30000654,25773122,4227532,2421442,880500,925590,2139,192,1947,2180,228,1952,0
2024,7568,7568,7578,6302,37145772,28261338,8884434,5580247,1873868,1430319,846,187,659,889,228,661,0
2025,7568,7568,7578,6322,35539032,29781447,5757585,2048682,1131704,2577199,1136,195,941,1177,231,946,4200
2026,7568,7568,7578,6324,24596226,21105209,3491017,1087297,1014885,1388835,3117,182,2935,3158,220,2938,0
2027,7568,7568,7578,7578,0,0,0,0,0,0,7568,14,7554,7578,16,7562,0
2028,7568,7568,7578,6322,25602902,23764934,1837968,880274,400973,556721,1423,198,1225,1464,234,1230,8374540
2029,7568,7568,7578,6322,17009537,14467890,2541647,976307,481282,1084058,613,193,420,652,230,422,21470032
2030,7568,7568,7578,7098,4520268,4157409,362859,48029,104133,210697,6750,58,6692,6784,87,6697,0
2031,7568,7568,7578,6323,28795986,23898595,4897391,1768086,1589180,1540125,2357,197,2160,2396,233,2163,0
2032,7568,7568,7578,7563,132624,81212,51412,4475,13825,33112,7544,27,7517,7555,34,7521,0
2033,7568,7568,7578,6322,31037859,25836623,5201236,2668147,1053065,1480024,1951,200,1751,1991,235,1756,1683
2034,7568,7568,7578,6370,15803312,14341089,1462223,94400,357821,1010002,4692,143,4549,4744,186,4558,89464
2035,7568,7568,7578,6591,10565487,9682040,883447,40191,267023,576233,5656,117,5539,5681,135,5546,225
2036,7568,7568,7578,6395,14652703,12996950,1655753,441899,402581,811273,4685,146,4539,4734,189,4545,1282367
2037,7568,7568,7578,6323,22664015,20175030,2488985,973936,525424,989625,2121,196,1925,2161,233,1928,7455523
2038,7568,7568,7578,6362,6972169,6393106,579063,56033,143248,379782,4705,149,4556,4756,194,4562,8887927
2039,7568,7568,7578,6322,30967704,27193094,3774610,1342738,733865,1698007,1964,201,1763,2003,237,1766,0
2040,7568,7568,7578,6325,20241738,18361349,1880389,257186,429597,1193606,3905,172,3733,3945,205,3740,0
2041,7568,7568,7578,6513,11908530,11113077,795453,34408,191090,569955,5413,120,5293,5438,140,5298,0
2042,7568,7568,7578,7578,2355,1311,1044,45,85,914,7567,45,7522,7578,48,7530,3171
2043,7568,7568,7578,6420,11715703,10811579,904124,135878,194062,574184,5119,104,5015,5177,157,5020,1822392
2044,7568,7568,7578,6300,28143918,24440251,3703667,1295735,1044508,1363424,2475,183,2292,2524,226,2298,0
2045,7568,7568,7578,6364,15213078,13617874,1595204,200460,444990,949754,4815,143,4672,4863,184,4679,0
2046,7568,7568,7578,6433,14632848,13202599,1430249,395052,443249,591948,4920,127,4793,4976,175,4801,0
2047,7568,7568,7578,7490,801270,464814,336456,52004,115832,168620,7423,22,7401,7435,27,7408,0
2048,7568,7568,7578,6424,10833158,9905209,927949,101237,290687,536025,4733,148,4585,4787,196,4591,4852534
2049,7568,7568,7578,6666,10339146,9533084,806062,29646,238417,537999,5697,107,5590,5726,123,5603,0
2050,7568,7568,7578,6431,13853682,12737014,1116668,143741,254274,718653,5061,137,4924,5109,178,4931,0
2051,7568,7568,7578,6329,13052110,12007004,1045106,83376,220325,741405,4456,161,4295,4503,199,4304,4162862
2052,7568,7568,7578,6314,25372658,21763699,3608959,1209377,846762,1552820,2264,194,2070,2307,232,2075,3948652
2053,7568,7568,7578,6458,14682582,13326660,1355922,333547,294398,727977,4911,142,4769,4954,181,4773,0
2054,7568,7568,7578,6309,26707158,22219754,4487404,2337127,940687,1209590,2735,182,2553,2780,221,2559,0
2055,7568,7568,7578,6324,18244509,15482479,2762030,1382863,613530,765637,3667,164,3503,3711,201,3510,3323543
2056,7568,7568,7578,6380,14643900,13265076,1378824,183683,370500,824641,4918,137,4781,4969,181,4788,0
2057,7568,7568,7578,6972,6299640,5539228,760412,220553,225176,314683,6428,88,6340,6457,106,6351,0
2058,7568,7568,7578,6317,38867620,30531561,8336059,4696344,1993445,1646270,486,191,295,524,228,296,267512
2059,7568,7568,7578,7578,0,0,0,0,0,0,7568,33,7535,7578,36,7542,0
2060,7568,7568,7578,6454,13792896,12516820,1276076,189499,333631,752946,5072,121,4951,5121,166,4955,0
2061,7568,7568,7578,6322,24930248,19316588,5613660,3265576,1087286,1260798,657,192,465,696,228,468,13288823
2062,7568,7568,7578,6373,13736161,12489094,1247067,185040,327594,734433,4898,144,4754,4949,187,4762,1022183
2063,7568,7568,7578,6354,15931458,14435487,1495971,232706,427657,835608,4685,154,4531,4731,195,4536,0
2064,7568,7568,7578,6331,19034520,16374303,2660217,953926,721317,984974,4123,167,3956,4169,205,3964,2550
2065,7568,7568,7578,7453,994670,704761,289909,13052,73699,203158,7365,47,7318,7375,54,7321,127108
2066,7568,7568,7578,6401,15682788,13873461,1809327,492590,497746,818991,4730,139,4591,4783,186,4597,0
2067,7568,7568,7578,6533,11250936,10241762,1009174,129862,274255,605057,5532,118,5414,5558,136,5422,0
2068,7568,7568,7578,6322,22451683,19117352,3334331,1369758,669306,1295267,2501,194,2307,2543,231,2312,5562751
2069,7568,7568,7578,6327,19457046,16948297,2508749,1156532,645472,706745,4047,165,3882,4092,203,3889,0
2070,7568,7568,7578,6343,17854506,15846213,2008293,311133,567934,1129226,4337,154,4183,4385,195,4190,0
2071,7568,7568,7578,7578,0,0,0,0,0,0,7568,33,7535,7578,38,7540,0
2072,7568,7568,7578,6333,12265845,11012230,1253615,309596,311024,632995,4286,164,4122,4331,200,4131,5892267
2073,7568,7568,7578,6332,8207693,7263672,944021,294710,264707,384604,3913,172,3741,3954,208,3746,12036403
2074,7568,7568,7578,7379,1762794,1386904,375890,23342,132040,220508,7249,62,7187,7249,53,7196,0
2075,7568,7568,7578,6338,8292044,7807401,484643,179999,107150,197494,4297,159,4138,4344,200,4144,9823838
2076,7568,7568,7578,6313,8517358,7483985,1033373,530223,222520,280630,2446,185,2261,2490,223,2267,19829674
2077,7568,7568,7578,6723,7589066,7005454,583612,77703,190375,315534,6085,91,5994,6095,91,6004,606519
2078,7568,7568,7578,7223,3514536,3081317,433219,59378,146298,227543,6932,86,6846,6944,91,6853,0
2079,7568,7568,7578,7575,24995,12814,12181,2922,2706,6553,7563,10,7553,7574,13,7561,2635
2080,7568,7568,7578,6339,19346526,17525172,1821354,567664,552811,700879,4067,164,3903,4114,204,3910,0
2081,7568,7568,7578,7083,3806712,3583614,223098,2472,55771,164855,6718,81,6637,6749,104,6645,892548
2082,7568,7568,7578,6325,22664674,19724352,2940322,1295741,720076,924505,2760,178,2582,2801,216,2585,3914110
2083,7568,7568,7578,7520,404432,235863,168569,34951,44863,88755,7476,39,7437,7485,41,7444,103960
2084,7568,7568,7578,6322,31083750,27000010,4083740,1297921,977462,1808357,1943,194,1749,1984,230,1754,0
2085,7568,7568,7578,7578,4371,3251,1120,0,269,851,7567,54,7513,7578,60,7518,1155
2086,7568,7568,7578,7577,11052,5712,5340,1250,1384,2706,7566,27,7539,7576,33,7543,0
2087,7568,7568,7578,7571,57475,29586,27889,10020,6372,11497,7557,33,7524,7567,38,7529,3311
2088,7568,7568,7578,6294,18787676,17437948,1349728,130146,430450,789132,4167,161,4006,4218,203,4015,6250
2089,7568,7568,7578,7571,22360,12792,9568,977,1652,6939,7558,36,7522,7567,39,7528,32900
2090,7568,7568,7578,6324,7044449,6187291,857158,322299,220681,314178,3621,168,3453,3662,200,3462,14823110
2091,7568,7568,7578,6352,11242443,9976035,1266408,298189,342893,625326,4716,150,4566,4765,192,4573,4537526
2092,7568,7568,7578,6521,11245410,10096030,1149380,340436,368093,440851,5533,112,5421,5555,127,5428,0
2093,7568,7568,7578,6357,4253733,4085980,167753,59860,36973,70920,4771,159,4612,4814,195,4619,11252863
2094,7568,7568,7578,6791,14159983,12441349,1718634,719358,498072,501204,4326,169,4157,4347,182,4165,3771231
2095,7568,7568,7578,6325,18769881,16651044,2118837,389101,544486,1185250,3888,159,3729,3931,194,3737,1571406
2096,7568,7568,7578,7578,0,0,0,0,0,0,7568,14,7554,7578,12,7566,0
2097,7568,7568,7578,6328,16015202,14666869,1348333,122701,304629,921003,4151,157,3994,4196,193,4003,2879904
2098,7568,7568,7578,7270,2879046,2407590,471456,76350,124612,270494,7047,86,6961,7058,89,6969,0
2099,7568,3195,7578,3157,994680,123817,0,0,0,0,3015,164,2851,3031,175,2856,0
