"Year","allMortEgg","baseMortEgg","tempMortEgg","denMortEgg","incMortEgg","superMortEgg","lostMortEgg","catMortEgg","allMortFry","baseMortFry","tempMortFry","denMortFry","habMortFry","freshMortFry","seasMortFry","catMortFry","allMortSF","allMortSM"
2010,16837430,2861763,1295342,0,537762,4853769,7288794,0,496868,289761,33702,0,0,0,173405,0,3454,2171
2011,8937545,1159610,646125,0,311882,2496674,4323254,0,227477,142358,445,0,0,0,84674,0,3039,1767
2012,28293187,9077804,4511298,0,2139952,6092339,6471794,0,1211278,708027,78634,0,0,0,424617,0,7315,6014
2013,32140551,10250823,6888304,0,834038,6685182,7482204,0,1487754,740855,300706,0,0,0,446193,0,7285,6004
2014,1258657,468964,189971,0,25057,574665,0,0,101972,53217,17138,0,0,0,31617,0,301,125
2015,16087068,3047732,1929091,0,356053,4298380,6455812,0,448405,218674,98402,0,0,0,131329,0,3805,2533
2016,15570459,2471519,1278036,0,361630,4242318,7216956,0,579158,191858,270572,0,0,0,116728,0,3115,1835
2017,9290,7232,2058,0,0,0,0,0,1421,510,705,0,0,0,206,0,4,3
2018,3536089,918724,438887,0,16736,1445630,716112,0,277324,105231,108538,0,0,0,63555,0,876,463
2019,3561843,589931,211101,0,0,1782709,978102,0,102178,45310,29866,0,0,0,27002,0,716,274
2020,31714503,8653005,6145958,0,2566423,6855861,7493256,0,923645,518765,93653,0,0,0,311227,0,6657,5373
2021,12982246,1923610,1131664,0,4439,3186339,6736194,0,379484,152181,135486,0,0,0,91817,0,2594,1375
2022,12868361,2140152,1038042,0,9452,3415940,6264775,0,462111,180132,173222,0,0,0,108757,0,2799,1590
2023,0,0,0,0,0,0,0,0,0,0,0,0,0,0,0,0,0,0
2024,587723,344789,154510,0,70869,17555,0,0,54535,24959,14678,0,0,0,14898,0,148,58
2025,2965758,672391,202381,0,76023,1373947,641016,0,117503,65385,13224,0,0,0,38894,0,627,280
2026,11345367,3048477,1862266,0,500016,2843065,3091543,0,684760,255456,274668,0,0,0,154636,0,5941,5060
2027,1271232,464868,224885,0,19062,562417,0,0,92150,40600,27357,0,0,0,24193,0,292,118
2028,32107,21403,10543,0,161,0,0,0,8900,4610,1825,0,0,0,2465,0,12,5
2029,1670802,284638,140628,0,34636,849564,361336,0,34985,20834,1940,0,0,0,12211,0,633,246
2030,11804326,1621679,972427,0,483197,3046295,5680728,0,276804,96648,121664,0,0,0,58492,0,2295,1225
2031,7424,4402,2050,0,972,0,0,0,1286,230,938,0,0,0,118,0,2,0
2032,0,0,0,0,0,0,0,0,0,0,0,0,0,0,0,0,0,0
2033,126733,13442,57220,0,0,56071,0,0,548,367,14,0,0,0,167,0,3135,1868
2034,11336031,2769597,2597150,0,275175,2548928,3145181,0,530023,171249,254924,0,0,0,103850,0,5493,4205
2035,47049,36723,7813,0,2513,0,0,0,8109,3902,2017,0,0,0,2190,0,17,7
2036,342033,215866,70915,0,55252,0,0,0,58868,25924,17437,0,0,0,15507,0,117,45
2037,13147171,1969615,1165073,0,1483355,3345740,5183388,0,370195,197343,54779,0,0,0,118073,0,2660,1653
2038,10476631,1449730,1015932,0,59911,2430584,5520474,0,175282,62608,74985,0,0,0,37689,0,2021,971
2039,117356,59344,38953,0,19059,0,0,0,6496,1984,3358,0,0,0,1154,0,26,13
2040,0,0,0,0,0,0,0,0,0,0,0,0,0,0,0,0,0,0
2041,5885224,821045,839383,0,199093,1981083,2044620,0,69400,26994,26267,0,0,0,16139,0,1125,518
2042,0,0,0,0,0,0,0,0,0,0,0,0,0,0,0,0,0,0
2043,956517,398229,147643,0,186088,224557,0,0,106095,57128,15134,0,0,0,33833,0,244,100
2044,3350625,481460,459785,0,59831,1386250,963299,0,91596,42304,24195,0,0,0,25097,0,802,325
2045,18861189,3313848,1949612,0,1330435,4901136,7366158,0,438341,209088,103545,0,0,0,125708,0,3726,2440
2046,534696,297596,174566,0,4485,58049,0,0,105620,54894,18335,0,0,0,32391,0,174,71
2047,12186259,2081394,1331584,0,109793,3143014,5520474,0,426178,231888,55283,0,0,0,139007,0,2527,1473
2048,10976921,1961633,1069350,0,401514,2939427,4604997,0,306122,155655,57176,0,0,0,93291,0,3514,2247
2049,1614937,369240,192462,0,0,809940,243295,0,79052,44427,8499,0,0,0,26126,0,517,208
2050,428080,219601,167228,0,41251,0,0,0,61197,21724,26455,0,0,0,13018,0,118,46
2051,258604,158592,64216,0,35796,0,0,0,60181,26998,17032,0,0,0,16151,0,80,30
2052,0,0,0,0,0,0,0,0,0,0,0,0,0,0,0,0,0,0
2053,8786619,1238997,1209023,0,69217,2338647,3930735,0,330132,164673,66901,0,0,0,98558,0,3312,2005
2054,1417672,170045,270551,0,3023,409159,564894,0,34074,17855,6529,0,0,0,9690,0,3165,1898
2055,0,0,0,0,0,0,0,0,0,0,0,0,0,0,0,0,0,0
2056,0,0,0,0,0,0,0,0,0,0,0,0,0,0,0,0,0,0
2057,2338001,579634,242040,0,5968,1195377,314982,0,106962,47899,30489,0,0,0,28574,0,497,205
2058,11742420,1616864,1133918,0,582612,2656460,5752566,0,336443,146620,101647,0,0,0,88176,0,2322,1243
2059,3148000,412628,306288,0,599,777949,1650536,0,85746,29347,39241,0,0,0,17158,0,2255,1153
2060,1742757,412252,273809,0,108568,837608,110520,0,76800,34322,22126,0,0,0,20352,0,367,143
2061,5390767,845651,614836,0,89612,1922068,1918600,0,138708,50840,57403,0,0,0,30465,0,1110,508
2062,0,0,0,0,0,0,0,0,0,0,0,0,0,0,0,0,0,0
2063,0,0,0,0,0,0,0,0,0,0,0,0,0,0,0,0,0,0
2064,374957,241163,104499,0,29295,0,0,0,68512,27613,24369,0,0,0,16530,0,107,42
2065,0,0,0,0,0,0,0,0,0,0,0,0,0,0,0,0,0,0
2066,71956,43189,25952,0,2815,0,0,0,9724,3843,3693,0,0,0,2188,0,19,6
2067,0,0,0,0,0,0,0,0,0,0,0,0,0,0,0,0,0,0
2068,0,0,0,0,0,0,0,0,0,0,0,0,0,0,0,0,0,0
2069,0,0,0,0,0,0,0,0,0,0,0,0,0,0,0,0,0,0
2070,0,0,0,0,0,0,0,0,0,0,0,0,0,0,0,0,0,0
2071,0,0,0,0,0,0,0,0,0,0,0,0,0,0,0,0,0,0
2072,931,655,141,0,135,0,0,0,55,36,0,0,0,0,19,0,1,0
2073,710260,66955,117895,0,8589,242951,273870,0,9179,5659,916,0,0,0,2604,0,1763,767
2074,0,0,0,0,0,0,0,0,0,0,0,0,0,0,0,0,1,0
2075,0,0,0,0,0,0,0,0,0,0,0,0,0,0,0,0,0,0
2076,0,0,0,0,0,0,0,0,0,0,0,0,0,0,0,0,0,0
2077,0,0,0,0,0,0,0,0,0,0,0,0,0,0,0,0,0,0
2078,0,0,0,0,0,0,0,0,0,0,0,0,0,0,0,0,0,0
2079,0,0,0,0,0,0,0,0,0,0,0,0,0,0,0,0,0,0
2080,0,0,0,0,0,0,0,0,0,0,0,0,0,0,0,0,0,0
2081,0,0,0,0,0,0,0,0,0,0,0,0,0,0,0,0,0,0
2082,0,0,0,0,0,0,0,0,0,0,0,0,0,0,0,0,0,0
2083,0,0,0,0,0,0,0,0,0,0,0,0,0,0,0,0,0,0
2084,0,0,0,0,0,0,0,0,0,0,0,0,0,0,0,0,0,0
2085,0,0,0,0,0,0,0,0,0,0,0,0,0,0,0,0,0,0
2086,0,0,0,0,0,0,0,0,0,0,0,0,0,0,0,0,0,0
2087,0,0,0,0,0,0,0,0,0,0,0,0,0,0,0,0,0,0
2088,0,0,0,0,0,0,0,0,0,0,0,0,0,0,0,0,0,0
2089,0,0,0,0,0,0,0,0,0,0,0,0,0,0,0,0,0,0
2090,0,0,0,0,0,0,0,0,0,0,0,0,0,0,0,0,0,0
2091,0,0,0,0,0,0,0,0,0,0,0,0,0,0,0,0,0,0
2092,0,0,0,0,0,0,0,0,0,0,0,0,0,0,0,0,0,0
2093,0,0,0,0,0,0,0,0,0,0,0,0,0,0,0,0,0,0
2094,0,0,0,0,0,0,0,0,0,0,0,0,0,0,0,0,0,0
2095,0,0,0,0,0,0,0,0,0,0,0,0,0,0,0,0,0,0
2096,0,0,0,0,0,0,0,0,0,0,0,0,0,0,0,0,0,0
2097,0,0,0,0,0,0,0,0,0,0,0,0,0,0,0,0,0,0
2098,0,0,0,0,0,0,0,0,0,0,0,0,0,0,0,0,0,0
2099,0,0,0,0,0,0,0,0,0,0,0,0,0,0,0,0,0,0
