"Year","AFem","AFemDeath","AMal","AMalDeath","Eggs","EggsDeath","FryGrad","FryExit","FryDeath","FryInStr","allMortAF","baseMortAF","tempMortAF","allMortAM","baseMortAM","tempMortAM","InVivo"
2010,7568,7568,7578,7025,35443896,31850497,3593399,2135893,651142,806364,168,168,0,213,213,0,5458957
2011,7568,7568,7578,7025,16042939,14185420,1857519,1142467,404640,310412,168,168,0,214,214,0,24904368
2012,7568,7568,7578,6322,40698990,33205617,7493373,3302183,1464404,2726786,203,190,13,239,226,13,0
2013,7568,7568,7578,6322,40042886,32805194,7237692,3944454,1205186,2088052,190,190,0,226,226,0,728142
2014,7568,7568,7578,6998,40809510,34335921,6473589,2639429,1209550,2624610,183,183,0,213,213,0,0
2015,7568,7568,7578,6440,15584805,13365739,2219066,702448,668391,848227,4403,135,4268,4453,179,4274,1911937
2016,7568,7568,7578,6352,19578891,17023306,2555585,912117,479530,1163938,2276,181,2095,2317,218,2099,9684168
2017,7568,7568,7578,6322,39903246,31989069,7914177,3896278,1665306,2352593,347,196,151,383,231,152,0
2018,7568,7568,7578,6322,40759776,36243320,4516456,2034699,771027,1710730,192,192,0,227,227,0,0
2019,7568,7568,7578,6322,9269420,8255894,1013526,312468,216457,484601,303,190,113,339,226,113,30943437
2020,7568,7568,7578,6323,25698622,21958745,3739877,2081524,671892,986461,526,196,330,563,233,330,13244128
2021,7568,7568,7578,7006,40820562,31849568,8970994,5616203,2052123,1302668,181,181,0,214,214,0,0
2022,7568,7568,7578,6323,37090532,31622075,5468457,3084485,1105541,1278431,613,195,418,650,231,419,1345291
2023,7568,7568,7578,6336,29564100,24444180,5119920,2145143,1102963,1871814,2218,178,2040,2260,216,2044,0
2024,7568,7568,7578,7009,40820562,32826140,7994422,4534006,1350053,2110363,181,181,0,214,214,0,0
2025,7568,7568,7578,6991,25606977,20823827,4783150,3028787,1082820,671543,182,182,0,213,213,0,15242442
2026,7568,7568,7578,6323,39582738,31960780,7621958,3908969,1805524,1907465,405,196,209,438,228,210,0
2027,7568,7568,7578,7536,370242,268401,101841,643,20038,81160,7501,39,7462,7512,41,7471,0
2028,7568,7568,7578,7048,4547852,4132796,415056,43882,114664,256510,6623,110,6513,6648,129,6519,677030
2029,7568,7568,7578,6322,23492275,19896738,3595537,1936144,728128,931265,392,195,197,430,231,199,16195254
2030,7568,7568,7578,7553,243144,151291,91853,9744,23088,59021,7524,43,7481,7534,54,7480,0
2031,7568,7568,7578,6322,40759776,31233224,9526552,5246325,1858188,2422039,192,192,0,227,227,0,0
2032,7568,7568,7578,7008,36641075,31229868,5411207,3109216,998987,1303004,578,180,398,613,216,397,1986797
2033,7568,7568,7578,7025,40892400,37700100,3192300,1027674,662894,1501732,168,168,0,214,214,0,0
2034,7568,7568,7578,6323,36565542,30192067,6373475,2533522,1354724,2485229,951,190,761,990,225,765,0
2035,7568,7568,7578,6849,7830342,7347485,482857,18000,113115,351742,6151,109,6042,6173,121,6052,0
2036,7568,7568,7578,6322,40630901,33975977,6654924,4436541,1250216,968167,210,191,19,246,227,19,29407
2037,7568,7568,7578,6322,40748724,34924115,5824609,3707513,1032024,1085072,194,191,3,230,227,3,0
2038,7568,7568,7578,7025,38867803,29421838,9445965,5737875,1798868,1909222,168,168,0,213,213,0,2027614
2039,7568,7568,7578,6323,39556584,32690159,6866425,3516712,1331313,2018400,409,194,215,447,231,216,4050
2040,7568,7568,7578,6436,18981810,16002335,2979475,1037107,679152,1263216,4133,151,3982,4182,191,3991,0
2041,7568,7568,7578,7006,40792932,34437160,6355772,2718525,1370527,2266720,186,183,3,219,216,3,0
2042,7568,7568,7578,6330,25188062,20648051,4540011,2047333,948873,1543805,1608,188,1420,1652,225,1427,7763897
2043,7568,7568,7578,6370,21013418,18306439,2706979,880843,474332,1351804,3286,155,3131,3333,197,3136,2651728
2044,7568,7568,7578,6993,40809510,33212095,7597415,3557729,1778499,2261187,183,183,0,213,213,0,0
2045,7568,7568,7578,6330,28359432,25969337,2390095,877070,509770,1003255,2436,166,2270,2475,202,2273,0
2046,7568,7568,7578,6324,37261818,30244810,7017008,3929149,1287636,1800223,825,196,629,861,234,627,0
2047,7568,7568,7578,7024,33001244,26751841,6249403,2963643,1095299,2190461,164,164,0,213,213,0,7929558
2048,7568,7568,7578,6322,40748724,33196439,7552285,3344644,2175369,2032272,194,191,3,230,227,3,0
2049,7568,7568,7578,7517,591282,323294,267988,55021,82692,130275,7461,20,7441,7481,19,7462,0
2050,7568,7568,7578,6985,6542784,5836303,706481,60788,145385,500308,6384,84,6300,6411,103,6308,0
2051,7568,7568,7578,7003,27765322,21946199,5819123,3693978,1094800,1030345,182,182,0,213,213,0,13077977
2052,7568,7568,7578,7019,34966488,29791681,5174807,1700485,1153052,2321270,181,181,0,214,214,0,5864677
2053,7568,7568,7578,6331,29738944,25164811,4574133,1535688,841907,2196538,2034,188,1846,2075,224,1851,842291
2054,7568,7568,7578,6340,27806832,23698463,4108369,1775231,856830,1476308,2536,163,2373,2580,205,2375,0
2055,7568,7568,7578,6445,12870617,11702495,1168122,256547,239494,672081,4619,128,4491,4670,172,4498,3436887
2056,7568,7568,7578,7031,34846956,28848392,5998564,3334834,1105713,1558017,1262,183,1079,1293,210,1083,0
2057,7568,7568,7578,6322,40704516,32944491,7760025,5177660,1366258,1216107,202,191,11,239,227,12,0
2058,7568,7568,7578,7004,19348497,16041018,3307479,1598377,627176,1081926,180,180,0,215,215,0,21525814
2059,7568,7568,7578,6322,29346931,23931598,5415333,2933533,919848,1561952,190,190,0,226,226,0,11448312
2060,7568,7568,7578,7041,40980816,35015854,5964962,2597586,1017015,2350361,152,152,0,199,199,0,0
2061,7568,7568,7578,6322,40754250,32519920,8234330,4651176,2175521,1407633,193,193,0,228,228,0,0
2062,7568,7568,7578,7567,193410,109021,84389,23237,24474,36678,7533,16,7517,7560,12,7548,0
2063,7568,7568,7578,6323,38532798,30835004,7697794,4011449,2090734,1595611,595,201,394,635,238,397,0
2064,7568,7568,7578,7576,16578,10954,5624,4,612,5008,7565,19,7546,7575,13,7562,0
2065,7568,7568,7578,6341,28930401,23695755,5234646,2434334,1215548,1584764,2266,182,2084,2309,219,2090,368451
2066,7568,7568,7578,6323,39870090,31655618,8214472,4260851,1701005,2252616,353,196,157,388,232,156,0
2067,7568,7568,7578,7290,2934056,2627033,307023,4789,127126,175108,7037,72,6965,7027,53,6974,250
2068,7568,7568,7578,7578,0,0,0,0,0,0,7568,8,7560,7578,0,7578,0
2069,7568,7568,7578,6324,39267756,31221677,8046079,4407367,1643903,1994809,462,195,267,501,234,267,0
2070,7568,7568,7578,7578,0,0,0,0,0,0,7568,29,7539,7578,31,7547,0
2071,7568,7568,7578,6322,40544262,33208892,7335370,3731086,1553464,2050820,231,194,37,267,230,37,0
2072,7568,7568,7578,6532,15060289,13082780,1977509,479225,523863,974421,4808,120,4688,4829,137,4692,191471
2073,7568,7568,7578,7562,138150,90786,47364,4919,12271,30174,7543,23,7520,7553,28,7525,0
2074,7568,7568,7578,6340,29961972,24999543,4962429,1708264,1224316,2029849,2146,176,1970,2188,213,1975,0
2075,7568,7568,7578,7578,0,0,0,0,0,0,7568,25,7543,7578,29,7549,0
2076,7568,7568,7578,7578,0,0,0,0,0,0,7568,23,7545,7578,25,7553,0
2077,7568,7568,7578,7371,2039094,1595138,443956,27661,87590,328705,7199,77,7122,7201,71,7130,0
2078,7568,7568,7578,6322,40732146,32925733,7806413,4666028,1689705,1450680,197,194,3,231,228,3,0
2079,7568,7568,7578,6729,11002266,9794525,1207741,334240,333192,540309,5577,148,5429,5597,156,5441,0
2080,7568,7568,7578,6363,23682652,19438105,4244547,1897627,1040799,1306121,3282,161,3121,3329,201,3128,1784
2081,7568,7568,7578,6332,15849693,13285713,2563980,1102491,555409,906080,2219,172,2047,2263,211,2052,13726838
2082,7568,7568,7578,6336,31349071,26273961,5075110,2672576,1008840,1393694,1677,195,1482,1720,236,1484,1205222
2083,7568,7568,7578,6323,28651954,22333546,6318408,3878566,1196091,1243751,510,197,313,547,234,313,10373939
2084,7568,7568,7578,6323,39289860,32776314,6513546,2908517,1368134,2236895,458,196,262,496,232,264,0
2085,7568,7568,7578,7565,107614,78732,28882,3872,8330,16680,7547,51,7496,7557,57,7500,8432
2086,7568,7568,7578,6322,37364648,30874644,6490004,3107400,1279065,2103539,280,192,88,316,228,88,2909948
2087,7568,7568,7578,7578,0,0,0,0,0,0,7568,28,7540,7578,34,7544,0
2088,7568,7568,7578,7006,4374223,3986192,388031,25685,102004,260342,6412,123,6289,6439,142,6297,2022373
2089,7568,7568,7578,7104,15113610,13189612,1923998,278309,341577,1304112,4833,117,4716,4848,127,4721,0
2090,7568,7568,7578,7021,28489515,23765109,4724406,2507607,1034666,1182133,1203,184,1019,1239,215,1024,8860577
2091,7568,7568,7578,7401,1545706,1159227,386479,121135,108228,157116,7250,49,7201,7258,52,7206,211562
2092,7568,7568,7578,6337,24774787,20857574,3917213,1496635,1409106,1011472,2502,164,2338,2547,205,2342,3223871
2093,7568,7568,7578,7578,0,0,0,0,0,0,7568,1,7567,7578,3,7575,0
2094,7568,7568,7578,7578,558126,351310,206816,48016,48266,110534,7467,116,7351,7478,128,7350,0
2095,7568,7568,7578,7014,18854104,14950938,3903166,2219702,872438,811026,181,181,0,214,214,0,22015209
2096,7568,7568,7578,7576,11052,6108,4944,1121,1226,2597,7566,33,7533,7575,36,7539,0
2097,7568,7568,7578,7574,25620,14204,11416,1822,4369,5225,7562,20,7542,7571,24,7547,7536
2098,7568,7568,7578,7578,0,0,0,0,0,0,7568,8,7560,7578,14,7564,0
2099,7568,7202,7578,7192,77364,12618,0,0,0,0,7188,58,7130,7187,51,7136,0
