"Year","allMortEgg","baseMortEgg","tempMortEgg","denMortEgg","incMortEgg","superMortEgg","lostMortEgg","catMortEgg","allMortFry","baseMortFry","tempMortFry","denMortFry","habMortFry","freshMortFry","seasMortFry","catMortFry","allMortSF","allMortSM"
2010,31850497,8245663,4365474,0,7641471,5727538,5870351,0,651142,401330,9839,0,0,0,239973,0,7400,6812
2011,14185420,3273247,2041888,0,3431691,2668921,2769673,0,404640,210152,68986,0,0,0,125502,0,7400,6811
2012,33205617,11434714,5840119,0,1902708,6833224,7194852,0,1464404,682067,370890,0,0,0,411447,0,7365,6083
2013,32805194,9721191,3983049,0,4991602,6881444,7227908,0,1205186,751658,3275,0,0,0,450253,0,7378,6096
2014,34335921,11105189,7839617,0,2820379,6552922,6017814,0,1209550,606989,237323,0,0,0,365238,0,7385,6785
2015,13365739,2566548,1066625,0,539381,3469330,5723855,0,668391,272040,232039,0,0,0,164312,0,3165,1987
2016,17023306,4229520,2108540,0,1602370,3999769,5083107,0,479530,262361,60005,0,0,0,157164,0,5292,4035
2017,31989069,10641924,4148011,0,2324860,7480486,7393788,0,1665306,780635,413766,0,0,0,470905,0,7221,5939
2018,36243320,9713367,8291064,0,4324160,6620409,7294320,0,771027,438222,70028,0,0,0,262777,0,7376,6095
2019,8255894,1789784,1144765,0,413590,2224358,2683397,0,216457,97325,61094,0,0,0,58038,0,7265,5983
2020,21958745,5797348,2660854,0,3310083,4777838,5412622,0,671892,405761,23423,0,0,0,242708,0,7042,5760
2021,31849568,9513218,5626286,0,4083689,6580931,6045444,0,2052123,984032,474769,0,0,0,593322,0,7387,6792
2022,31622075,8965554,5390607,0,4226893,6084771,6954250,0,1105541,595174,152791,0,0,0,357576,0,6955,5673
2023,24444180,6809388,3773740,0,963341,5780223,7117488,0,1102963,528693,255740,0,0,0,318530,0,5350,4076
2024,32826140,10615990,3863954,0,4416117,7569653,6360426,0,1350053,844197,0,0,0,0,505856,0,7387,6795
2025,20823827,5543878,3685786,0,3507778,4124270,3962115,0,1082820,526438,239424,0,0,0,316958,0,7386,6778
2026,31960780,10275511,5881855,0,1442760,7000022,7360632,0,1805524,731331,631121,0,0,0,443072,0,7163,5885
2027,268401,161611,105635,0,1155,0,0,0,20038,10097,3928,0,0,0,6013,0,67,24
2028,4132796,556252,294814,0,90910,1546177,1644643,0,114664,51545,32517,0,0,0,30602,0,945,400
2029,19896738,4739489,2562897,0,1959888,5288355,5346109,0,728128,367765,139530,0,0,0,220833,0,7176,5892
2030,151291,98163,39929,0,13199,0,0,0,23088,11558,4810,0,0,0,6720,0,44,19
2031,31233224,11353122,3173975,0,1311300,7829733,7565094,0,1858188,946086,342641,0,0,0,569461,0,7376,6095
2032,31229868,7407243,4963510,0,5073353,6870194,6915568,0,998987,598580,41716,0,0,0,358691,0,6990,6395
2033,37700100,10455168,7516803,0,5809800,7226343,6691986,0,662894,284464,206813,0,0,0,171617,0,7400,6811
2034,30192067,9522669,4753951,0,1779184,6753527,7382736,0,1354724,602475,388259,0,0,0,363990,0,6617,5333
2035,7347485,1065243,813146,0,335389,2105459,3028248,0,113115,50382,32663,0,0,0,30070,0,1417,676
2036,33975977,7668537,4834000,0,7658699,6675149,7139592,0,1250216,749113,52070,0,0,0,449033,0,7358,6076
2037,34924115,8854218,6453448,0,6228498,6182047,7205904,0,1032024,644585,1472,0,0,0,385967,0,7374,6092
2038,29421838,10149233,2750185,0,3280949,6831121,6410350,0,1798868,1015299,173684,0,0,0,609885,0,7400,6812
2039,32690159,8964636,8405467,0,1724365,6235059,7360632,0,1331313,683568,236456,0,0,0,411289,0,7159,5876
2040,16002335,3640891,1455517,0,715165,3869018,6321744,0,679152,350115,118764,0,0,0,210273,0,3435,2254
2041,34437160,11074439,5853739,0,3369203,7536209,6603570,0,1370527,607415,396395,0,0,0,366717,0,7382,6787
2042,20648051,5784773,3059703,0,823084,4934033,6046458,0,948873,473816,189963,0,0,0,285094,0,5960,4678
2043,18306439,4176079,2169913,0,1050785,4520034,6389628,0,474332,285786,17596,0,0,0,170950,0,4282,3037
2044,33212095,10866096,6747592,0,2911251,6652764,6034392,0,1778499,733272,601276,0,0,0,443951,0,7385,6780
2045,25969337,5610508,2737262,0,4355813,6015642,7250112,0,509770,256889,98576,0,0,0,154305,0,5132,3855
2046,30244810,8737811,4486886,0,2760118,6855155,7404840,0,1287636,751131,85824,0,0,0,450681,0,6743,5463
2047,26751841,9082509,4352708,0,2112229,5750269,5454126,0,1095299,630188,87016,0,0,0,378095,0,7404,6811
2048,33196439,10868641,3606687,0,3924674,7463435,7333002,0,2175369,713645,1026154,0,0,0,435570,0,7374,6092
2049,323294,241693,78712,0,2889,0,0,0,82692,38255,21497,0,0,0,22940,0,107,36
2050,5836303,1065934,331427,0,234865,2148405,2055672,0,145385,78062,20801,0,0,0,46522,0,1184,574
2051,21946199,6402463,3520331,0,3020785,4652746,4349874,0,1094800,650513,54405,0,0,0,389882,0,7386,6790
2052,29791681,9687570,6670382,0,1332642,6285910,5815177,0,1153052,435957,452468,0,0,0,264627,0,7387,6805
2053,25164811,7137015,3356100,0,1124175,6287332,7260189,0,841907,449778,121817,0,0,0,270312,0,5534,4256
2054,23698463,5636113,2957764,0,1880506,6062384,7161696,0,856830,445582,143530,0,0,0,267718,0,5032,3760
2055,11702495,1810776,1037898,0,721471,2885518,5246832,0,239494,139388,16936,0,0,0,83170,0,2949,1775
2056,28848392,8500018,2757382,0,3674559,6749211,7167222,0,1105713,661549,47532,0,0,0,396632,0,6306,5738
2057,32944491,8671236,4660065,0,5215937,6986887,7410366,0,1366258,850128,6600,0,0,0,509530,0,7366,6083
2058,16041018,4860040,3458641,0,1676968,3050118,2995251,0,627176,344339,76574,0,0,0,206263,0,7388,6789
2059,23931598,7478756,2807739,0,2908829,5212813,5523461,0,919848,563996,18122,0,0,0,337730,0,7378,6096
2060,35015854,10699177,6978015,0,3882479,6791827,6664356,0,1017015,576217,95005,0,0,0,345793,0,7416,6842
2061,32519920,10747782,5053695,0,2477038,7002345,7239060,0,2175521,843754,819813,0,0,0,511954,0,7375,6094
2062,109021,71002,30588,0,7431,0,0,0,24474,12481,4648,0,0,0,7345,0,35,7
2063,30835004,9539140,4304072,0,1946493,7485731,7559568,0,2090734,758705,870639,0,0,0,461390,0,6973,5688
2064,10954,7353,2290,0,1311,0,0,0,612,422,0,0,0,0,190,0,3,1
2065,23695755,6276073,2473748,0,1848991,5984981,7111962,0,1215548,570932,300286,0,0,0,344330,0,5302,4032
2066,31655618,10430312,4451996,0,2015328,7286830,7471152,0,1701005,818925,388322,0,0,0,493758,0,7215,5935
2067,2627033,638352,573996,0,172441,1004626,237618,0,127126,27986,82030,0,0,0,17110,0,531,263
2068,0,0,0,0,0,0,0,0,0,0,0,0,0,0,0,0,0,0
2069,31221677,9900936,5553357,0,2314671,6324173,7128540,0,1643903,814387,339036,0,0,0,490480,0,7106,5823
2070,0,0,0,0,0,0,0,0,0,0,0,0,0,0,0,0,0,0
2071,33208892,9643408,6616732,0,3303355,6422915,7222482,0,1553464,743234,362354,0,0,0,447876,0,7337,6055
2072,13082780,2536154,1399096,0,595784,3042324,5509422,0,523863,230412,154633,0,0,0,138818,0,2760,1703
2073,90786,58685,12883,0,19218,0,0,0,12271,6149,2573,0,0,0,3549,0,25,9
2074,24999543,7413549,3200220,0,1299643,6018377,7067754,0,1224316,467518,473182,0,0,0,283616,0,5422,4152
2075,0,0,0,0,0,0,0,0,0,0,0,0,0,0,0,0,0,0
2076,0,0,0,0,0,0,0,0,0,0,0,0,0,0,0,0,0,0
2077,1595138,550941,210968,0,18887,731452,82890,0,87590,54771,246,0,0,0,32573,0,369,170
2078,32925733,9088761,5773778,0,2826149,7589061,7647984,0,1689705,789173,424445,0,0,0,476087,0,7371,6091
2079,9794525,1861889,1000109,0,857067,2163052,3912408,0,333192,147759,96632,0,0,0,88801,0,1991,1132
2080,19438105,4850604,2105186,0,827480,4780491,6874344,0,1040799,491483,253190,0,0,0,296126,0,4286,3034
2081,13285713,3147953,1506880,0,690747,3583352,4356781,0,555409,282249,103621,0,0,0,169539,0,5349,4069
2082,26273961,6693171,2990650,0,3169281,6201408,7219451,0,1008840,557898,115999,0,0,0,334943,0,5891,4616
2083,22333546,6577594,3417923,0,1629317,5090262,5618450,0,1196091,677290,112504,0,0,0,406297,0,7058,5776
2084,32776314,9950277,6520308,0,2109975,6857226,7338528,0,1368134,625929,364619,0,0,0,377586,0,7110,5827
2085,78732,40607,21253,0,16872,0,0,0,8330,3769,2602,0,0,0,1959,0,21,8
2086,30874644,9710947,5896072,0,936524,6924241,7406860,0,1279065,613585,295805,0,0,0,369675,0,7288,6006
2087,0,0,0,0,0,0,0,0,0,0,0,0,0,0,0,0,0,0
2088,3986192,640141,437499,0,222378,1372782,1313392,0,102004,41786,35343,0,0,0,24875,0,1156,567
2089,13189612,3080535,1140250,0,462201,3411654,5094972,0,341577,213839,0,0,0,0,127738,0,2735,2256
2090,23765109,5827804,3304176,0,1886854,6017133,6729142,0,1034666,514901,210005,0,0,0,309760,0,6365,5782
2091,1159227,367913,232986,0,97214,461114,0,0,108228,57304,16938,0,0,0,33986,0,318,143
2092,20857574,5226970,3463701,0,754316,4876826,6535761,0,1409106,391130,777689,0,0,0,240287,0,5066,3790
2093,0,0,0,0,0,0,0,0,0,0,0,0,0,0,0,0,0,0
2094,351310,211493,92354,0,47463,0,0,0,48266,29670,1294,0,0,0,17302,0,101,100
2095,14950938,4532519,2465281,0,1806521,3178815,2967802,0,872438,426501,189402,0,0,0,256535,0,7387,6800
2096,6108,4436,1672,0,0,0,0,0,1226,306,762,0,0,0,158,0,2,1
2097,14204,10704,2695,0,805,0,0,0,4369,1161,2759,0,0,0,449,0,6,3
2098,0,0,0,0,0,0,0,0,0,0,0,0,0,0,0,0,0,0
2099,12618,2854,9570,0,194,0,0,0,0,0,0,0,0,0,0,0,14,5
