"Year","AFem","AFemDeath","AMal","AMalDeath","Eggs","EggsDeath","FryGrad","FryExit","FryDeath","FryInStr","allMortAF","baseMortAF","tempMortAF","allMortAM","baseMortAM","tempMortAM","InVivo","Year","allMortEgg","baseMortEgg","tempMortEgg","denMortEgg","incMortEgg","superMortEgg","lostMortEgg","catMortEgg","allMortFry","baseMortFry","tempMortFry","denMortFry","habMortFry","freshMortFry","seasMortFry","catMortFry","allMortSF","allMortSM"
2010,7568,7568,7578,6322,39971724,32619855,7351869,4012862,1208294,2130713,304,196,108,339,231,108,169140,2010,32619855,9658005,4040019,0,3797683,7481690,7642458,0,1208294,753085,4083,0,0,0,451126,0,7264,5983
2011,7568,7568,7578,6313,40776354,34354336,6422018,3637652,1086342,1698024,189,189,0,227,227,0,0,2011,34354336,10626403,3378580,0,4790403,7971752,7587198,0,1086342,677968,2250,0,0,0,406124,0,7379,6086
2012,7568,7568,7578,6266,40212809,32598394,7614415,3964654,1515296,2134465,182,182,0,226,226,0,602427,2012,32598394,10422925,6407800,0,1860076,6729319,7178274,0,1515296,733566,339829,0,0,0,441901,0,7386,6040
2013,7568,7568,7578,6322,40295592,33184658,7110934,2916218,2035781,2158935,276,194,82,311,229,82,0,2013,33184658,11021117,5904606,0,1513241,7307698,7437996,0,2035781,623327,1031041,0,0,0,381413,0,7292,6011
2014,7568,7568,7578,7576,16578,9763,6815,109,1635,5071,7565,25,7540,7575,23,7552,0,2014,9763,7216,1396,0,1151,0,0,0,1635,550,857,0,0,0,228,0,3,1
2015,7568,7568,7578,6322,39925350,35016740,4908610,2218580,842459,1847571,343,196,147,379,232,147,0,2015,35016740,10299689,4428639,0,4251277,8333891,7703244,0,842459,483144,69590,0,0,0,289725,0,7225,5943
2016,7568,7568,7578,6323,478884,457525,21359,11893,2540,6926,693,206,487,729,242,487,37609896,2016,457525,42747,99219,0,24364,125127,166068,0,2540,1323,605,0,0,0,612,0,6875,5594
2017,7568,7568,7578,6322,40770828,34413757,6357071,3999042,1261445,1096584,190,190,0,226,226,0,0,2017,34413757,9435998,4388810,0,6109047,6997698,7482204,0,1261445,703253,135911,0,0,0,422281,0,7378,6096
2018,7568,7568,7578,6322,40770828,33493911,7276917,4068295,1614693,1593929,190,190,0,226,226,0,0,2018,33493911,10069117,4607764,0,3863410,7421682,7531938,0,1614693,753292,407063,0,0,0,454338,0,7378,6096
2019,7568,7568,7578,6346,24120990,19997426,4123564,1629023,1005974,1488567,3203,156,3047,3250,198,3052,0,2019,19997426,5089802,2211942,0,599756,5039224,7056702,0,1005974,451520,281953,0,0,0,272501,0,4365,3096
2020,7568,7568,7578,7332,2249082,1894821,354261,33344,86547,234370,7161,57,7104,7160,47,7113,0,2020,1894821,460096,166511,0,134200,984812,149202,0,86547,45520,14175,0,0,0,26852,0,407,172
2021,7568,7568,7578,6322,40671360,34461527,6209833,2012085,1301898,2895850,208,193,15,243,228,15,0,2021,34461527,11613890,6021897,0,1930419,7529163,7366158,0,1301898,500005,498569,0,0,0,303324,0,7360,6079
2022,7568,7568,7578,6574,12820320,11225209,1595111,460072,394722,740317,5248,126,5122,5270,142,5128,0,2022,11225209,1861634,749007,0,493136,2750160,5371272,0,394722,203957,68545,0,0,0,122220,0,2320,1304
2023,7568,7568,7578,6271,36092507,29873330,6219177,3052598,1006978,2159601,183,183,0,227,227,0,4724741,2023,29873330,9446089,5471494,0,1578765,6486093,6890889,0,1006978,596965,52085,0,0,0,357928,0,7385,6044
2024,7568,7568,7578,6328,32476302,29265780,3210522,1021658,618441,1570423,1691,190,1501,1731,227,1504,0,2024,29265780,7307168,4826444,0,2730430,6941638,7460100,0,618441,280052,169465,0,0,0,168924,0,5877,4597
2025,7568,7568,7578,6279,10309801,8633902,1675899,686881,369763,619255,1277,184,1093,1319,225,1094,24516276,2025,8633902,2156353,750139,0,264367,2384788,3078255,0,369763,180989,80382,0,0,0,108392,0,6291,4960
2026,7568,7568,7578,6322,39709836,32327980,7381856,3769184,1463678,2148994,382,194,188,418,230,188,0,2026,32327980,9928377,3227437,0,2856703,8568011,7747452,0,1463678,733689,288322,0,0,0,441667,0,7186,5904
2027,7568,7568,7578,6322,40715568,31108104,9607464,5537285,1911621,2158558,200,191,9,237,227,10,0,2027,31108104,11019056,3663133,0,582269,8156980,7686666,0,1911621,965229,365168,0,0,0,581224,0,7368,6085
2028,7568,7568,7578,6859,8101116,7229192,871924,46587,232614,592723,6102,106,5996,6127,122,6005,0,2028,7229192,1378153,648834,0,2092,2171865,3028248,0,232614,88538,90771,0,0,0,53305,0,1466,732
2029,7568,7568,7578,6818,8581878,7901508,680370,32242,161587,486541,6015,95,5920,6033,105,5928,0,2029,7901508,1256628,642733,0,322285,2165326,3514536,0,161587,66531,55167,0,0,0,39889,0,1553,785
2030,7568,7568,7578,7578,0,0,0,0,0,0,7568,10,7558,7578,13,7565,0,2030,0,0,0,0,0,0,0,0,0,0,0,0,0,0,0,0,0,0
2031,7568,7568,7578,6322,40770828,31497971,9272857,5407011,1636207,2229639,190,190,0,226,226,0,0,2031,31497971,10611027,4265551,0,1584122,7527437,7509834,0,1636207,942292,128291,0,0,0,565624,0,7378,6096
2032,7568,7568,7578,6345,24994098,21526566,3467532,1028220,776627,1662685,3045,158,2887,3091,198,2893,0,2032,21526566,5776362,3014261,0,399374,5268815,7067754,0,776627,337171,235870,0,0,0,203586,0,4523,3254
2033,7568,7568,7578,7250,3082279,2726574,355705,41585,82307,231813,7010,72,6938,7019,74,6945,1229,2033,2726574,471858,399827,0,126045,1231504,497340,0,82307,46621,8115,0,0,0,27571,0,558,231
2034,7568,7568,7578,6317,35173867,28380200,6793667,3556882,1505452,1731333,392,196,196,429,233,196,4488047,2034,28380200,8593953,4912718,0,888961,6921213,7063355,0,1505452,674151,424264,0,0,0,407037,0,7176,5888
2035,7568,7568,7578,7569,71838,39447,32391,5674,9183,17534,7555,54,7501,7565,62,7503,0,2035,39447,29688,7992,0,1767,0,0,0,9183,4472,2240,0,0,0,2471,0,13,4
2036,7568,7568,7578,6347,17118309,14806403,2311906,871377,541355,899174,2897,153,2744,2942,193,2749,8717151,2036,14806403,3345758,1153007,0,1132472,4049318,5125848,0,541355,244043,150419,0,0,0,146893,0,4671,3405
2037,7568,7568,7578,6322,28454684,22579225,5875459,3094169,1064825,1716465,193,192,1,228,227,1,12326244,2037,22579225,7320367,2792730,0,994411,5796094,5675623,0,1064825,591386,118432,0,0,0,355007,0,7375,6094
2038,7568,7568,7578,6344,25955316,21120604,4834712,2323718,1028167,1482827,2871,164,2707,2917,205,2712,306,2038,21120604,5556261,2424676,0,455310,5517135,7167222,0,1028167,542073,160218,0,0,0,325876,0,4697,3427
2039,7568,7568,7578,6368,17912755,15788393,2124362,815021,426377,882964,4129,142,3987,4175,184,3991,1094798,2039,15788393,2748663,1426558,0,1088657,3893765,6630750,0,426377,261911,8076,0,0,0,156390,0,3439,2193
2040,7568,7568,7578,6322,40350852,32399769,7951083,4017334,1858775,2074974,266,194,72,302,230,72,0,2040,32399769,10998606,4499733,0,1469099,7729087,7703244,0,1858775,778817,608793,0,0,0,471165,0,7302,6020
2041,7568,7568,7578,6553,7832313,6858267,974046,409773,223157,341116,4982,160,4822,5008,180,4828,6484444,2041,6858267,1076822,640047,0,383656,1692582,3065160,0,223157,130749,14632,0,0,0,77776,0,2586,1545
2042,7568,7568,7578,6322,40500054,31763043,8737011,4943993,1913257,1879761,239,196,43,275,232,43,0,2042,31763043,10816629,4753849,0,2218005,6785234,7189326,0,1913257,878850,503949,0,0,0,530458,0,7329,6047
2043,7568,7568,7578,6547,13256874,11702030,1554844,263723,449675,841446,5169,121,5048,5190,138,5052,0,2043,11702030,2014974,937635,0,335398,2998543,5415480,0,449675,185625,151973,0,0,0,112077,0,2399,1357
2044,7568,7568,7578,7568,77568,49377,28191,2089,7276,18826,7552,51,7501,7563,57,7506,10848,2044,49377,31686,10120,0,7571,0,0,0,7276,3431,2050,0,0,0,1795,0,16,5
2045,7568,7568,7578,7576,5326,3964,1362,76,189,1097,7566,34,7532,7575,39,7536,5726,2045,3964,1942,1288,0,734,0,0,0,189,68,87,0,0,0,34,0,2,1
2046,7568,7568,7578,6338,18181254,15990408,2190846,961240,506222,723384,3858,155,3703,3909,201,3708,2327158,2046,15990408,2560277,1924932,0,1285263,3647766,6572170,0,506222,269314,75517,0,0,0,161391,0,3710,2429
2047,7568,7568,7578,6304,9140679,8583801,556878,199692,115580,241606,3364,157,3207,3408,197,3211,14140080,2047,8583801,1355323,1402493,0,813321,1948680,3063984,0,115580,61230,18184,0,0,0,36166,0,4204,2896
2048,7568,7568,7578,6270,40654782,34555018,6099764,2633535,1319078,2147151,211,182,29,255,226,29,0,2048,34555018,10840683,7044094,0,1051465,7926584,7692192,0,1319078,542526,448274,0,0,0,328278,0,7357,6015
2049,7568,7568,7578,7578,0,0,0,0,0,0,7568,36,7532,7578,40,7538,0,2049,0,0,0,0,0,0,0,0,0,0,0,0,0,0,0,0,0,0
2050,7568,7568,7578,7578,0,0,0,0,0,0,7568,15,7553,7578,3,7575,0,2050,0,0,0,0,0,0,0,0,0,0,0,0,0,0,0,0,0,0
2051,7568,7568,7578,6323,37496836,30978854,6517982,3388739,1576363,1552880,782,194,588,817,226,591,2600,2051,30978854,8842883,3131095,0,4132452,7274174,7598250,0,1576363,678803,487125,0,0,0,410435,0,6786,5506
2052,7568,7568,7578,6586,8877384,7729375,1148009,384552,294026,469431,5305,112,5193,5333,133,5200,3643524,2052,7729375,1280490,578953,0,323408,1982362,3564162,0,294026,150850,52894,0,0,0,90282,0,2263,1253
2053,7568,7568,7578,6403,19556514,16256430,3300084,1315015,688489,1296580,4029,156,3873,4081,202,3879,0,2053,16256430,3692126,1400521,0,185961,4208472,6769350,0,688489,395708,55643,0,0,0,237138,0,3539,2322
2054,7568,7568,7578,7089,8592883,7641716,951167,158954,223318,568895,4808,128,4680,4834,142,4692,6681737,2054,7641716,1493958,921250,0,345590,1935758,2945160,0,223318,101713,60755,0,0,0,60850,0,2760,2255
2055,7568,7568,7578,6390,18346320,15591325,2754995,950239,728728,1076028,4248,155,4093,4297,202,4095,0,2055,15591325,3096568,1546128,0,224963,3915634,6808032,0,728728,338728,185975,0,0,0,204025,0,3320,2093
2056,7568,7568,7578,6494,17130050,14874605,2255445,776248,521116,958081,4468,153,4315,4498,176,4322,550,2056,14874605,2829751,1566806,0,1038658,3515518,5923872,0,521116,263036,100073,0,0,0,158007,0,3100,1996
2057,7568,7568,7578,6687,10062846,8991007,1071839,191718,304572,575549,5747,106,5641,5768,120,5648,0,2057,8991007,1315767,545453,0,409105,2321986,4398696,0,304572,137903,83745,0,0,0,82924,0,1821,919
2058,7568,7568,7578,7573,29491,19124,10367,2299,3583,4485,7561,35,7526,7570,39,7531,9191,2058,19124,9857,7631,0,1636,0,0,0,3583,1014,2205,0,0,0,364,0,7,3
2059,7568,7568,7578,7578,0,0,0,0,0,0,7568,8,7560,7578,12,7566,0,2059,0,0,0,0,0,0,0,0,0,0,0,0,0,0,0,0,0,0
2060,7568,7568,7578,7578,0,0,0,0,0,0,7568,24,7544,7578,25,7553,0,2060,0,0,0,0,0,0,0,0,0,0,0,0,0,0,0,0,0,0
2061,7568,7568,7578,6342,12303775,10465370,1838405,1035403,452247,350755,2475,176,2299,2516,213,2303,15884528,2061,10465370,1978361,1852320,0,884704,2438725,3311260,0,452247,212903,111616,0,0,0,127728,0,5093,3826
2062,7568,7568,7578,6480,15750798,13591290,2159508,638608,488819,1032081,4711,124,4587,4744,150,4594,36984,2062,13591290,2686904,1153633,0,460828,3515255,5774670,0,488819,255514,79942,0,0,0,153363,0,2857,1736
2063,7568,7568,7578,7314,2630376,2074751,555625,76581,154066,324978,7092,70,7022,7089,60,7029,0,2063,2074751,630860,260765,0,47678,980720,154728,0,154066,72703,37868,0,0,0,43495,0,476,225
2064,7568,7568,7578,6335,24413128,19850878,4562250,2516209,1434608,611433,2281,177,2104,2325,217,2108,4814369,2064,19850878,4737120,2467663,0,1212290,5179818,6253987,0,1434608,503750,624327,0,0,0,306531,0,5287,4010
2065,7568,7568,7578,7578,0,0,0,0,0,0,7568,20,7548,7578,13,7565,0,2065,0,0,0,0,0,0,0,0,0,0,0,0,0,0,0,0,0,0
2066,7568,7568,7578,7569,44083,22986,21097,6537,6124,8436,7555,42,7513,7564,43,7521,27755,2066,22986,16604,5844,0,538,0,0,0,6124,2964,1906,0,0,0,1254,0,13,5
2067,7568,7568,7578,7528,609403,354505,254898,70736,70921,113241,7390,46,7344,7401,50,7351,374225,2067,354505,217044,86044,0,48068,3349,0,0,70921,37320,11457,0,0,0,22144,0,178,127
2068,7568,7568,7578,6583,12125108,10764931,1360177,625525,377448,357204,5285,133,5152,5311,152,5159,492260,2068,10764931,1375207,1436275,0,600075,2440624,4912750,0,377448,194570,66365,0,0,0,116513,0,2283,1272
2069,7568,7568,7578,6538,6033051,5480400,552651,103281,183591,265779,4958,124,4834,4983,140,4843,8416887,2069,5480400,857406,779996,0,192917,1285783,2364298,0,183591,61437,85276,0,0,0,36878,0,2610,1555
2070,7568,7568,7578,7578,0,0,0,0,0,0,7568,28,7540,7578,31,7547,0,2070,0,0,0,0,0,0,0,0,0,0,0,0,0,0,0,0,0,0
2071,7568,7568,7578,7372,857539,645387,212152,49631,65689,96832,7199,56,7143,7200,50,7150,1184745,2071,645387,212847,142923,0,2968,277305,9344,0,65689,29675,18750,0,0,0,17264,0,369,172
2072,7568,7568,7578,7578,4873,3076,1797,140,725,932,7567,5,7562,7578,5,7573,653,2072,3076,1850,685,0,541,0,0,0,725,111,557,0,0,0,57,0,1,0
2073,7568,7568,7578,7578,0,0,0,0,0,0,7568,0,7568,7578,0,7578,0,2073,0,0,0,0,0,0,0,0,0,0,0,0,0,0,0,0,0,0
2074,7568,7568,7578,7575,25995,16099,9896,1649,2839,5408,7563,50,7513,7574,56,7518,1635,2074,16099,9057,4110,0,2932,0,0,0,2839,963,1522,0,0,0,354,0,5,1
2075,7568,7568,7578,7578,0,0,0,0,0,0,7568,10,7558,7578,15,7563,0,2075,0,0,0,0,0,0,0,0,0,0,0,0,0,0,0,0,0,0
2076,7568,7568,7578,7578,0,0,0,0,0,0,7568,9,7559,7578,12,7566,0,2076,0,0,0,0,0,0,0,0,0,0,0,0,0,0,0,0,0,0
2077,7568,7568,7578,7578,0,0,0,0,0,0,7568,21,7547,7578,25,7553,0,2077,0,0,0,0,0,0,0,0,0,0,0,0,0,0,0,0,0,0
2078,7568,7568,7578,7578,0,0,0,0,0,0,7568,28,7540,7578,32,7546,0,2078,0,0,0,0,0,0,0,0,0,0,0,0,0,0,0,0,0,0
2079,7568,7568,7578,7578,0,0,0,0,0,0,7568,9,7559,7578,11,7567,0,2079,0,0,0,0,0,0,0,0,0,0,0,0,0,0,0,0,0,0
2080,7568,7568,7578,7534,71280,46045,25235,8649,7431,9155,7501,34,7467,7509,36,7473,298962,2080,46045,21171,19700,0,5174,0,0,0,7431,3622,2194,0,0,0,1615,0,67,25
2081,7568,7568,7578,7385,1140794,869154,271640,66676,81719,123245,7243,64,7179,7246,59,7187,655282,2081,869154,274142,147408,0,43376,404228,0,0,81719,38622,20368,0,0,0,22729,0,325,139
2082,7568,7568,7578,7244,5864583,5312641,551942,235897,169090,146955,6139,97,6042,6157,109,6048,2036197,2082,5312641,738359,644762,0,751859,1601411,1576250,0,169090,82925,36786,0,0,0,49379,0,1429,1087
2083,7568,7568,7578,6823,5866787,5044129,822658,260864,236232,325562,6055,91,5964,6081,106,5975,2505482,2083,5044129,819231,522863,0,157455,1438467,2106113,0,236232,115774,51213,0,0,0,69245,0,1513,742
2084,7568,7568,7578,7507,328533,175246,153287,65326,49666,38295,7453,48,7405,7462,47,7415,306957,2084,175246,105964,61864,0,7418,0,0,0,49666,23724,11867,0,0,0,14075,0,115,45
2085,7568,7568,7578,7535,175899,108069,67830,26581,24934,16315,7497,39,7458,7506,43,7463,216447,2085,108069,51765,40246,0,16058,0,0,0,24934,10111,8842,0,0,0,5981,0,71,29
2086,7568,7568,7578,7578,0,0,0,0,0,0,7568,2,7566,7578,3,7575,0,2086,0,0,0,0,0,0,0,0,0,0,0,0,0,0,0,0,0,0
2087,7568,7568,7578,7578,0,0,0,0,0,0,7568,15,7553,7578,17,7561,0,2087,0,0,0,0,0,0,0,0,0,0,0,0,0,0,0,0,0,0
2088,7568,7568,7578,7578,0,0,0,0,0,0,7568,33,7535,7578,39,7539,0,2088,0,0,0,0,0,0,0,0,0,0,0,0,0,0,0,0,0,0
2089,7568,7568,7578,7578,0,0,0,0,0,0,7568,40,7528,7578,42,7536,0,2089,0,0,0,0,0,0,0,0,0,0,0,0,0,0,0,0,0,0
2090,7568,7568,7578,7576,13833,8517,5316,237,1116,3963,7565,35,7530,7575,41,7534,2745,2090,8517,6011,1220,0,1286,0,0,0,1116,467,469,0,0,0,180,0,3,1
2091,7568,7568,7578,7265,884762,712671,172091,60104,54970,57017,6965,90,6875,6981,100,6881,2459447,2091,712671,159825,128593,0,39909,307228,77116,0,54970,24498,16299,0,0,0,14173,0,603,284
2092,7568,7568,7578,7578,718,439,279,58,51,170,7567,21,7546,7578,26,7552,4808,2092,439,281,116,0,42,0,0,0,51,10,36,0,0,0,5,0,1,0
2093,7568,7568,7578,7578,0,0,0,0,0,0,7568,4,7564,7578,7,7571,0,2093,0,0,0,0,0,0,0,0,0,0,0,0,0,0,0,0,0,0
2094,7568,7568,7578,7578,0,0,0,0,0,0,7568,30,7538,7578,35,7543,0,2094,0,0,0,0,0,0,0,0,0,0,0,0,0,0,0,0,0,0
2095,7568,7568,7578,7184,3517988,3131887,386101,44617,133238,208246,6863,79,6784,6896,105,6791,379950,2095,0,0,0,0,0,0,0,0,0,0,0,0,0,0,0,0,0,0
2096,7568,7568,7578,7578,0,0,0,0,0,0,7568,12,7556,7578,15,7563,0,2096,0,0,0,0,0,0,0,0,0,0,0,0,0,0,0,0,0,0
2097,7568,7568,7578,7578,0,0,0,0,0,0,7568,6,7562,7578,13,7565,0,2097,0,0,0,0,0,0,0,0,0,0,0,0,0,0,0,0,0,0
2098,7568,7568,7578,7578,0,0,0,0,0,0,7568,25,7543,7578,30,7548,0,2098,3131887,519734,469731,0,115256,1337304,689862,0,133238,48840,55167,0,0,0,29231,0,705,288
2099,7568,7568,7578,7578,0,0,0,0,0,0,7568,1,7567,7578,3,7575,0,2099,0,0,0,0,0,0,0,0,0,0,0,0,0,0,0,0,0,0
