"Year","allMortEgg","baseMortEgg","tempMortEgg","denMortEgg","incMortEgg","superMortEgg","lostMortEgg","catMortEgg","allMortFry","baseMortFry","tempMortFry","denMortFry","habMortFry","freshMortFry","seasMortFry","catMortFry","allMortSF","allMortSM"
2010,15146875,2069642,1529179,0,883782,3741472,6922800,0,405970,223664,48519,0,0,0,133787,0,3165,1906
2011,25641348,7391464,2389462,0,2240150,6713117,6907155,0,1023826,640320,0,0,0,0,383506,0,6608,5323
2012,15214313,2625211,1518676,0,84605,3895963,7089858,0,564432,194353,251980,0,0,0,118099,0,3078,1757
2013,25697519,8036447,3297882,0,1279261,6357818,6726111,0,1201631,705473,73051,0,0,0,423107,0,6889,5605
2014,20605168,6211129,2040699,0,1918030,5036752,5398558,0,737980,456722,8064,0,0,0,273194,0,7098,5815
2015,33689792,10521762,4008930,0,4257250,7419646,7482204,0,1182646,728856,17085,0,0,0,436705,0,7361,6069
2016,10019494,2009993,1154279,0,1835622,2284318,2735282,0,180795,106233,11667,0,0,0,62895,0,7335,5994
2017,27150623,7852415,4084255,0,611502,7131299,7471152,0,1013576,445908,298172,0,0,0,269496,0,5784,4436
2018,12759776,2004716,723665,0,102617,3523554,6405224,0,295751,184929,363,0,0,0,110459,0,2919,1651
2019,31800588,8992067,5956362,0,2211631,7152798,7487730,0,809795,408405,155762,0,0,0,245628,0,6550,5222
2020,33806928,7521833,2906327,0,8556130,7362538,7460100,0,493678,289370,31157,0,0,0,173151,0,6614,5322
2021,23758035,6524606,4587487,0,1048932,5479860,6117150,0,986654,553926,100467,0,0,0,332261,0,6803,5512
2022,19056868,4695003,1834207,0,2542760,4760897,5224001,0,798750,492811,11039,0,0,0,294900,0,6971,5625
2023,34275840,8470639,3223904,0,7654330,7444763,7482204,0,534475,297247,59157,0,0,0,178071,0,6682,5382
2024,22788745,2857013,1361896,0,6309548,5560890,6699398,0,31478,18413,2724,0,0,0,10341,0,4773,3484
2025,24517568,5011913,3029607,0,3590996,5783390,7101662,0,756378,427440,72747,0,0,0,256191,0,5630,4297
2026,11391904,2095100,1024367,0,94755,3315668,4862014,0,301570,163151,40948,0,0,0,97471,0,3505,2220
2027,13814590,2208549,1350009,0,8510,3655004,6592518,0,238660,95026,86349,0,0,0,57285,0,2695,1492
2028,46953,31915,10022,0,5016,0,0,0,5352,2626,1332,0,0,0,1394,0,13,5
2029,9165822,1154826,368679,0,190595,2489374,4962348,0,151967,79391,25240,0,0,0,47336,0,1789,811
2030,18458503,4809972,2364320,0,478888,4866439,5938884,0,758864,397136,123068,0,0,0,238660,0,5247,3960
2031,31007800,9321916,4945347,0,1525087,7556414,7659036,0,1699030,757309,484405,0,0,0,457316,0,6940,5609
2032,16672574,3022122,1143109,0,341387,4938248,7227708,0,527386,324219,9364,0,0,0,193803,0,3511,2234
2033,30291820,9209816,5418868,0,956236,7202592,7504308,0,1531863,676837,446252,0,0,0,408774,0,6692,5395
2034,12088170,1942024,1018525,0,567519,3205408,5354694,0,328463,183257,35586,0,0,0,109620,0,2447,1423
2035,25906517,7435861,2904952,0,997886,7096666,7471152,0,1264563,625439,262485,0,0,0,376639,0,5754,4418
2036,33597498,9680554,7927140,0,838751,7497543,7653510,0,977267,521571,142243,0,0,0,313453,0,7127,5847
2037,12684373,2034615,911719,0,495226,3382117,5860696,0,260339,126120,58603,0,0,0,75616,0,3113,1858
2038,24177451,6543657,2646323,0,839102,6671691,7476678,0,1080294,553138,194354,0,0,0,332802,0,5308,4005
2039,18810832,4445245,1242447,0,278438,5456440,7388262,0,832667,453507,106950,0,0,0,272210,0,4089,2766
2040,14893603,3002243,1846572,0,380727,3908672,5755389,0,478735,196759,163249,0,0,0,118727,0,4043,2767
2041,22053390,4663722,2259570,0,1530658,5918300,7681140,0,690002,283114,235699,0,0,0,171189,0,4502,3226
2042,328830,251820,74913,0,2097,0,0,0,53913,31589,3647,0,0,0,18677,0,103,40
2043,13059208,2015515,739097,0,436408,3463554,6404634,0,475235,194261,163709,0,0,0,117265,0,2645,1476
2044,754700,335358,153102,0,110427,155813,0,0,64672,26123,23082,0,0,0,15467,0,186,75
2045,0,0,0,0,0,0,0,0,0,0,0,0,0,0,0,0,0,0
2046,5200043,519842,527701,0,229869,1441457,2481174,0,64379,24072,26078,0,0,0,14229,0,987,430
2047,6992153,687894,477719,0,172995,1785345,3868200,0,99197,39531,35973,0,0,0,23693,0,1334,560
2048,13815150,1555158,857769,0,711854,3688927,7001442,0,286747,124788,86923,0,0,0,75036,0,2689,1449
2049,20505454,4360652,1321908,0,1457812,5960242,7404840,0,578398,320730,65360,0,0,0,192308,0,4225,2941
2050,30604093,6926784,4398247,0,5156062,6592998,7530002,0,877304,439996,172738,0,0,0,264570,0,6389,5101
2051,25989749,6852590,3930816,0,1400975,6378424,7426944,0,993505,482206,220822,0,0,0,290477,0,5513,4230
2052,18178342,3446346,1349814,0,865888,5128032,7388262,0,574783,355537,6545,0,0,0,212701,0,3796,2510
2053,14157368,2192210,1346089,0,15883,3662530,6940656,0,331322,158389,77832,0,0,0,95101,0,2825,1559
2054,3294,2209,627,0,458,0,0,0,209,138,0,0,0,0,71,0,1,0
2055,20556143,4088681,2004453,0,2031303,5522197,6909509,0,582371,301046,100645,0,0,0,180680,0,4754,3446
2056,22959552,6412841,3259326,0,701046,6051190,6535149,0,1140825,440091,433775,0,0,0,266959,0,5921,4634
2057,11643828,1694415,1293474,0,58735,2983512,5613692,0,406384,110302,228741,0,0,0,67341,0,2948,1689
2058,1355780,381703,280753,0,96838,585434,11052,0,39130,19858,7399,0,0,0,11873,0,282,108
2059,0,0,0,0,0,0,0,0,0,0,0,0,0,0,0,0,0,0
2060,0,0,0,0,0,0,0,0,0,0,0,0,0,0,0,0,0,0
2061,0,0,0,0,0,0,0,0,0,0,0,0,0,0,0,0,0,0
2062,0,0,0,0,0,0,0,0,0,0,0,0,0,0,0,0,0,0
2063,368234,228602,70912,0,68720,0,0,0,45139,24478,6118,0,0,0,14543,0,102,39
2064,53764,13011,5364,0,35389,0,0,0,403,79,287,0,0,0,37,0,13,5
2065,11474290,1522855,1165328,0,98056,2904115,5783936,0,273540,119731,81948,0,0,0,71861,0,2706,1476
2066,0,0,0,0,0,0,0,0,0,0,0,0,0,0,0,0,0,0
2067,27233267,6892917,3411852,0,1832006,7465086,7631406,0,1402338,528123,553693,0,0,0,320522,0,5842,4559
2068,0,0,0,0,0,0,0,0,0,0,0,0,0,0,0,0,0,0
2069,0,0,0,0,0,0,0,0,0,0,0,0,0,0,0,0,0,0
2070,0,0,0,0,0,0,0,0,0,0,0,0,0,0,0,0,0,0
2071,287445,163388,108853,0,15204,0,0,0,48820,16212,22845,0,0,0,9763,0,105,39
2072,0,0,0,0,0,0,0,0,0,0,0,0,0,0,0,0,0,0
2073,1323540,340934,345431,0,86832,550343,0,0,93577,40776,28277,0,0,0,24524,0,306,117
2074,47284,31413,12222,0,3649,0,0,0,12290,4846,4750,0,0,0,2694,0,15,5
2075,14328,8012,5435,0,881,0,0,0,2649,1005,1276,0,0,0,368,0,8,4
2076,3257918,368784,231260,0,179882,1039972,1438020,0,84853,35260,28784,0,0,0,20809,0,1330,605
2077,1510390,200728,154913,0,2462,659947,492340,0,45735,23906,7885,0,0,0,13944,0,810,312
2078,1505629,154142,138251,0,0,426456,786780,0,23758,10244,7698,0,0,0,5816,0,2739,1485
2079,1865502,262101,271062,0,128654,859588,344097,0,43143,17779,15114,0,0,0,10250,0,622,247
2080,875339,404431,269418,0,0,201490,0,0,99399,31497,48831,0,0,0,19071,0,210,81
2081,0,0,0,0,0,0,0,0,0,0,0,0,0,0,0,0,0,0
2082,0,0,0,0,0,0,0,0,0,0,0,0,0,0,0,0,0,0
2083,0,0,0,0,0,0,0,0,0,0,0,0,0,0,0,0,0,0
2084,6744428,832028,578111,0,95828,1629254,3609207,0,190432,108808,16798,0,0,0,64826,0,2033,1001
2085,6845432,897433,862961,0,0,1732418,3352620,0,213204,61193,114724,0,0,0,37287,0,1576,729
2086,0,0,0,0,0,0,0,0,0,0,0,0,0,0,0,0,0,0
2087,0,0,0,0,0,0,0,0,0,0,0,0,0,0,0,0,0,0
2088,598740,315655,178874,0,8735,95476,0,0,154388,59822,58524,0,0,0,36042,0,181,69
2089,0,0,0,0,0,0,0,0,0,0,0,0,0,0,0,0,0,0
2090,0,0,0,0,0,0,0,0,0,0,0,0,0,0,0,0,0,0
2091,6116970,549928,391725,0,92135,1998287,3084895,0,113357,45283,41106,0,0,0,26968,0,1272,502
2092,958705,284858,199673,0,22568,451606,0,0,90617,45707,17835,0,0,0,27075,0,310,125
2093,1293033,236859,256408,0,1064,610492,188210,0,80280,35049,24193,0,0,0,21038,0,478,183
2094,0,0,0,0,0,0,0,0,0,0,0,0,0,0,0,0,0,0
2095,0,0,0,0,0,0,0,0,0,0,0,0,0,0,0,0,0,0
2096,0,0,0,0,0,0,0,0,0,0,0,0,0,0,0,0,0,0
2097,0,0,0,0,0,0,0,0,0,0,0,0,0,0,0,0,0,0
2098,0,0,0,0,0,0,0,0,0,0,0,0,0,0,0,0,0,0
2099,60445,8651,51794,0,0,0,0,0,0,0,0,0,0,0,0,0,43,16
