"Year","allMortEgg","baseMortEgg","tempMortEgg","denMortEgg","incMortEgg","superMortEgg","lostMortEgg","catMortEgg","allMortFry","baseMortFry","tempMortFry","denMortFry","habMortFry","freshMortFry","seasMortFry","catMortFry","allMortSF","allMortSM"
2010,15622837,2289739,1521426,0,809105,4067437,6935130,0,132581,79180,6258,0,0,0,47143,0,2993,1746
2011,13887187,1990267,886388,0,305029,3687483,7018020,0,347922,178237,62832,0,0,0,106853,0,2766,1500
2012,27856368,8253533,3995447,0,972946,7036192,7598250,0,1285149,659770,228480,0,0,0,396899,0,6201,4915
2013,9811327,1545567,766272,0,3373,2439825,5056290,0,139539,74669,20310,0,0,0,44560,0,1922,936
2014,12632003,1765655,970123,0,435081,3266498,6194646,0,273373,148424,36193,0,0,0,88756,0,2513,1386
2015,245295,133707,39631,0,71957,0,0,0,32762,20021,986,0,0,0,11755,0,88,35
2016,11111397,1410385,729974,0,451383,2849979,5669676,0,167306,67408,59329,0,0,0,40569,0,2141,1081
2017,8108933,869134,665338,0,513225,1953297,4107939,0,64260,39378,1731,0,0,0,23151,0,1765,877
2018,35360884,10308733,7377676,0,1702846,8191021,7780608,0,1045054,430098,354640,0,0,0,260316,0,7343,6060
2019,8849118,1302858,429421,0,30902,1985439,5100498,0,315613,110486,138176,0,0,0,66951,0,1775,845
2020,1481539,371191,229293,0,149432,665311,66312,0,46977,20316,14717,0,0,0,11944,0,305,130
2021,5973580,742843,358863,0,140375,1762699,2968800,0,130823,58298,37746,0,0,0,34779,0,1315,575
2022,23618644,6002108,1963359,0,1727313,6410504,7515360,0,890278,496361,96010,0,0,0,297907,0,5077,3791
2023,22750053,4489092,2366770,0,2659484,5813289,7421418,0,750820,425913,69549,0,0,0,255358,0,4742,3458
2024,29409487,9303463,4071070,0,1194926,7291512,7548516,0,2016382,1044193,343940,0,0,0,628249,0,7079,5770
2025,28648276,9028181,3984022,0,613597,7429752,7592724,0,1133842,523312,294782,0,0,0,315748,0,6210,4924
2026,20032439,4616473,2141255,0,473125,5391220,7410366,0,1009085,353267,440947,0,0,0,214871,0,4232,2952
2027,0,0,0,0,0,0,0,0,0,0,0,0,0,0,0,0,0,0
2028,22280733,4804827,1892760,0,4028013,5392888,6162245,0,387981,200065,67960,0,0,0,119956,0,5730,4444
2029,14857385,3855448,2236954,0,510756,3850567,4403660,0,512268,265083,88341,0,0,0,158844,0,6795,5511
2030,1967683,446706,294786,0,108011,957926,160254,0,101843,48247,24948,0,0,0,28648,0,418,166
2031,22116398,5875790,2128270,0,235331,6444537,7432470,0,1507644,451624,779396,0,0,0,276624,0,4799,3514
2032,6782,4616,1574,0,592,0,0,0,711,278,291,0,0,0,142,0,2,1
2033,25328847,6373206,2823336,0,1732903,6872990,7526412,0,1025098,568717,115024,0,0,0,341357,0,5494,4210
2034,11960905,1856080,1017767,0,7696,2929814,6149548,0,312702,127128,109024,0,0,0,76550,0,2422,1270
2035,5962912,814538,572387,0,59675,1860452,2655860,0,163168,56242,73042,0,0,0,33884,0,1189,511
2036,8358551,1183912,634163,0,79949,2109887,4350640,0,266598,140578,42259,0,0,0,83761,0,2025,1084
2037,18906245,4101796,2768728,0,1433325,4674177,5928219,0,494243,252973,89523,0,0,0,151747,0,5141,3852
2038,5432557,710782,327993,0,87389,1481161,2825232,0,122305,56035,32912,0,0,0,33358,0,2439,1276
2039,24271317,5684611,4122029,0,1219541,5823718,7421418,0,660932,330727,131491,0,0,0,198714,0,4988,3702
2040,16319478,2784912,1894476,0,169155,4303713,7167222,0,379396,156132,128996,0,0,0,94268,0,3240,1968
2041,7471277,859919,571836,0,203760,2017296,3818466,0,129255,55892,39837,0,0,0,33526,0,1447,642
2042,0,0,0,0,0,0,0,0,0,0,0,0,0,0,0,0,0,0
2043,9656650,1163892,532727,0,326493,2346142,5287396,0,189001,111476,11189,0,0,0,66336,0,2203,1071
2044,23071178,5402677,2854860,0,1314017,6050576,7449048,0,1005292,361244,424443,0,0,0,219605,0,4797,3480
2045,12521813,1758231,836718,0,547,3273013,6653304,0,399555,173321,121848,0,0,0,104386,0,2519,1308
2046,9002707,1146292,415433,0,412362,2386780,4641840,0,319334,135696,101920,0,0,0,81718,0,1807,874
2047,68837,51110,11392,0,6335,0,0,0,18354,7154,6994,0,0,0,4206,0,22,8
2048,8079927,1189712,606191,0,255510,2087264,3941250,0,254232,85082,117780,0,0,0,51370,0,2422,1336
2049,5957472,748161,394833,0,115763,1913611,2785104,0,130224,43294,61019,0,0,0,25911,0,1157,493
2050,9553988,1228849,383368,0,355717,2358458,5227596,0,225566,122809,29390,0,0,0,73367,0,1901,909
2051,10812156,1529645,1152136,0,11520,2865699,5253156,0,195092,97032,40117,0,0,0,57943,0,2924,1644
2052,21542712,5447612,3380299,0,407572,5659864,6647365,0,872331,362336,290955,0,0,0,219040,0,5278,3982
2053,10217394,1453844,643097,0,474890,2495331,5150232,0,254698,149749,15387,0,0,0,89562,0,2051,1051
2054,25536669,6340079,2952199,0,1929572,6843667,7471152,0,1179200,699704,59857,0,0,0,419639,0,5673,4372
2055,14831414,2261376,1741784,0,127528,4099214,6601512,0,539200,319866,27892,0,0,0,191442,0,3592,2305
2056,11062817,1447276,1046436,0,11912,2517275,6039918,0,329508,146485,94982,0,0,0,88041,0,2214,1090
2057,1718287,508078,268787,0,40979,800975,99468,0,164643,79994,36794,0,0,0,47855,0,409,188
2058,26743381,7914439,4720857,0,300413,6347722,7459950,0,1765796,743530,572297,0,0,0,449969,0,6177,4888
2059,0,0,0,0,0,0,0,0,0,0,0,0,0,0,0,0,0,0
2060,9179744,1395897,542692,0,171678,2366851,4702626,0,277876,131169,68011,0,0,0,78696,0,1849,908
2061,19467411,6015296,2324501,0,203695,5277166,5646753,0,1113679,608368,139936,0,0,0,365375,0,6835,5551
2062,9580119,1310632,752922,0,154546,2334405,5027614,0,284359,136187,66476,0,0,0,81696,0,2101,1064
2063,14107185,2082983,1148294,0,173736,3673100,7029072,0,446410,188244,144719,0,0,0,113447,0,2828,1571
2064,15473625,2496536,1282420,0,65506,4439837,7189326,0,679927,322949,162651,0,0,0,194327,0,3244,1967
2065,114009,77993,25946,0,10070,0,0,0,17605,8295,4439,0,0,0,4871,0,38,14
2066,10735787,1590421,739085,0,285680,2566971,5553630,0,401914,192554,93731,0,0,0,115629,0,2199,1156
2067,7652378,816866,436026,0,97474,2273558,4028454,0,163570,74513,44427,0,0,0,44630,0,1493,639
2068,15895382,3184455,1602080,0,517770,4345838,6245239,0,518412,288126,57614,0,0,0,172672,0,4090,2801
2069,17105442,2634803,1019177,0,959149,5214571,7277742,0,655162,342815,106513,0,0,0,205834,0,3556,2268
2070,14416563,2425885,1141468,0,20726,3887828,6940656,0,521603,198511,202816,0,0,0,120276,0,2927,1679
2071,0,0,0,0,0,0,0,0,0,0,0,0,0,0,0,0,0,0
2072,10039394,1398586,909588,0,313501,2593053,4824666,0,286741,146088,53250,0,0,0,87403,0,3092,1815
2073,7298467,1165241,430700,0,233953,2126219,3342354,0,267888,119086,77368,0,0,0,71434,0,3535,2258
2074,247308,168901,58927,0,19480,0,0,0,59583,20990,25968,0,0,0,12625,0,74,27
2075,7513307,906499,408221,0,752142,1997860,3448585,0,103005,64210,1204,0,0,0,37591,0,3159,1887
2076,8013602,1300281,1295693,0,273946,2155092,2988590,0,243138,137628,23793,0,0,0,81717,0,5089,3793
2077,4157288,585569,448267,0,0,1692858,1430594,0,157394,59799,61551,0,0,0,36044,0,917,375
2078,1189342,361453,273047,0,67851,486991,0,0,113191,44151,42711,0,0,0,26329,0,274,108
2079,0,0,0,0,0,0,0,0,0,0,0,0,0,0,0,0,0,0
2080,15786365,2165477,1528160,0,887389,4143111,7062228,0,484833,189149,181451,0,0,0,114233,0,3130,1868
2081,1652110,359731,258193,0,70097,835880,128209,0,53839,22522,17841,0,0,0,13476,0,416,165
2082,17486480,3374642,1689860,0,1277169,4820388,6324421,0,634212,288183,172535,0,0,0,173494,0,4362,3083
2083,21894,14018,5284,0,2592,0,0,0,3468,2050,659,0,0,0,759,0,9,3
2084,25925226,6555896,4957136,0,557396,6383646,7471152,0,960876,367265,370777,0,0,0,222834,0,5399,4113
2085,0,0,0,0,0,0,0,0,0,0,0,0,0,0,0,0,0,0
2086,0,0,0,0,0,0,0,0,0,0,0,0,0,0,0,0,0,0
2087,5100,3346,1604,0,150,0,0,0,463,313,0,0,0,0,150,0,2,1
2088,15011483,2113667,1531158,0,402838,3873962,7089858,0,351824,101373,188655,0,0,0,61796,0,2907,1601
2089,0,0,0,0,0,0,0,0,0,0,0,0,0,0,0,0,0,0
2090,6027308,917814,480192,0,246050,1705408,2677844,0,213830,105632,45343,0,0,0,62855,0,3807,2522
2091,8169242,1076251,598671,0,837,2039891,4453592,0,273183,133451,59788,0,0,0,79944,0,2381,1215
2092,8168413,871473,395768,0,91162,2306320,4503690,0,261962,112696,81575,0,0,0,67691,0,1622,707
2093,4414296,467302,221844,0,334982,1151113,2239055,0,41498,26398,0,0,0,0,15100,0,2657,1429
2094,12132286,1772008,1055803,0,378837,3140264,5785374,0,488983,230639,119643,0,0,0,138701,0,3100,2303
2095,15204296,2735527,1429294,0,37560,4333698,6668217,0,496323,199536,176491,0,0,0,120296,0,3429,2147
2096,0,0,0,0,0,0,0,0,0,0,0,0,0,0,0,0,0,0
2097,13253165,2134973,1185093,0,27576,3594988,6310535,0,275519,113708,93431,0,0,0,68380,0,2984,1708
2098,328113,249722,73935,0,4456,0,0,0,82025,44114,11642,0,0,0,26269,0,113,42
2099,117434,34762,82512,0,160,0,0,0,0,0,0,0,0,0,0,0,165,111
