"Year","AFem","AFemDeath","AMal","AMalDeath","Eggs","EggsDeath","FryGrad","FryExit","FryDeath","FryInStr","allMortAF","baseMortAF","tempMortAF","allMortAM","baseMortAM","tempMortAM","InVivo","Year","allMortEgg","baseMortEgg","tempMortEgg","denMortEgg","incMortEgg","superMortEgg","lostMortEgg","catMortEgg","allMortFry","baseMortFry","tempMortFry","denMortFry","habMortFry","freshMortFry","seasMortFry","catMortFry","allMortSF","allMortSM"
2010,7568,7568,7578,6363,16086684,14502503,1584181,569635,390839,623707,4477,152,4325,4522,193,4329,997571,2010,14502503,1945909,1474686,0,822035,3560623,6699250,0,390839,211833,52335,0,0,0,126671,0,3091,1841
2011,7568,7568,7578,6322,10606889,8794451,1812438,918401,331738,562299,1775,197,1578,1815,233,1582,21471112,2011,8794451,2234825,1004236,0,766726,2242671,2545993,0,331738,207883,0,0,0,0,123855,0,5793,4507
2012,7568,7568,7578,6298,14504912,12995352,1509560,180851,479043,849666,4492,165,4327,4544,209,4335,2504320,2012,12995352,2177204,1456906,0,70542,3237096,6053604,0,479043,165825,212516,0,0,0,100702,0,3076,1754
2013,7568,7568,7578,6322,24375986,19630042,4745944,2644719,893587,1207638,890,193,697,926,229,697,12558113,2013,19630042,5845485,2714302,0,1029829,4874063,5166363,0,893587,520110,61609,0,0,0,311868,0,6678,5396
2014,7568,7568,7578,6322,9362708,7843849,1518859,793758,273300,451801,894,196,698,936,232,704,27589660,2014,7843849,2202520,856727,0,702086,1945995,2136521,0,273300,168171,5156,0,0,0,99973,0,6674,5386
2015,7568,7568,7578,6314,40494528,33613281,6881247,3643094,1189088,2049065,240,189,51,277,227,50,0,2015,33613281,10126441,4417260,0,4399644,7187732,7482204,0,1189088,726293,27586,0,0,0,435209,0,7328,6037
2016,7568,7568,7578,6272,3535435,3246957,288478,186243,58796,43439,360,186,174,404,230,174,36385847,2016,3246957,572231,485675,0,471831,782247,934973,0,58796,34247,4870,0,0,0,19679,0,7208,5868
2017,7568,7568,7578,6268,30055914,25901341,4154573,1347235,905532,1901806,2129,186,1943,2177,230,1947,0,2017,25901341,6631866,4436844,0,846932,6520073,7465626,0,905532,405193,255784,0,0,0,244555,0,5439,4091
2018,7568,7568,7578,6350,11127609,9960701,1166908,180390,231771,754747,4718,145,4573,4767,187,4580,4642183,2018,9960701,1504818,601930,0,43393,2738576,5071984,0,231771,144667,764,0,0,0,86340,0,2850,1583
2019,7568,7568,7578,6288,31768974,28182449,3586525,1128042,681096,1777387,1819,184,1635,1869,229,1640,0,2019,28182449,7229857,5064849,0,1805555,6599984,7482204,0,681096,342341,132905,0,0,0,205850,0,5749,4419
2020,7568,7568,7578,6320,32852070,30478432,2373638,960538,444340,968760,1623,192,1431,1662,228,1434,0,2020,30478432,6396463,2644682,0,7217847,6831178,7388262,0,444340,257100,33390,0,0,0,153850,0,5945,4658
2021,7568,7568,7578,6317,8600331,7204352,1395979,766596,271449,357934,1052,190,862,1091,227,864,27482770,2021,7204352,1708004,1836433,0,346537,1512104,1801274,0,271449,154301,25588,0,0,0,91560,0,6516,5226
2022,7568,7568,7578,6270,8073429,6680941,1392488,908583,268001,215904,1037,188,849,1080,230,850,28091876,2022,6680941,1527122,729134,0,835416,1696445,1892824,0,268001,164614,5589,0,0,0,97798,0,6531,5190
2023,7568,7568,7578,6310,29402165,27354364,2047801,1000603,437979,609219,1970,193,1777,2013,232,1781,1532935,2023,27354364,5633200,3308656,0,4996924,6246330,7169254,0,437979,241388,52010,0,0,0,144581,0,5598,4297
2024,7568,7568,7578,6322,6056783,6020044,36739,13338,6035,17366,2715,193,2522,2757,227,2530,20829615,2024,6020044,753190,505386,0,1704498,1397757,1659213,0,6035,3898,824,0,0,0,1313,0,4853,3565
2025,7568,7568,7578,6285,27492065,23984653,3507412,2061285,734196,711931,1559,184,1375,1610,231,1379,5727555,2025,23984653,4861583,3643896,0,3547629,5397296,6534249,0,734196,418910,64213,0,0,0,251073,0,6009,4675
2026,7568,7568,7578,6324,11420081,10137409,1282672,303850,277056,701766,3835,165,3670,3878,199,3679,9247606,2026,10137409,1854551,1253440,0,108328,2790780,4130310,0,277056,147465,41503,0,0,0,88088,0,3733,2446
2027,7568,7568,7578,6429,10916761,10142315,774446,16118,173795,584533,4926,123,4803,4985,173,4812,3700115,2027,10142315,1570206,1100026,0,10650,2614137,4847296,0,173795,69528,62438,0,0,0,41829,0,2642,1444
2028,7568,7568,7578,7571,66312,44022,22290,620,4713,16957,7556,22,7534,7567,25,7542,0,2028,44022,28990,9157,0,5875,0,0,0,4713,2338,1183,0,0,0,1192,0,12,4
2029,7568,7568,7578,6662,9200790,8567257,633533,24315,133402,475816,5903,114,5789,5925,128,5797,0,2029,8567257,1027972,337158,0,156907,2447588,4597632,0,133402,69517,22485,0,0,0,41400,0,1665,737
2030,7568,7568,7578,6322,16695816,13982667,2713149,1089062,575365,1048722,2446,187,2259,2486,223,2263,11643144,2030,13982667,3545812,1877901,0,357266,3657004,4544684,0,575365,294698,103733,0,0,0,176934,0,5122,3836
2031,7568,7568,7578,6288,32320607,26541837,5778770,2711171,1403948,1663651,1719,189,1530,1764,231,1533,967,2031,26541837,7246213,4038640,0,1171731,6630679,7454574,0,1403948,619157,410652,0,0,0,374139,0,5849,4524
2032,7568,7568,7578,6381,14125689,12555780,1569909,420189,352879,796841,4874,148,4726,4915,187,4728,764719,2032,12555780,1775974,723865,0,70057,3450159,6535725,0,352879,213639,11425,0,0,0,127815,0,2694,1466
2033,7568,7568,7578,6312,35460342,29070667,6389675,3186091,1446811,1756773,488,191,297,527,230,297,3673562,2033,29070667,8748919,5814427,0,1358205,6414738,6734378,0,1446811,644329,413495,0,0,0,388987,0,7080,5785
2034,7568,7568,7578,6589,14262606,12522432,1740174,507699,386866,845609,4987,121,4866,5009,136,4873,0,2034,12522432,2302532,1209476,0,767533,3070555,5172336,0,386866,217511,39191,0,0,0,130164,0,2581,1580
2035,7568,7568,7578,6283,11595269,9749915,1845354,660107,423551,761696,3153,177,2976,3204,221,2983,12844489,2035,9749915,2280501,1099746,0,258704,2659883,3451081,0,423551,207503,91590,0,0,0,124458,0,4415,3079
2036,7568,7568,7578,6328,31995540,27609689,4385851,1573047,772827,2039977,1778,194,1584,1815,227,1588,0,2036,27609689,7283877,6018074,0,660441,6292191,7355106,0,772827,411033,114833,0,0,0,246961,0,5790,4513
2037,7568,7568,7578,6368,12390563,11359320,1031243,115013,228360,687870,4552,151,4401,4602,192,4410,4292782,2037,11359320,1777759,811943,0,437614,2974814,5357190,0,228360,110382,51861,0,0,0,66117,0,3016,1766
2038,7568,7568,7578,6309,26823204,22430146,4393058,1685118,946811,1761129,2714,177,2537,2755,216,2539,0,2038,22430146,5561359,2396803,0,693974,6317910,7460100,0,946811,481519,175615,0,0,0,289677,0,4854,3554
2039,7568,7568,7578,6319,17682150,15269361,2412789,652107,579369,1181313,4366,170,4196,4412,208,4204,12102,2039,15269361,2770694,834695,0,52605,4549139,7062228,0,579369,310062,83500,0,0,0,185807,0,3202,1907
2040,7568,7568,7578,6393,12723012,11420681,1302331,230984,341408,729939,4288,149,4139,4338,193,4145,5421785,2040,11420681,2028600,1254099,0,237682,2934268,4966032,0,341408,137854,120510,0,0,0,83044,0,3280,2055
2041,7568,7568,7578,6345,21927168,19574812,2352356,629787,588732,1133837,3600,182,3418,3647,222,3425,0,2041,19574812,3857591,1892664,0,1258207,5089672,7476678,0,588732,239447,204597,0,0,0,144688,0,3968,2698
2042,7568,7568,7578,7539,348138,200970,147168,17829,33107,96232,7505,12,7493,7516,16,7500,0,2042,200970,153380,46323,0,1267,0,0,0,33107,19377,2252,0,0,0,11478,0,63,23
2043,7568,7568,7578,6460,14351022,12817992,1533030,251031,470967,811032,4971,137,4834,5015,178,4837,0,2043,12817992,1983178,739177,0,427440,3407239,6260958,0,470967,191615,163687,0,0,0,115665,0,2597,1445
2044,7568,7568,7578,7500,655539,465595,189944,6711,52722,130511,7438,37,7401,7446,40,7406,62841,2044,465595,258907,113085,0,91030,2573,0,0,52722,21193,18845,0,0,0,12684,0,130,54
2045,7568,7568,7578,7578,0,0,0,0,0,0,7568,23,7545,7578,27,7551,0,2045,0,0,0,0,0,0,0,0,0,0,0,0,0,0,0,0,0,0
2046,7568,7568,7578,7089,4956822,4724730,232092,5047,58834,168211,6671,74,6597,6702,97,6605,0,2046,4724730,482753,504266,0,222531,1398722,2116458,0,58834,21941,23947,0,0,0,12946,0,897,387
2047,7568,7568,7578,7344,2160666,1864067,296599,5488,78914,212197,7177,80,7097,7184,83,7101,0,2047,1864067,472942,302635,0,85640,737602,265248,0,78914,31897,27985,0,0,0,19032,0,391,160
2048,7568,7568,7578,6610,9869386,9244967,624419,66772,173271,384376,5782,116,5666,5807,139,5668,50,2048,9244967,919780,539111,0,406144,2301538,5078394,0,173271,75299,52758,0,0,0,45214,0,1786,803
2049,7568,7568,7578,6900,8755794,7513913,1241881,206830,280710,754341,5947,129,5818,5971,149,5822,202452,2049,7513913,1713602,536888,0,430567,2152412,2680444,0,280710,154040,34546,0,0,0,92124,0,1621,929
2050,7568,7568,7578,6321,23338666,20985461,2353205,1302526,568821,481858,1939,187,1752,1982,225,1757,7789573,2050,20985461,4195365,3242192,0,3063192,4618872,5865840,0,568821,276935,125457,0,0,0,166429,0,5629,4339
2051,7568,7568,7578,6341,12474870,10771743,1703127,679652,391261,632214,2721,198,2523,2760,235,2525,14355087,2051,10771743,2599090,1703266,0,597904,2610076,3261407,0,391261,188367,89925,0,0,0,112969,0,4847,3581
2052,7568,7568,7578,6376,15881724,14091597,1790127,534722,394861,860544,4694,143,4551,4741,181,4560,0,2052,14091597,2150973,900082,0,372385,3782761,6885396,0,394861,241645,8788,0,0,0,144428,0,2874,1635
2053,7568,7568,7578,6580,10310236,9400115,910121,74899,214846,620376,5648,111,5537,5676,133,5543,301194,2053,9400115,1313206,862195,0,1513,2229826,4993375,0,214846,103380,49527,0,0,0,61939,0,1920,904
2054,7568,7568,7578,7578,0,0,0,0,0,0,7568,38,7530,7578,41,7537,0,2054,0,0,0,0,0,0,0,0,0,0,0,0,0,0,0,0,0,0
2055,7568,7568,7578,6378,10296508,9322256,974252,271637,258964,443651,4580,147,4433,4626,192,4434,6241760,2055,9322256,1412195,790074,0,478986,2378490,4262511,0,258964,126770,56327,0,0,0,75867,0,2988,1752
2056,7568,7568,7578,6324,3743748,3221533,522215,165923,140898,215394,2963,189,2774,3005,225,2780,21776954,2056,3221533,739276,496032,0,88794,870325,1027106,0,140898,54140,54659,0,0,0,32099,0,4605,3319
2057,7568,7568,7578,6357,12041095,10983455,1057640,99243,403429,554968,4502,155,4347,4547,192,4355,4921413,2057,10983455,1691662,1319076,0,68907,2787623,5116187,0,403429,110238,225754,0,0,0,67437,0,3066,1810
2058,7568,7568,7578,7398,1597014,1393868,203146,995,39387,162764,7279,37,7242,7287,31,7256,0,2058,1393868,384322,289065,0,101031,608398,11052,0,39387,20012,7477,0,0,0,11898,0,289,111
2059,7568,7568,7578,7578,0,0,0,0,0,0,7568,41,7527,7578,49,7529,0,2059,0,0,0,0,0,0,0,0,0,0,0,0,0,0,0,0,0,0
2060,7568,7568,7578,7578,0,0,0,0,0,0,7568,3,7565,7578,5,7573,0,2060,0,0,0,0,0,0,0,0,0,0,0,0,0,0,0,0,0,0
2061,7568,7568,7578,7578,0,0,0,0,0,0,7568,5,7563,7578,0,7578,0,2061,0,0,0,0,0,0,0,0,0,0,0,0,0,0,0,0,0,0
2062,7568,7568,7578,7578,0,0,0,0,0,0,7568,21,7547,7578,24,7554,0,2062,0,0,0,0,0,0,0,0,0,0,0,0,0,0,0,0,0,0
2063,7568,7568,7578,7565,110520,72366,38154,2818,8642,26694,7548,29,7519,7557,35,7522,0,2063,72366,44661,14139,0,13566,0,0,0,8642,4744,1228,0,0,0,2670,0,20,8
2064,7568,7568,7578,7571,39690,38191,1499,447,291,761,7558,44,7514,7567,44,7523,15570,2064,38191,9065,3540,0,25586,0,0,0,291,58,204,0,0,0,29,0,10,4
2065,7568,7568,7578,6711,66312,63486,2826,2474,264,88,5826,116,5710,5853,143,5710,9604188,2065,63486,6255,30303,0,180,26748,0,0,264,159,29,0,0,0,76,0,1742,858
2066,7568,7568,7578,7578,0,0,0,0,0,0,7568,17,7551,7578,23,7555,0,2066,0,0,0,0,0,0,0,0,0,0,0,0,0,0,0,0,0,0
2067,7568,7568,7578,6336,21440880,18744911,2695969,831602,842359,1022008,3688,170,3518,3733,211,3522,0,2067,18744911,3589448,1849672,0,782207,5234790,7288794,0,842359,304028,353738,0,0,0,184593,0,3880,2603
2068,7568,7568,7578,7578,0,0,0,0,0,0,7568,14,7554,7578,17,7561,0,2068,0,0,0,0,0,0,0,0,0,0,0,0,0,0,0,0,0,0
2069,7568,7568,7578,7578,0,0,0,0,0,0,7568,0,7568,7578,0,7578,0,2069,0,0,0,0,0,0,0,0,0,0,0,0,0,0,0,0,0,0
2070,7568,7568,7578,7578,0,0,0,0,0,0,7568,15,7553,7578,20,7558,0,2070,0,0,0,0,0,0,0,0,0,0,0,0,0,0,0,0,0,0
2071,7568,7568,7578,7560,108510,74201,34309,2049,12269,19991,7538,46,7492,7549,50,7499,57270,2071,74201,41571,28688,0,3942,0,0,0,12269,4003,5959,0,0,0,2307,0,30,11
2072,7568,7568,7578,7578,0,0,0,0,0,0,7568,14,7554,7578,17,7561,0,2072,0,0,0,0,0,0,0,0,0,0,0,0,0,0,0,0,0,0
2073,7568,7568,7578,7578,0,0,0,0,0,0,7568,34,7534,7578,40,7538,0,2073,0,0,0,0,0,0,0,0,0,0,0,0,0,0,0,0,0,0
2074,7568,7568,7578,7578,5526,3142,2384,344,681,1359,7567,45,7522,7578,48,7530,0,2074,3142,2156,750,0,236,0,0,0,681,158,450,0,0,0,73,0,1,0
2075,7568,7568,7578,7578,0,0,0,0,0,0,7568,34,7534,7578,37,7541,0,2075,0,0,0,0,0,0,0,0,0,0,0,0,0,0,0,0,0,0
2076,7568,7568,7578,7502,309022,202242,106780,29793,36775,40212,7442,72,7370,7453,74,7379,387254,2076,202242,104496,45668,0,52078,0,0,0,36775,15349,12340,0,0,0,9086,0,126,49
2077,7568,7568,7578,7573,4046,2215,1831,866,163,802,7561,34,7527,7570,35,7535,34636,2077,2215,1401,814,0,0,0,0,0,163,72,57,0,0,0,34,0,7,3
2078,7568,7568,7578,7006,38682,38682,0,0,0,0,6568,97,6471,6594,114,6480,5514948,2078,38682,2853,16535,0,0,19294,0,0,0,0,0,0,0,0,0,0,1000,412
2079,7568,7568,7578,7412,737706,594804,142902,59758,50926,32218,7300,29,7271,7309,33,7276,743262,2079,594804,162998,145925,0,54135,231746,0,0,50926,21977,15900,0,0,0,13049,0,268,103
2080,7568,7568,7578,7571,17402,11967,5435,114,1592,3729,7557,47,7510,7567,53,7514,43384,2080,11967,7328,4639,0,0,0,0,0,1592,313,1131,0,0,0,148,0,11,4
2081,7568,7568,7578,7578,0,0,0,0,0,0,7568,5,7563,7578,9,7569,0,2081,0,0,0,0,0,0,0,0,0,0,0,0,0,0,0,0,0,0
2082,7568,7568,7578,7578,0,0,0,0,0,0,7568,28,7540,7578,31,7547,0,2082,0,0,0,0,0,0,0,0,0,0,0,0,0,0,0,0,0,0
2083,7568,7568,7578,7578,0,0,0,0,0,0,7568,20,7548,7578,23,7555,0,2083,0,0,0,0,0,0,0,0,0,0,0,0,0,0,0,0,0,0
2084,7568,7568,7578,7510,230580,130007,100573,35262,26845,38466,7460,70,7390,7470,73,7397,366228,2084,130007,78494,46307,0,5206,0,0,0,26845,15324,2436,0,0,0,9085,0,108,40
2085,7568,7568,7578,7578,2711,1783,928,14,244,670,7567,79,7488,7578,83,7495,2815,2085,1783,1139,644,0,0,0,0,0,244,49,174,0,0,0,21,0,1,0
2086,7568,7568,7578,7578,0,0,0,0,0,0,7568,1,7567,7578,3,7575,0,2086,0,0,0,0,0,0,0,0,0,0,0,0,0,0,0,0,0,0
2087,7568,7568,7578,7578,0,0,0,0,0,0,7568,21,7547,7578,27,7551,0,2087,0,0,0,0,0,0,0,0,0,0,0,0,0,0,0,0,0,0
2088,7568,7568,7578,7578,0,0,0,0,0,0,7568,31,7537,7578,32,7546,0,2088,0,0,0,0,0,0,0,0,0,0,0,0,0,0,0,0,0,0
2089,7568,7568,7578,7578,0,0,0,0,0,0,7568,29,7539,7578,34,7544,0,2089,0,0,0,0,0,0,0,0,0,0,0,0,0,0,0,0,0,0
2090,7568,7568,7578,7578,0,0,0,0,0,0,7568,20,7548,7578,21,7557,0,2090,0,0,0,0,0,0,0,0,0,0,0,0,0,0,0,0,0,0
2091,7568,7568,7578,7566,76860,48333,28527,3872,9020,15635,7550,36,7514,7559,40,7519,22608,2091,48333,29319,13496,0,5518,0,0,0,9020,3705,3373,0,0,0,1942,0,18,7
2092,7568,7568,7578,7567,58842,33113,25729,10531,7016,8182,7550,16,7534,7560,20,7540,40626,2092,33113,19895,11235,0,1983,0,0,0,7016,3765,1574,0,0,0,1677,0,18,7
2093,7568,7568,7578,7386,11052,10213,839,755,83,1,7266,64,7202,7273,62,7211,1663326,2093,10213,1171,6415,0,0,2627,0,0,83,60,3,0,0,0,20,0,302,113
2094,7568,7568,7578,7578,0,0,0,0,0,0,7568,28,7540,7578,35,7543,0,2094,0,0,0,0,0,0,0,0,0,0,0,0,0,0,0,0,0,0
2095,7568,7568,7578,7578,0,0,0,0,0,0,7568,17,7551,7578,21,7557,0,2095,0,0,0,0,0,0,0,0,0,0,0,0,0,0,0,0,0,0
2096,7568,7568,7578,7578,0,0,0,0,0,0,7568,7,7561,7578,11,7567,0,2096,0,0,0,0,0,0,0,0,0,0,0,0,0,0,0,0,0,0
2097,7568,7568,7578,7578,0,0,0,0,0,0,7568,27,7541,7578,33,7545,0,2097,0,0,0,0,0,0,0,0,0,0,0,0,0,0,0,0,0,0
2098,7568,7568,7578,7578,0,0,0,0,0,0,7568,11,7557,7578,15,7563,0,2098,0,0,0,0,0,0,0,0,0,0,0,0,0,0,0,0,0,0
2099,7568,7566,7578,7578,0,0,0,0,0,0,7566,10,7556,7578,15,7563,9908,2099,0,0,0,0,0,0,0,0,0,0,0,0,0,0,0,0,0,0
