"Year","allMortEgg","baseMortEgg","tempMortEgg","denMortEgg","incMortEgg","superMortEgg","lostMortEgg","catMortEgg","allMortFry","baseMortFry","tempMortFry","denMortFry","habMortFry","freshMortFry","seasMortFry","catMortFry","allMortSF","allMortSM"
2010,14502503,1945909,1474686,0,822035,3560623,6699250,0,390839,211833,52335,0,0,0,126671,0,3091,1841
2011,8794451,2234825,1004236,0,766726,2242671,2545993,0,331738,207883,0,0,0,0,123855,0,5793,4507
2012,12995352,2177204,1456906,0,70542,3237096,6053604,0,479043,165825,212516,0,0,0,100702,0,3076,1754
2013,19630042,5845485,2714302,0,1029829,4874063,5166363,0,893587,520110,61609,0,0,0,311868,0,6678,5396
2014,7843849,2202520,856727,0,702086,1945995,2136521,0,273300,168171,5156,0,0,0,99973,0,6674,5386
2015,33613281,10126441,4417260,0,4399644,7187732,7482204,0,1189088,726293,27586,0,0,0,435209,0,7328,6037
2016,3246957,572231,485675,0,471831,782247,934973,0,58796,34247,4870,0,0,0,19679,0,7208,5868
2017,25901341,6631866,4436844,0,846932,6520073,7465626,0,905532,405193,255784,0,0,0,244555,0,5439,4091
2018,9960701,1504818,601930,0,43393,2738576,5071984,0,231771,144667,764,0,0,0,86340,0,2850,1583
2019,28182449,7229857,5064849,0,1805555,6599984,7482204,0,681096,342341,132905,0,0,0,205850,0,5749,4419
2020,30478432,6396463,2644682,0,7217847,6831178,7388262,0,444340,257100,33390,0,0,0,153850,0,5945,4658
2021,7204352,1708004,1836433,0,346537,1512104,1801274,0,271449,154301,25588,0,0,0,91560,0,6516,5226
2022,6680941,1527122,729134,0,835416,1696445,1892824,0,268001,164614,5589,0,0,0,97798,0,6531,5190
2023,27354364,5633200,3308656,0,4996924,6246330,7169254,0,437979,241388,52010,0,0,0,144581,0,5598,4297
2024,6020044,753190,505386,0,1704498,1397757,1659213,0,6035,3898,824,0,0,0,1313,0,4853,3565
2025,23984653,4861583,3643896,0,3547629,5397296,6534249,0,734196,418910,64213,0,0,0,251073,0,6009,4675
2026,10137409,1854551,1253440,0,108328,2790780,4130310,0,277056,147465,41503,0,0,0,88088,0,3733,2446
2027,10142315,1570206,1100026,0,10650,2614137,4847296,0,173795,69528,62438,0,0,0,41829,0,2642,1444
2028,44022,28990,9157,0,5875,0,0,0,4713,2338,1183,0,0,0,1192,0,12,4
2029,8567257,1027972,337158,0,156907,2447588,4597632,0,133402,69517,22485,0,0,0,41400,0,1665,737
2030,13982667,3545812,1877901,0,357266,3657004,4544684,0,575365,294698,103733,0,0,0,176934,0,5122,3836
2031,26541837,7246213,4038640,0,1171731,6630679,7454574,0,1403948,619157,410652,0,0,0,374139,0,5849,4524
2032,12555780,1775974,723865,0,70057,3450159,6535725,0,352879,213639,11425,0,0,0,127815,0,2694,1466
2033,29070667,8748919,5814427,0,1358205,6414738,6734378,0,1446811,644329,413495,0,0,0,388987,0,7080,5785
2034,12522432,2302532,1209476,0,767533,3070555,5172336,0,386866,217511,39191,0,0,0,130164,0,2581,1580
2035,9749915,2280501,1099746,0,258704,2659883,3451081,0,423551,207503,91590,0,0,0,124458,0,4415,3079
2036,27609689,7283877,6018074,0,660441,6292191,7355106,0,772827,411033,114833,0,0,0,246961,0,5790,4513
2037,11359320,1777759,811943,0,437614,2974814,5357190,0,228360,110382,51861,0,0,0,66117,0,3016,1766
2038,22430146,5561359,2396803,0,693974,6317910,7460100,0,946811,481519,175615,0,0,0,289677,0,4854,3554
2039,15269361,2770694,834695,0,52605,4549139,7062228,0,579369,310062,83500,0,0,0,185807,0,3202,1907
2040,11420681,2028600,1254099,0,237682,2934268,4966032,0,341408,137854,120510,0,0,0,83044,0,3280,2055
2041,19574812,3857591,1892664,0,1258207,5089672,7476678,0,588732,239447,204597,0,0,0,144688,0,3968,2698
2042,200970,153380,46323,0,1267,0,0,0,33107,19377,2252,0,0,0,11478,0,63,23
2043,12817992,1983178,739177,0,427440,3407239,6260958,0,470967,191615,163687,0,0,0,115665,0,2597,1445
2044,465595,258907,113085,0,91030,2573,0,0,52722,21193,18845,0,0,0,12684,0,130,54
2045,0,0,0,0,0,0,0,0,0,0,0,0,0,0,0,0,0,0
2046,4724730,482753,504266,0,222531,1398722,2116458,0,58834,21941,23947,0,0,0,12946,0,897,387
2047,1864067,472942,302635,0,85640,737602,265248,0,78914,31897,27985,0,0,0,19032,0,391,160
2048,9244967,919780,539111,0,406144,2301538,5078394,0,173271,75299,52758,0,0,0,45214,0,1786,803
2049,7513913,1713602,536888,0,430567,2152412,2680444,0,280710,154040,34546,0,0,0,92124,0,1621,929
2050,20985461,4195365,3242192,0,3063192,4618872,5865840,0,568821,276935,125457,0,0,0,166429,0,5629,4339
2051,10771743,2599090,1703266,0,597904,2610076,3261407,0,391261,188367,89925,0,0,0,112969,0,4847,3581
2052,14091597,2150973,900082,0,372385,3782761,6885396,0,394861,241645,8788,0,0,0,144428,0,2874,1635
2053,9400115,1313206,862195,0,1513,2229826,4993375,0,214846,103380,49527,0,0,0,61939,0,1920,904
2054,0,0,0,0,0,0,0,0,0,0,0,0,0,0,0,0,0,0
2055,9322256,1412195,790074,0,478986,2378490,4262511,0,258964,126770,56327,0,0,0,75867,0,2988,1752
2056,3221533,739276,496032,0,88794,870325,1027106,0,140898,54140,54659,0,0,0,32099,0,4605,3319
2057,10983455,1691662,1319076,0,68907,2787623,5116187,0,403429,110238,225754,0,0,0,67437,0,3066,1810
2058,1393868,384322,289065,0,101031,608398,11052,0,39387,20012,7477,0,0,0,11898,0,289,111
2059,0,0,0,0,0,0,0,0,0,0,0,0,0,0,0,0,0,0
2060,0,0,0,0,0,0,0,0,0,0,0,0,0,0,0,0,0,0
2061,0,0,0,0,0,0,0,0,0,0,0,0,0,0,0,0,0,0
2062,0,0,0,0,0,0,0,0,0,0,0,0,0,0,0,0,0,0
2063,72366,44661,14139,0,13566,0,0,0,8642,4744,1228,0,0,0,2670,0,20,8
2064,38191,9065,3540,0,25586,0,0,0,291,58,204,0,0,0,29,0,10,4
2065,63486,6255,30303,0,180,26748,0,0,264,159,29,0,0,0,76,0,1742,858
2066,0,0,0,0,0,0,0,0,0,0,0,0,0,0,0,0,0,0
2067,18744911,3589448,1849672,0,782207,5234790,7288794,0,842359,304028,353738,0,0,0,184593,0,3880,2603
2068,0,0,0,0,0,0,0,0,0,0,0,0,0,0,0,0,0,0
2069,0,0,0,0,0,0,0,0,0,0,0,0,0,0,0,0,0,0
2070,0,0,0,0,0,0,0,0,0,0,0,0,0,0,0,0,0,0
2071,74201,41571,28688,0,3942,0,0,0,12269,4003,5959,0,0,0,2307,0,30,11
2072,0,0,0,0,0,0,0,0,0,0,0,0,0,0,0,0,0,0
2073,0,0,0,0,0,0,0,0,0,0,0,0,0,0,0,0,0,0
2074,3142,2156,750,0,236,0,0,0,681,158,450,0,0,0,73,0,1,0
2075,0,0,0,0,0,0,0,0,0,0,0,0,0,0,0,0,0,0
2076,202242,104496,45668,0,52078,0,0,0,36775,15349,12340,0,0,0,9086,0,126,49
2077,2215,1401,814,0,0,0,0,0,163,72,57,0,0,0,34,0,7,3
2078,38682,2853,16535,0,0,19294,0,0,0,0,0,0,0,0,0,0,1000,412
2079,594804,162998,145925,0,54135,231746,0,0,50926,21977,15900,0,0,0,13049,0,268,103
2080,11967,7328,4639,0,0,0,0,0,1592,313,1131,0,0,0,148,0,11,4
2081,0,0,0,0,0,0,0,0,0,0,0,0,0,0,0,0,0,0
2082,0,0,0,0,0,0,0,0,0,0,0,0,0,0,0,0,0,0
2083,0,0,0,0,0,0,0,0,0,0,0,0,0,0,0,0,0,0
2084,130007,78494,46307,0,5206,0,0,0,26845,15324,2436,0,0,0,9085,0,108,40
2085,1783,1139,644,0,0,0,0,0,244,49,174,0,0,0,21,0,1,0
2086,0,0,0,0,0,0,0,0,0,0,0,0,0,0,0,0,0,0
2087,0,0,0,0,0,0,0,0,0,0,0,0,0,0,0,0,0,0
2088,0,0,0,0,0,0,0,0,0,0,0,0,0,0,0,0,0,0
2089,0,0,0,0,0,0,0,0,0,0,0,0,0,0,0,0,0,0
2090,0,0,0,0,0,0,0,0,0,0,0,0,0,0,0,0,0,0
2091,48333,29319,13496,0,5518,0,0,0,9020,3705,3373,0,0,0,1942,0,18,7
2092,33113,19895,11235,0,1983,0,0,0,7016,3765,1574,0,0,0,1677,0,18,7
2093,10213,1171,6415,0,0,2627,0,0,83,60,3,0,0,0,20,0,302,113
2094,0,0,0,0,0,0,0,0,0,0,0,0,0,0,0,0,0,0
2095,0,0,0,0,0,0,0,0,0,0,0,0,0,0,0,0,0,0
2096,0,0,0,0,0,0,0,0,0,0,0,0,0,0,0,0,0,0
2097,0,0,0,0,0,0,0,0,0,0,0,0,0,0,0,0,0,0
2098,0,0,0,0,0,0,0,0,0,0,0,0,0,0,0,0,0,0
2099,0,0,0,0,0,0,0,0,0,0,0,0,0,0,0,0,0,0
