"Year","AFem","AFemDeath","AMal","AMalDeath","Eggs","EggsDeath","FryGrad","FryExit","FryDeath","FryInStr","allMortAF","baseMortAF","tempMortAF","allMortAM","baseMortAM","tempMortAM","InVivo","Year","allMortEgg","baseMortEgg","tempMortEgg","denMortEgg","incMortEgg","superMortEgg","lostMortEgg","catMortEgg","allMortFry","baseMortFry","tempMortFry","denMortFry","habMortFry","freshMortFry","seasMortFry","catMortFry","allMortSF","allMortSM"
2010,7568,7568,7578,7014,5570208,5014964,555244,51411,152767,351066,6560,67,6493,6587,85,6502,0,2010,5014964,765610,334273,0,33067,2030804,1851210,0,152767,68695,42869,0,0,0,41203,0,1008,427
2011,7568,7568,7578,6334,18042390,15707066,2335324,508577,646748,1179999,4303,163,4140,4351,202,4149,0,2011,15707066,2785988,730287,0,28441,4928816,7233534,0,646748,288860,183753,0,0,0,174135,0,3265,1983
2012,7568,7568,7578,6323,34675650,29457260,5218390,1951525,1042782,2224083,1293,196,1097,1332,233,1099,0,2012,29457260,8557887,3685494,0,1987317,7545422,7681140,0,1042782,478681,275341,0,0,0,288760,0,6275,4991
2013,7568,7568,7578,6946,6796980,6196875,600105,39898,120682,439525,6338,94,6244,6364,112,6252,0,2013,6196875,932462,358965,0,265003,1971387,2669058,0,120682,65674,15996,0,0,0,39012,0,1230,582
2014,7568,7568,7578,6322,37223136,30897998,6325138,2756968,1137599,2430571,832,192,640,869,228,641,0,2014,30897998,9024729,4697922,0,1718754,7792031,7664562,0,1137599,624602,137884,0,0,0,375113,0,6736,5453
2015,7568,7568,7578,6324,14278787,12383254,1895533,494082,433366,968085,3287,174,3113,3328,210,3118,9411104,2015,12383254,2775675,1195033,0,155138,3577165,4680243,0,433366,196728,118299,0,0,0,118339,0,4281,2996
2016,7568,7568,7578,6382,15058350,13685537,1372813,235517,326421,810875,4843,151,4692,4892,195,4697,0,2016,13685537,1845266,1004751,0,383122,3589106,6863292,0,326421,171382,52332,0,0,0,102707,0,2725,1490
2017,7568,7568,7578,6376,16647834,15281412,1366422,136535,319999,909888,4549,153,4396,4599,196,4403,35160,2017,15281412,2421916,1118270,0,847152,3958944,6935130,0,319999,135700,102710,0,0,0,81589,0,3019,1777
2018,7568,7568,7578,6329,30243798,26612207,3631591,1151596,565644,1914351,2095,177,1918,2137,217,1920,0,2018,26612207,6501135,4597984,0,426794,6576254,8510040,0,565644,323166,48801,0,0,0,193677,0,5473,4192
2019,7568,7568,7578,6324,4355884,4064081,291803,54825,77358,159620,2377,201,2176,2420,238,2182,24397209,2019,4064081,471671,326015,0,138639,1168713,1959043,0,77358,30053,29667,0,0,0,17638,0,5191,3904
2020,7568,7568,7578,7274,2740896,2289460,451436,79161,120798,251477,7072,55,7017,7074,48,7026,0,2020,2289460,488761,175542,0,38856,1061331,524970,0,120798,63211,19980,0,0,0,37607,0,496,200
2021,7568,7568,7578,6322,36195164,29687796,6507368,2841666,1194445,2471257,1011,193,818,1050,229,821,38818,2021,29687796,9389259,4223857,0,1377652,7220350,7476678,0,1194445,646842,158788,0,0,0,388815,0,6557,5272
2022,7568,7568,7578,6303,32225672,28032273,4193399,2218133,813753,1161513,1560,187,1373,1607,232,1375,975988,2022,28032273,5183260,2450117,0,5337379,7643571,7417946,0,813753,492632,26156,0,0,0,294965,0,6008,4696
2023,7568,7568,7578,6310,35073522,28779695,6293827,3601167,1129214,1563446,1221,192,1029,1264,231,1033,0,2023,28779695,8144380,4065425,0,2202334,6885352,7482204,0,1129214,698469,12213,0,0,0,418532,0,6347,5046
2024,7568,7568,7578,6276,27635526,22238146,5397380,2679662,1242218,1475500,2567,179,2388,2615,222,2393,0,2024,22238146,5769639,2451803,0,299925,6267731,7449048,0,1242218,613779,258790,0,0,0,369649,0,5001,3661
2025,7568,7568,7578,6474,15594929,13374448,2220481,551199,640538,1028744,4654,137,4517,4689,169,4520,509161,2025,13374448,2576271,907291,0,11960,3904900,5974026,0,640538,273892,201413,0,0,0,165233,0,2914,1785
2026,7568,7568,7578,6367,16865352,14871354,1993998,327537,487915,1178546,4516,151,4365,4564,191,4373,0,2026,14871354,2650682,1348078,0,23096,3875686,6973812,0,487915,229648,120139,0,0,0,138128,0,3052,1803
2027,7568,7568,7578,6716,9200790,8369589,831201,66938,278516,485747,5903,127,5776,5915,131,5784,0,2027,8369589,1252206,776675,0,54816,2185600,4100292,0,278516,94874,126247,0,0,0,57395,0,1665,801
2028,7568,7568,7578,6382,17920818,16030967,1889851,366195,435600,1088056,4325,151,4174,4375,195,4180,0,2028,16030967,2915097,1124248,0,795003,4267015,6929604,0,435600,205080,107244,0,0,0,123276,0,3243,2007
2029,7568,7568,7578,6324,11052148,9540192,1511956,490342,339808,681806,3775,177,3598,3819,214,3605,9947052,2029,9540192,1747555,698957,0,57565,2838172,4197943,0,339808,186248,42306,0,0,0,111254,0,3793,2505
2030,7568,7568,7578,7359,2044620,1612046,432574,68964,121140,242470,7198,68,7130,7199,64,7135,0,2030,1612046,475812,369703,0,13554,703243,49734,0,121140,58613,27781,0,0,0,34746,0,370,160
2031,7568,7568,7578,6326,35266932,28106593,7160339,3279483,1417501,2463355,1186,196,990,1226,233,993,0,2031,28106593,9348576,3307725,0,442870,7392594,7614828,0,1417501,713005,275117,0,0,0,429379,0,6382,5100
2032,7568,7568,7578,6388,15186802,14341269,845533,321096,205192,319245,4818,153,4665,4869,200,4669,9698,2032,14341269,1445609,835097,0,1563626,3827055,6669882,0,205192,120446,12971,0,0,0,71775,0,2750,1519
2033,7568,7568,7578,6322,36211878,29368989,6842889,3299633,1740032,1803224,1015,198,817,1053,232,821,0,2033,29368989,8760486,3072248,0,1700113,8110794,7725348,0,1740032,673730,657657,0,0,0,408645,0,6553,5269
2034,7568,7568,7578,7310,2376180,2043159,333021,27830,147843,157348,7138,71,7067,7134,60,7074,0,2034,2043159,449443,279455,0,126684,1021797,165780,0,147843,40657,82756,0,0,0,24430,0,430,176
2035,7568,7568,7578,7319,2514330,2017823,496507,74451,118464,303592,7113,75,7038,7112,68,7044,0,2035,2017823,576088,266270,0,58638,923417,193410,0,118464,67353,10923,0,0,0,40188,0,455,207
2036,7568,7568,7578,6333,18351846,15868732,2483114,726537,667331,1089246,4247,160,4087,4291,198,4093,0,2036,15868732,2854610,1233213,0,15140,4543287,7222482,0,667331,309592,171356,0,0,0,186383,0,3321,2042
2037,7568,7568,7578,7569,63349,40007,23342,3066,5070,15206,7555,48,7507,7564,51,7513,8489,2037,40007,23889,10582,0,5536,0,0,0,5070,3067,530,0,0,0,1473,0,13,5
2038,7568,7568,7578,6323,14256623,11861855,2394768,1399488,495143,500137,2290,189,2101,2333,227,2106,14952940,2038,11861855,2462588,1051708,0,823738,3399498,4124323,0,495143,290475,30942,0,0,0,173726,0,5278,3990
2039,7568,7568,7578,6324,24103327,21001851,3101476,946710,633991,1520775,3206,167,3039,3249,204,3045,1085,2039,21001851,4485025,2610227,0,1088155,5430182,7388262,0,633991,336143,96122,0,0,0,201726,0,4362,3075
2040,7568,7568,7578,6322,33492001,28186899,5305102,2432155,1182923,1690024,1321,192,1129,1360,227,1133,1029623,2040,28186899,7350802,3365652,0,2997306,6946319,7526820,0,1182923,564305,278568,0,0,0,340050,0,6247,4962
2041,7568,7568,7578,6641,9897066,9192635,704431,40191,167809,496431,5777,109,5668,5799,125,5674,0,2041,9192635,1136556,1035135,0,98664,2153342,4768938,0,167809,77687,43777,0,0,0,46345,0,1791,842
2042,7568,7568,7578,7578,0,0,0,0,0,0,7568,46,7522,7578,50,7528,0,2042,0,0,0,0,0,0,0,0,0,0,0,0,0,0,0,0,0,0
2043,7568,7568,7578,6332,8899831,8087274,812557,120625,226051,465881,4504,156,4348,4550,194,4356,8049942,2043,8087274,1088422,701342,0,88702,2367535,3841273,0,226051,99769,66619,0,0,0,59663,0,3064,1782
2044,7568,7568,7578,6448,14058144,12398596,1659548,523614,626404,509530,5024,120,4904,5080,166,4914,0,2044,12398596,1753762,1064537,0,154016,3093485,6332796,0,626404,222801,268566,0,0,0,135037,0,2544,1368
2045,7568,7568,7578,7547,270774,193417,77357,2266,16462,58629,7519,41,7478,7528,46,7482,0,2045,193417,110244,58475,0,24698,0,0,0,16462,8906,2339,0,0,0,5217,0,49,19
2046,7568,7568,7578,7569,77364,44071,33293,4516,10450,18327,7554,24,7530,7564,26,7538,0,2046,44071,32051,8671,0,3349,0,0,0,10450,4338,3654,0,0,0,2458,0,14,5
2047,7568,7568,7578,7449,1107340,819107,288233,44743,82757,160733,7354,57,7297,7364,60,7304,75224,2047,819107,319777,163930,0,105621,229779,0,0,82757,38893,20909,0,0,0,22955,0,214,85
2048,7568,7568,7578,6544,11839077,10284973,1554104,346433,374312,833359,5143,123,5020,5162,137,5025,1567831,2048,10284973,1839052,606025,0,99397,2530255,5210244,0,374312,188946,72100,0,0,0,113266,0,2425,1382
2049,7568,7568,7578,7578,0,0,0,0,0,0,7568,45,7523,7578,49,7529,0,2049,0,0,0,0,0,0,0,0,0,0,0,0,0,0,0,0,0,0
2050,7568,7568,7578,6552,11129364,9997966,1131398,140486,411290,579622,5554,135,5419,5583,153,5430,0,2050,9997966,1449885,603453,0,0,2484940,5459688,0,411290,137508,190382,0,0,0,83400,0,2014,969
2051,7568,7568,7578,7532,265824,191206,74618,1953,18360,54305,7496,48,7448,7505,52,7453,132048,2051,191206,106851,56733,0,27622,0,0,0,18360,8599,4711,0,0,0,5050,0,72,27
2052,7568,7568,7578,7572,51240,30145,21095,1905,6182,13008,7558,22,7536,7567,25,7542,4020,2052,30145,21929,6809,0,1407,0,0,0,6182,2413,2523,0,0,0,1246,0,10,5
2053,7568,7568,7578,7000,4887231,4539247,347984,12091,80464,255429,6492,80,6412,6518,105,6413,1063515,2053,4539247,595042,317009,0,159942,1483006,1984248,0,80464,37600,20522,0,0,0,22342,0,1076,482
2054,7568,7568,7578,7578,0,0,0,0,0,0,7568,40,7528,7578,43,7535,0,2054,0,0,0,0,0,0,0,0,0,0,0,0,0,0,0,0,0,0
2055,7568,7568,7578,7578,0,0,0,0,0,0,7568,40,7528,7578,44,7534,0,2055,0,0,0,0,0,0,0,0,0,0,0,0,0,0,0,0,0,0
2056,7568,7568,7578,7139,4194234,3663670,530564,148032,125131,257401,6809,74,6735,6836,96,6740,0,2056,3663670,541262,305804,0,36956,1514194,1265454,0,125131,78262,378,0,0,0,46491,0,759,303
2057,7568,7568,7578,6323,21805596,19042321,2763275,692033,853790,1217452,3622,164,3458,3668,203,3465,0,2057,19042321,4246582,2251116,0,92680,5146571,7305372,0,853790,280370,402459,0,0,0,170961,0,3946,2655
2058,7568,7568,7578,7564,127098,74573,52525,12834,19201,20490,7545,45,7500,7556,47,7509,0,2058,74573,47123,18270,0,9180,0,0,0,19201,7425,7380,0,0,0,4396,0,23,8
2059,7568,7568,7578,7175,3779784,3353906,425878,39798,93367,292713,6884,89,6795,6915,114,6801,0,2059,3353906,543503,257425,0,0,1696448,856530,0,93367,55906,4346,0,0,0,33115,0,684,260
2060,7568,7568,7578,6321,33472558,26522743,6949815,3906621,1730991,1312203,1259,188,1071,1302,225,1077,1391855,2060,26522743,7656723,3894259,0,905078,6547514,7519169,0,1730991,746819,532615,0,0,0,451557,0,6309,5019
2061,7568,7568,7578,7284,2597220,2134293,462927,125270,140716,196941,7098,71,7027,7092,60,7032,0,2061,2134293,465646,207489,0,31634,1147698,281826,0,140716,68054,32244,0,0,0,40418,0,470,192
2062,7568,7568,7578,6344,19550988,16567871,2983117,1037530,818823,1126764,4030,165,3865,4079,205,3874,0,2062,16567871,3326045,1679029,0,47741,4369938,7145118,0,818823,358022,244781,0,0,0,216020,0,3538,2265
2063,7568,7568,7578,7431,1331766,903887,427879,82222,131583,214074,7327,72,7255,7337,77,7260,0,2063,903887,418852,149146,0,0,335889,0,0,131583,59809,36129,0,0,0,35645,0,241,94
2064,7568,7568,7578,6325,18589094,16403573,2185521,616475,493599,1075447,4067,172,3895,4107,207,3900,758740,2064,16403573,2700191,1598954,0,323628,4623000,7157800,0,493599,276689,51053,0,0,0,165857,0,3501,2218
2065,7568,7568,7578,6935,6147546,5640242,507304,33475,153894,319935,6411,92,6319,6436,110,6326,247242,2065,5640242,746228,411614,0,88664,2029436,2364300,0,153894,59693,58404,0,0,0,35797,0,1157,499
2066,7568,7568,7578,6648,10053947,9400919,653028,53754,207372,391902,5686,116,5570,5710,136,5574,347495,2066,9400919,1186092,817969,0,549817,2203041,4644000,0,207372,71166,93427,0,0,0,42779,0,1882,938
2067,7568,7568,7578,7578,0,0,0,0,0,0,7568,51,7517,7578,55,7523,0,2067,0,0,0,0,0,0,0,0,0,0,0,0,0,0,0,0,0,0
2068,7568,7568,7578,7577,8742,5596,3146,122,658,2366,7566,32,7534,7577,35,7542,2310,2068,5596,3824,1710,0,62,0,0,0,658,189,383,0,0,0,86,0,2,0
2069,7568,7568,7578,7578,0,0,0,0,0,0,7568,38,7530,7578,41,7537,0,2069,0,0,0,0,0,0,0,0,0,0,0,0,0,0,0,0,0,0
2070,7568,7568,7578,6511,8443990,7809491,634499,78796,211566,344137,5248,122,5126,5274,142,5132,4396504,2070,7809491,931128,532964,0,370524,1991207,3983668,0,211566,73256,94068,0,0,0,44242,0,2320,1237
2071,7568,7568,7578,7475,510156,420957,89199,2315,17768,69116,7405,50,7355,7414,53,7361,390582,2071,420957,170118,142003,0,69674,39162,0,0,17768,9314,2962,0,0,0,5492,0,163,61
2072,7568,7568,7578,7570,77364,43294,34070,6208,10683,17179,7554,43,7511,7565,47,7518,0,2072,43294,31156,11366,0,772,0,0,0,10683,4530,3635,0,0,0,2518,0,14,5
2073,7568,7568,7578,7564,80124,49009,31115,8600,8800,13715,7546,77,7469,7556,79,7477,41448,2073,49009,27838,9428,0,11743,0,0,0,8800,4520,1830,0,0,0,2450,0,22,8
2074,7568,7568,7578,7578,0,0,0,0,0,0,7568,36,7532,7578,41,7537,0,2074,0,0,0,0,0,0,0,0,0,0,0,0,0,0,0,0,0,0
2075,7568,7568,7578,7578,0,0,0,0,0,0,7568,40,7528,7578,46,7532,0,2075,0,0,0,0,0,0,0,0,0,0,0,0,0,0,0,0,0,0
2076,7568,7568,7578,6693,8035816,7386680,649136,102601,138344,408191,5948,119,5829,5967,132,5835,920520,2076,7386680,817764,455445,0,167445,1976820,3969206,0,138344,84209,4376,0,0,0,49759,0,1620,726
2077,7568,7568,7578,6441,13615890,11968560,1647330,454080,490038,703212,5023,143,4880,5068,184,4884,448132,2077,11968560,1722269,866927,0,504,3160010,6218850,0,490038,224883,129858,0,0,0,135297,0,2545,1373
2078,7568,7568,7578,7049,5094972,4585944,509028,71061,156403,281564,6646,82,6564,6673,102,6571,0,2078,4585944,623112,423206,0,63422,1834982,1641222,0,156403,67115,48978,0,0,0,40310,0,922,376
2079,7568,7568,7578,6539,4524537,4093073,431464,62222,138313,230929,5472,166,5306,5497,186,5311,7094435,2079,4093073,551379,378393,0,14415,932256,2216630,0,138313,51568,56027,0,0,0,30718,0,2096,1042
2080,7568,7568,7578,7578,0,0,0,0,0,0,7568,27,7541,7578,32,7546,0,2080,0,0,0,0,0,0,0,0,0,0,0,0,0,0,0,0,0,0
2081,7568,7568,7578,7578,0,0,0,0,0,0,7568,36,7532,7578,40,7538,0,2081,0,0,0,0,0,0,0,0,0,0,0,0,0,0,0,0,0,0
2082,7568,7568,7578,7578,0,0,0,0,0,0,7568,25,7543,7578,28,7550,0,2082,0,0,0,0,0,0,0,0,0,0,0,0,0,0,0,0,0,0
2083,7568,7568,7578,6487,6625896,5941686,684210,239648,206011,238551,5464,118,5346,5497,148,5349,5026779,2083,5941686,685301,338633,0,77685,1415537,3424530,0,206011,98341,49131,0,0,0,58539,0,2104,990
2084,7568,7568,7578,6424,14328918,12838844,1490074,274127,490666,725281,4975,130,4845,5030,178,4852,0,2084,12838844,1821441,1262305,0,3376,3186834,6564888,0,490666,185690,192518,0,0,0,112458,0,2593,1394
2085,7568,7568,7578,7576,16578,11118,5460,20,2454,2986,7565,23,7542,7575,26,7549,0,2085,11118,6980,2738,0,1400,0,0,0,2454,350,1923,0,0,0,181,0,3,1
2086,7568,7568,7578,7578,0,0,0,0,0,0,7568,17,7551,7578,21,7557,0,2086,0,0,0,0,0,0,0,0,0,0,0,0,0,0,0,0,0,0
2087,7568,7568,7578,7578,0,0,0,0,0,0,7568,35,7533,7578,39,7539,0,2087,0,0,0,0,0,0,0,0,0,0,0,0,0,0,0,0,0,0
2088,7568,7568,7578,7578,0,0,0,0,0,0,7568,30,7538,7578,34,7544,0,2088,0,0,0,0,0,0,0,0,0,0,0,0,0,0,0,0,0,0
2089,7568,7568,7578,7578,0,0,0,0,0,0,7568,32,7536,7578,36,7542,0,2089,0,0,0,0,0,0,0,0,0,0,0,0,0,0,0,0,0,0
2090,7568,7568,7578,7211,1688902,1457942,230960,48769,61521,120670,6966,91,6875,6978,94,6884,1648702,2090,1457942,257554,116322,0,6257,765553,312256,0,61521,32744,9563,0,0,0,19214,0,602,233
2091,7568,7568,7578,7498,600498,339628,260870,51471,122967,86432,7441,48,7393,7451,52,7399,101304,2091,339628,233956,105672,0,0,0,0,0,122967,36102,64877,0,0,0,21988,0,127,47
2092,7568,7568,7578,7578,0,0,0,0,0,0,7568,31,7537,7578,34,7544,0,2092,0,0,0,0,0,0,0,0,0,0,0,0,0,0,0,0,0,0
2093,7568,7568,7578,7578,0,0,0,0,0,0,7568,22,7546,7578,23,7555,0,2093,0,0,0,0,0,0,0,0,0,0,0,0,0,0,0,0,0,0
2094,7568,7568,7578,7578,0,0,0,0,0,0,7568,73,7495,7578,80,7498,0,2094,0,0,0,0,0,0,0,0,0,0,0,0,0,0,0,0,0,0
2095,7568,7568,7578,7578,0,0,0,0,0,0,7568,17,7551,7578,18,7560,0,2095,0,0,0,0,0,0,0,0,0,0,0,0,0,0,0,0,0,0
2096,7568,7568,7578,7578,0,0,0,0,0,0,7568,18,7550,7578,13,7565,0,2096,0,0,0,0,0,0,0,0,0,0,0,0,0,0,0,0,0,0
2097,7568,7568,7578,6527,9054428,8149792,904636,209348,245116,450172,5548,122,5426,5574,144,5430,2119422,2097,8149792,1019146,506906,0,63245,1965583,4594912,0,0,0,0,0,0,0,0,0,2020,953
2098,7568,7568,7578,7578,0,0,0,0,0,0,7568,70,7498,7578,73,7505,0,2098,0,0,0,0,0,0,0,0,245116,121878,50346,0,0,0,72892,0,0,0
2099,7568,7164,7578,7152,88416,13498,0,0,0,0,7148,60,7088,7147,50,7097,0,2099,13498,3400,10098,0,0,0,0,0,0,0,0,0,0,0,0,0,16,5
