"Year","AFem","AFemDeath","AMal","AMalDeath","Eggs","EggsDeath","FryGrad","FryExit","FryDeath","FryInStr","allMortAF","baseMortAF","tempMortAF","allMortAM","baseMortAM","tempMortAM","InVivo"
2010,7568,7568,7578,7014,5570208,5014964,555244,51411,152767,351066,6560,67,6493,6587,85,6502,0
2011,7568,7568,7578,6334,18042390,15707066,2335324,508577,646748,1179999,4303,163,4140,4351,202,4149,0
2012,7568,7568,7578,6323,34675650,29457260,5218390,1951525,1042782,2224083,1293,196,1097,1332,233,1099,0
2013,7568,7568,7578,6946,6796980,6196875,600105,39898,120682,439525,6338,94,6244,6364,112,6252,0
2014,7568,7568,7578,6322,37223136,30897998,6325138,2756968,1137599,2430571,832,192,640,869,228,641,0
2015,7568,7568,7578,6324,14278787,12383254,1895533,494082,433366,968085,3287,174,3113,3328,210,3118,9411104
2016,7568,7568,7578,6382,15058350,13685537,1372813,235517,326421,810875,4843,151,4692,4892,195,4697,0
2017,7568,7568,7578,6376,16647834,15281412,1366422,136535,319999,909888,4549,153,4396,4599,196,4403,35160
2018,7568,7568,7578,6329,30243798,26612207,3631591,1151596,565644,1914351,2095,177,1918,2137,217,1920,0
2019,7568,7568,7578,6324,4355884,4064081,291803,54825,77358,159620,2377,201,2176,2420,238,2182,24397209
2020,7568,7568,7578,7274,2740896,2289460,451436,79161,120798,251477,7072,55,7017,7074,48,7026,0
2021,7568,7568,7578,6322,36195164,29687796,6507368,2841666,1194445,2471257,1011,193,818,1050,229,821,38818
2022,7568,7568,7578,6303,32225672,28032273,4193399,2218133,813753,1161513,1560,187,1373,1607,232,1375,975988
2023,7568,7568,7578,6310,35073522,28779695,6293827,3601167,1129214,1563446,1221,192,1029,1264,231,1033,0
2024,7568,7568,7578,6276,27635526,22238146,5397380,2679662,1242218,1475500,2567,179,2388,2615,222,2393,0
2025,7568,7568,7578,6474,15594929,13374448,2220481,551199,640538,1028744,4654,137,4517,4689,169,4520,509161
2026,7568,7568,7578,6367,16865352,14871354,1993998,327537,487915,1178546,4516,151,4365,4564,191,4373,0
2027,7568,7568,7578,6716,9200790,8369589,831201,66938,278516,485747,5903,127,5776,5915,131,5784,0
2028,7568,7568,7578,6382,17920818,16030967,1889851,366195,435600,1088056,4325,151,4174,4375,195,4180,0
2029,7568,7568,7578,6324,11052148,9540192,1511956,490342,339808,681806,3775,177,3598,3819,214,3605,9947052
2030,7568,7568,7578,7359,2044620,1612046,432574,68964,121140,242470,7198,68,7130,7199,64,7135,0
2031,7568,7568,7578,6326,35266932,28106593,7160339,3279483,1417501,2463355,1186,196,990,1226,233,993,0
2032,7568,7568,7578,6388,15186802,14341269,845533,321096,205192,319245,4818,153,4665,4869,200,4669,9698
2033,7568,7568,7578,6322,36211878,29368989,6842889,3299633,1740032,1803224,1015,198,817,1053,232,821,0
2034,7568,7568,7578,7310,2376180,2043159,333021,27830,147843,157348,7138,71,7067,7134,60,7074,0
2035,7568,7568,7578,7319,2514330,2017823,496507,74451,118464,303592,7113,75,7038,7112,68,7044,0
2036,7568,7568,7578,6333,18351846,15868732,2483114,726537,667331,1089246,4247,160,4087,4291,198,4093,0
2037,7568,7568,7578,7569,63349,40007,23342,3066,5070,15206,7555,48,7507,7564,51,7513,8489
2038,7568,7568,7578,6323,14256623,11861855,2394768,1399488,495143,500137,2290,189,2101,2333,227,2106,14952940
2039,7568,7568,7578,6324,24103327,21001851,3101476,946710,633991,1520775,3206,167,3039,3249,204,3045,1085
2040,7568,7568,7578,6322,33492001,28186899,5305102,2432155,1182923,1690024,1321,192,1129,1360,227,1133,1029623
2041,7568,7568,7578,6641,9897066,9192635,704431,40191,167809,496431,5777,109,5668,5799,125,5674,0
2042,7568,7568,7578,7578,0,0,0,0,0,0,7568,46,7522,7578,50,7528,0
2043,7568,7568,7578,6332,8899831,8087274,812557,120625,226051,465881,4504,156,4348,4550,194,4356,8049942
2044,7568,7568,7578,6448,14058144,12398596,1659548,523614,626404,509530,5024,120,4904,5080,166,4914,0
2045,7568,7568,7578,7547,270774,193417,77357,2266,16462,58629,7519,41,7478,7528,46,7482,0
2046,7568,7568,7578,7569,77364,44071,33293,4516,10450,18327,7554,24,7530,7564,26,7538,0
2047,7568,7568,7578,7449,1107340,819107,288233,44743,82757,160733,7354,57,7297,7364,60,7304,75224
2048,7568,7568,7578,6544,11839077,10284973,1554104,346433,374312,833359,5143,123,5020,5162,137,5025,1567831
2049,7568,7568,7578,7578,0,0,0,0,0,0,7568,45,7523,7578,49,7529,0
2050,7568,7568,7578,6552,11129364,9997966,1131398,140486,411290,579622,5554,135,5419,5583,153,5430,0
2051,7568,7568,7578,7532,265824,191206,74618,1953,18360,54305,7496,48,7448,7505,52,7453,132048
2052,7568,7568,7578,7572,51240,30145,21095,1905,6182,13008,7558,22,7536,7567,25,7542,4020
2053,7568,7568,7578,7000,4887231,4539247,347984,12091,80464,255429,6492,80,6412,6518,105,6413,1063515
2054,7568,7568,7578,7578,0,0,0,0,0,0,7568,40,7528,7578,43,7535,0
2055,7568,7568,7578,7578,0,0,0,0,0,0,7568,40,7528,7578,44,7534,0
2056,7568,7568,7578,7139,4194234,3663670,530564,148032,125131,257401,6809,74,6735,6836,96,6740,0
2057,7568,7568,7578,6323,21805596,19042321,2763275,692033,853790,1217452,3622,164,3458,3668,203,3465,0
2058,7568,7568,7578,7564,127098,74573,52525,12834,19201,20490,7545,45,7500,7556,47,7509,0
2059,7568,7568,7578,7175,3779784,3353906,425878,39798,93367,292713,6884,89,6795,6915,114,6801,0
2060,7568,7568,7578,6321,33472558,26522743,6949815,3906621,1730991,1312203,1259,188,1071,1302,225,1077,1391855
2061,7568,7568,7578,7284,2597220,2134293,462927,125270,140716,196941,7098,71,7027,7092,60,7032,0
2062,7568,7568,7578,6344,19550988,16567871,2983117,1037530,818823,1126764,4030,165,3865,4079,205,3874,0
2063,7568,7568,7578,7431,1331766,903887,427879,82222,131583,214074,7327,72,7255,7337,77,7260,0
2064,7568,7568,7578,6325,18589094,16403573,2185521,616475,493599,1075447,4067,172,3895,4107,207,3900,758740
2065,7568,7568,7578,6935,6147546,5640242,507304,33475,153894,319935,6411,92,6319,6436,110,6326,247242
2066,7568,7568,7578,6648,10053947,9400919,653028,53754,207372,391902,5686,116,5570,5710,136,5574,347495
2067,7568,7568,7578,7578,0,0,0,0,0,0,7568,51,7517,7578,55,7523,0
2068,7568,7568,7578,7577,8742,5596,3146,122,658,2366,7566,32,7534,7577,35,7542,2310
2069,7568,7568,7578,7578,0,0,0,0,0,0,7568,38,7530,7578,41,7537,0
2070,7568,7568,7578,6511,8443990,7809491,634499,78796,211566,344137,5248,122,5126,5274,142,5132,4396504
2071,7568,7568,7578,7475,510156,420957,89199,2315,17768,69116,7405,50,7355,7414,53,7361,390582
2072,7568,7568,7578,7570,77364,43294,34070,6208,10683,17179,7554,43,7511,7565,47,7518,0
2073,7568,7568,7578,7564,80124,49009,31115,8600,8800,13715,7546,77,7469,7556,79,7477,41448
2074,7568,7568,7578,7578,0,0,0,0,0,0,7568,36,7532,7578,41,7537,0
2075,7568,7568,7578,7578,0,0,0,0,0,0,7568,40,7528,7578,46,7532,0
2076,7568,7568,7578,6693,8035816,7386680,649136,102601,138344,408191,5948,119,5829,5967,132,5835,920520
2077,7568,7568,7578,6441,13615890,11968560,1647330,454080,490038,703212,5023,143,4880,5068,184,4884,448132
2078,7568,7568,7578,7049,5094972,4585944,509028,71061,156403,281564,6646,82,6564,6673,102,6571,0
2079,7568,7568,7578,6539,4524537,4093073,431464,62222,138313,230929,5472,166,5306,5497,186,5311,7094435
2080,7568,7568,7578,7578,0,0,0,0,0,0,7568,27,7541,7578,32,7546,0
2081,7568,7568,7578,7578,0,0,0,0,0,0,7568,36,7532,7578,40,7538,0
2082,7568,7568,7578,7578,0,0,0,0,0,0,7568,25,7543,7578,28,7550,0
2083,7568,7568,7578,6487,6625896,5941686,684210,239648,206011,238551,5464,118,5346,5497,148,5349,5026779
2084,7568,7568,7578,6424,14328918,12838844,1490074,274127,490666,725281,4975,130,4845,5030,178,4852,0
2085,7568,7568,7578,7576,16578,11118,5460,20,2454,2986,7565,23,7542,7575,26,7549,0
2086,7568,7568,7578,7578,0,0,0,0,0,0,7568,17,7551,7578,21,7557,0
2087,7568,7568,7578,7578,0,0,0,0,0,0,7568,35,7533,7578,39,7539,0
2088,7568,7568,7578,7578,0,0,0,0,0,0,7568,30,7538,7578,34,7544,0
2089,7568,7568,7578,7578,0,0,0,0,0,0,7568,32,7536,7578,36,7542,0
2090,7568,7568,7578,7211,1688902,1457942,230960,48769,61521,120670,6966,91,6875,6978,94,6884,1648702
2091,7568,7568,7578,7498,600498,339628,260870,51471,122967,86432,7441,48,7393,7451,52,7399,101304
2092,7568,7568,7578,7578,0,0,0,0,0,0,7568,31,7537,7578,34,7544,0
2093,7568,7568,7578,7578,0,0,0,0,0,0,7568,22,7546,7578,23,7555,0
2094,7568,7568,7578,7578,0,0,0,0,0,0,7568,73,7495,7578,80,7498,0
2095,7568,7568,7578,7578,0,0,0,0,0,0,7568,17,7551,7578,18,7560,0
2096,7568,7568,7578,7578,0,0,0,0,0,0,7568,18,7550,7578,13,7565,0
2097,7568,7568,7578,6527,9054428,8149792,904636,209348,245116,450172,5548,122,5426,5574,144,5430,2119422
2098,7568,7568,7578,7578,0,0,0,0,0,0,7568,70,7498,7578,73,7505,0
2099,7568,7164,7578,7152,88416,13498,0,0,0,0,7148,60,7088,7147,50,7097,0
