"cnrmcm3","gfdlcm21","miroc32med","mpiecham5","ncarccsm3","ncarpcm1"
0.368458299245637,0.386850877611702,0.489564994598305,0.515421249017406,0.469659819647785,0.477599934009734
0.514685991079223,0.359219690545369,0.502130390963159,0.463365956791527,0.594482446598577,0.476769051372326
0.116041778811736,0.520595876682772,0.425519281191366,0.199313017282475,0.390509036039232,0.485505413014199
0.561946230093415,0.494989727773501,0.341764840396352,0.363469585109301,0.305127951846957,0.134948547324756
0.53379086635462,0.0794979474800535,0.0159941305942773,0.161846514496,0.167919764342825,0.226237772393713
0.523656106147307,0.357836892514604,0.317309342214338,0.0385713184684338,0.626568313269631,0.242416040174638
0.665911996161347,0.206594293722205,0.834638816362054,0.451389866901045,0.026420571877669,0.247085744882019
0.308034671601397,0.0965569506880931,0.626858568645573,0.191056342440205,0.0552590027811841,0.0482379750956295
0.164875304038075,0.40434077128272,0.509634301869762,0.487648642923289,0.428343699272256,0.23428390630689
0.350074470373903,0.0470920619924054,0.173354710004909,0.490608760921479,0.0271937259736813,0.333426447096987
0.417213024844672,0.484891555178929,0.131389571077731,0.227176392112361,0.000690786633278646,0.12673202316859
0.522355376911994,0.13253630570302,0.170745936995275,0.191439595462084,0.00650391838534464,0.481921807488435
0.666973712789411,0.0964942378756979,0.214696100278804,0.257337780005206,0.178546640992935,0.363161057544719
0.501241252890116,NA,0.433799011619897,0.393555386194668,0.308075914009196,0.377096227212838
0.326776260399275,0.00824022002091748,0.218867776134898,0.400579064209928,0.40231026117068,0.607223182145698
0.559780266580139,0.122579596122652,0.322665299939223,0.500169282226304,0.0608341839203631,0.333391938051983
0.185450205468988,0.457271479141237,0.48140023164846,0.400666368252184,0.0493766784209759,0.0338168892304736
0.0365108150463563,0.0352626218536301,0.484098875650514,0.324756009407526,0.488353930489384,0.355008236501857
0.0276369780352402,0.422364638801188,0.0128267961826714,0.0447539881961082,0.189950553195192,0.619355581167863
0.039551555289393,0.0464532196450054,0.0132212462520181,0.167315784883404,0.128693982577268,0.39436579795038
0.410533077641904,0.0643848933122561,NA,0.422586845068455,NA,0.641586154943549
0.505670518724028,0.0427645399435808,0.542428002167644,0.463422223982159,0.0473548821680301,0.511185297769859
0.338635830181448,NA,0.049285664689335,0.576263358218955,0.403026968168969,0.245955829704179
0.499650925779176,0.125012228324739,0.133090433364723,0.531645368914193,0.440590442257013,0.447413232033423
0.196839244804518,0.39072512284713,0.354466918247139,0.542948394927802,0.0483336613916471,0.463793483367495
0.353134622792662,0.0556215433725548,0.175336295199309,0.124093940272543,0.182993891857916,0.41655836091087
0.40762213335395,0.099372130308143,0.117919875182445,0.119427174891738,0.153929571768794,0.417512850508523
0.121339770869841,0.446784792545333,0.398904499767206,0.37493426887147,0.0370056000259593,0.328537469809899
0.431268917570768,0.0175976473900734,0.351921287592148,0.57188906642854,0.223515051809003,0.00932517540821693
0.374510417717961,0,0.234732743212188,0.190723048263,0.0136061256366359,0.106197005091655
0.245422570156419,NA,0.458546728972693,0.106891701828411,0.00880281690140845,0.328048503559759
0.299406115298684,0.0888002870762383,0.229717575753198,0.117501613041497,NA,0.474610563267188
0.120975769453674,0,0.253569189064557,0.607431838267543,NA,0.450511543375175
0.14925369863494,0.261515676761255,0.0808704401355027,0.21672785165395,NA,0.0199571892248963
0.0317648884062147,0.170257101118452,0.110097169412759,0.30611031261293,0.214879590274894,0.349786675049963
NA,0.428885194587077,NA,NA,0.325830434716504,0.358563691909124
0.0245969845004758,0.307206854878989,0.308451630556023,NA,0.179355953566605,0.455422866089498
0.0185884549109707,0.330882433126073,0.1455069791166,0.531911734749767,0.121325355041335,0.38120097090794
0.203572779842829,0.34551257338337,0.208149503581029,0.466909870613378,0.252297569747533,0.454915544069139
0.351836599494623,0.183235873101992,NA,0.285038387379492,0.131150297434424,0.573409109339778
0.547891701577198,0.0738696001853897,NA,0.45918585436458,0.0627421430764775,0.0588943420687101
0.428408784401983,0.271517522509743,0.241373812698526,0.332424793685788,0.0760108026190522,0.0633813453432012
0.410797185320728,0.206099628435653,0.188012855950484,0.433416545135848,0.0816330622255786,0.00195567144719687
0.0909049012916898,0.485207311542014,0.353409489448006,0.398948774053552,0.14659453519579,0.0121229158247975
0.0811659192825112,0.40221153730454,0.0355360236830329,NA,0.118454191936491,0.493611436575835
0.431183117706465,0.0563638446557452,0.178099233475716,0.452495785454971,0.494649932568764,0.435940648113122
0.372686667342932,NA,0.268900475668724,0.502144201836984,0.249804482960714,0.0948228504106905
0.054388078638588,0.0662654948186902,0.0902579536127444,0.056316374817367,0.0976193453101923,0.695973844767959
0.00441247522604692,0.280646165162531,0.221294363256785,0.150569588905399,NA,0.138553207820867
NA,0.0829851587654348,NA,0.11069436974552,NA,0.367269072888164
NA,0.0501010694476502,NA,0.219563765858001,0.0462046204620462,0.237529449139439
NA,0.0278381414422855,0.284544744180712,0.0772187281621244,0.370776931447225,0.541349467941696
NA,NA,0.104705056074612,0.460478186111194,0.283919265511172,0.292870341849355
0.0709714508335748,NA,0.156695305300755,NA,0.463551155303088,0.187177428838769
0.297325102880658,0.123102495814317,0.389828908708947,0.560711917075279,NA,0.445572248214652
0.0889507719695859,NA,NA,0.358063526955371,0.150486673801152,0.321526120138805
NA,0.054695895121427,0.238505040570445,0.457287519947738,0.0154365994287187,0.547885938084925
0.434311362507324,NA,0.280199890391993,NA,NA,0.194019565343134
NA,NA,0.272717635536095,NA,NA,0.115438456770104
NA,NA,0.0613702351967626,NA,0.151127819548872,0.0964355045143064
NA,0.207215063510459,NA,0.253768844221106,0.117868689697309,0.180292976151584
0.0529732845131543,0.0466595970307529,0.289056500631256,0.511570514599245,0.0703299985067941,0.189475067341173
NA,0.313812154696133,NA,0.381290378320262,NA,0.189363826137943
0.205137037037037,0.319099070258994,NA,0.307204164020289,0.19282610319753,0.404854245435656
0.255222230692994,0.165760869565217,NA,0.212466026862743,NA,0.476377643267039
0.287587054485866,NA,NA,NA,NA,0.224250540781938
0.173263888888889,NA,NA,NA,0.0274953979723604,0.302093838570617
0.3398524902627,NA,NA,NA,NA,0.349604815991239
0.128969140462508,NA,NA,0.40547467152645,0.111898512685914,0.234757314777847
0.350136818054565,NA,NA,NA,NA,0.322335025380711
0.0229180705300988,NA,0.238696808510638,0.347514402932961,0.152173913043478,0.14611688724966
NA,NA,0.287299695404582,0.42313615930728,0.21109683261534,0.603121802244874
NA,NA,0.403990432470176,0.12261784205865,NA,0.115101706143305
NA,NA,0.254253810705424,0.205864537138919,0.352665934954653,0.00278620319420212
0.30142213295506,NA,0.398466524385424,0.322667789865071,NA,NA
0.0350701991423368,NA,0.403840070854685,0.425865392674545,NA,NA
NA,NA,NA,0.437569179812591,NA,0.0598307964220493
NA,NA,NA,0.127270549361636,0.446366953021099,NA
0.334863901384323,NA,NA,NA,0.25237491594073,0.318805403123681
NA,NA,NA,0.168207697272152,NA,0.421892528942776
NA,NA,NA,0.298028122989574,0.140659870921045,0.445152452829652
0.0563111199686626,NA,0.410528823249166,NA,NA,0.0644982485533113
0.36098486317623,NA,NA,NA,NA,0.582897779265504
0.334374040573412,NA,NA,NA,NA,0.349479572781543
NA,NA,NA,NA,NA,0.308491192310569
NA,NA,0.192649593323859,NA,NA,0.246513874132436
NA,NA,NA,NA,NA,NA
NA,NA,NA,NA,NA,NA
NA,NA,NA,NA,NA,NA
NA,NA,NA,NA,NA,NA
