"Year","AFem","AFemDeath","AMal","AMalDeath","Eggs","EggsDeath","FryGrad","FryExit","FryDeath","FryInStr","allMortAF","baseMortAF","tempMortAF","allMortAM","baseMortAM","tempMortAM","InVivo","Year","allMortEgg","baseMortEgg","tempMortEgg","denMortEgg","incMortEgg","superMortEgg","lostMortEgg","catMortEgg","allMortFry","baseMortFry","tempMortFry","denMortFry","habMortFry","freshMortFry","seasMortFry","catMortFry","allMortSF","allMortSM"
2010,7568,7568,7578,6322,39903246,32309953,7593293,4654050,1352680,1586563,347,195,152,383,231,152,0,2010,32309953,9629434,4172324,0,3701577,7363096,7443522,0,1352680,807304,61383,0,0,0,483993,0,7221,5939
2011,7568,7568,7578,6323,23559921,19549066,4010855,2498762,723558,788535,564,190,374,602,227,375,15179549,2011,19549066,4506850,2314415,0,3577256,4488347,4662198,0,723558,452200,980,0,0,0,270378,0,7004,5721
2012,7568,7568,7578,7025,40908978,32990974,7918004,3996634,1378092,2543278,165,165,0,213,213,0,0,2012,32990974,11306373,4517155,0,3808005,6838761,6520680,0,1378092,808561,84552,0,0,0,484979,0,7403,6812
2013,7568,7568,7578,6322,40770828,32838555,7932273,3894218,1542676,2495379,190,190,0,226,226,0,0,2013,32838555,10893411,6625901,0,1398038,6582677,7338528,0,1542676,760754,323640,0,0,0,458282,0,7378,6096
2014,7568,7568,7578,7285,3033774,2482699,551075,55630,128997,366448,7019,94,6925,7010,77,6933,0,2014,2482699,707474,290302,0,120384,1099291,265248,0,128997,69443,18502,0,0,0,41052,0,549,275
2015,7568,7568,7578,6322,34728911,29239925,5488986,2546417,1047281,1895288,289,193,96,326,229,97,5497834,2015,29239925,8485143,5136235,0,2153265,6452887,7012395,0,1047281,534134,191925,0,0,0,321222,0,7279,5996
2016,7568,7568,7578,6322,40765302,34033972,6731330,3432126,1699367,1599837,191,190,1,227,226,1,0,2016,34033972,10505978,5324206,0,3722594,7087406,7393788,0,1699367,660819,637768,0,0,0,400780,0,7377,6095
2017,7568,7568,7578,7453,900038,594783,305255,33542,85242,186471,7356,43,7313,7366,47,7319,271474,2017,594783,336317,115289,0,13795,129382,0,0,85242,40021,21478,0,0,0,23743,0,212,87
2018,7568,7568,7578,6342,34935372,27728045,7207327,3825037,1717424,1664866,1246,191,1055,1281,225,1056,0,2018,27728045,8947728,3564794,0,2552631,5760918,6901974,0,1717424,750473,513286,0,0,0,453665,0,6322,5061
2019,7568,7568,7578,6329,24314400,20621006,3693394,1139240,845724,1708430,3168,166,3002,3212,205,3007,0,2019,20621006,5051230,1775031,0,792776,5779487,7222482,0,845724,392621,216418,0,0,0,236685,0,4400,3117
2020,7568,7568,7578,6322,40770828,34953544,5817284,2897304,1024775,1895205,190,190,0,226,226,0,0,2020,34953544,9994357,7051770,0,3676035,6843120,7388262,0,1024775,577833,100275,0,0,0,346667,0,7378,6096
2021,7568,7568,7578,6322,39215396,32244286,6971110,3068197,1510789,2392124,471,200,271,507,235,272,2626,2021,32244286,10178993,5810856,0,1675722,7102037,7476678,0,1510789,657365,456064,0,0,0,397360,0,7097,5815
2022,7568,7568,7578,6362,18770175,16175357,2594818,637473,697550,1259795,4050,163,3887,4097,203,3894,671694,2022,16175357,3445452,1619788,0,299801,4011538,6798778,0,697550,281835,245311,0,0,0,170404,0,3518,2265
2023,7568,7568,7578,7578,0,0,0,0,0,0,7568,44,7524,7578,48,7530,0,2023,0,0,0,0,0,0,0,0,0,0,0,0,0,0,0,0,0,0
2024,7568,7568,7578,7321,2635902,2269896,366006,6058,82840,277108,7091,73,7018,7092,66,7026,0,2024,2269896,646711,312366,0,149873,1022796,138150,0,82840,37217,23341,0,0,0,22282,0,477,229
2025,7568,7568,7578,7188,4050558,3525697,524861,68434,118807,337620,6835,75,6760,6866,103,6763,0,2025,3525697,718793,219244,0,84428,1552760,950472,0,118807,68478,9777,0,0,0,40552,0,733,322
2026,7568,7568,7578,6730,39975154,31931757,8043397,3947397,2085297,2010703,198,198,0,226,226,0,751666,2026,31931757,10349759,4987735,0,1876448,7682491,7035324,0,2085297,774724,839860,0,0,0,470713,0,7370,6504
2027,7568,7568,7578,7232,3674790,3160925,513865,22453,134074,357338,6903,62,6841,6911,62,6849,0,2027,3160925,758306,381187,0,55857,1424027,541548,0,134074,58563,40569,0,0,0,34942,0,665,321
2028,7568,7568,7578,7509,617250,327007,290243,121127,86570,82546,7452,44,7408,7462,47,7415,23766,2028,327007,206357,110250,0,10400,0,0,0,86570,44964,15046,0,0,0,26560,0,116,47
2029,7568,7568,7578,6529,8363963,7525772,838191,109920,162177,566094,5050,130,4920,5079,155,4924,5573715,2029,7525772,1220970,560669,0,278414,2008727,3456992,0,162177,96490,8246,0,0,0,57441,0,2518,1450
2030,7568,7568,7578,6376,23463396,21022703,2440693,776944,660981,1002768,3322,157,3165,3369,199,3170,0,2030,21022703,4496461,2736958,0,1894471,5059151,6835662,0,660981,245467,266563,0,0,0,148951,0,4246,3007
2031,7568,7568,7578,7559,193410,130886,62524,3218,25308,33998,7533,41,7492,7543,44,7499,0,2031,130886,77400,34642,0,18844,0,0,0,25308,6928,14329,0,0,0,4051,0,35,16
2032,7568,7568,7578,7578,0,0,0,0,0,0,7568,39,7529,7578,43,7535,0,2032,0,0,0,0,0,0,0,0,0,0,0,0,0,0,0,0,0,0
2033,7568,7568,7578,6322,23408156,19189122,4219034,2088842,759992,1370200,231,196,35,268,232,36,17173175,2033,19189122,6015203,2447808,0,1782964,4162787,4780360,0,759992,424562,80853,0,0,0,254577,0,7337,6054
2034,7568,7568,7578,7032,37230112,31384125,5845987,2482955,1580655,1782377,187,187,0,213,213,0,3564103,2034,31384125,9082740,8100833,0,1769593,5837065,6593894,0,1580655,519641,744064,0,0,0,316950,0,7381,6819
2035,7568,7568,7578,7552,207011,122938,84073,4733,21140,58200,7525,46,7479,7533,50,7483,30607,2035,122938,94481,21023,0,7434,0,0,0,21140,10138,5041,0,0,0,5961,0,43,19
2036,7568,7568,7578,7453,987354,712729,274625,26776,78970,168879,7359,62,7297,7369,66,7303,167580,2036,712729,320506,113491,0,83496,195236,0,0,78970,35537,22360,0,0,0,21073,0,209,84
2037,7568,7568,7578,6324,39809304,34789380,5019924,2903537,939713,1176674,364,195,169,400,231,169,0,2037,34789380,6825213,4069779,0,7473264,8878134,7542990,0,939713,525473,98950,0,0,0,315290,0,7204,5924
2038,7568,7568,7578,6323,37941516,33257525,4683991,1433516,1028113,2222362,702,190,512,741,224,517,0,2038,33257525,9990624,6636858,0,2187981,7070378,7371684,0,1028113,375842,424088,0,0,0,228183,0,6866,5582
2039,7568,7568,7578,7534,408924,332232,76692,0,19316,57376,7494,57,7437,7504,62,7442,0,2039,332232,172126,111932,0,48174,0,0,0,19316,6045,9651,0,0,0,3620,0,74,30
2040,7568,7568,7578,7578,0,0,0,0,0,0,7568,30,7538,7578,36,7542,0,2040,0,0,0,0,0,0,0,0,0,0,0,0,0,0,0,0,0,0
2041,7568,7568,7578,6407,29536470,26828111,2708359,670331,528463,1509565,2223,177,2046,2266,220,2046,0,2041,26828111,6229413,5974272,0,2516331,5548733,6559362,0,528463,210407,190864,0,0,0,127192,0,5345,4141
2042,7568,7568,7578,7577,3868,2576,1292,26,184,1082,7566,39,7527,7577,44,7533,7184,2042,2576,1664,514,0,398,0,0,0,184,66,86,0,0,0,32,0,2,0
2043,7568,7568,7578,7392,1768320,1334484,433836,111222,115324,207290,7248,81,7167,7247,74,7173,0,2043,1334484,471354,179205,0,217945,465980,0,0,115324,62735,15296,0,0,0,37293,0,320,145
2044,7568,7568,7578,6338,26442388,22718438,3723950,1634495,827400,1262055,2531,172,2359,2577,213,2364,1392074,2044,22718438,4842263,3550215,0,1595015,5501306,7229639,0,827400,416250,160837,0,0,0,250313,0,5037,3761
2045,7568,7568,7578,6324,39168288,34567999,4600289,2480881,935682,1183726,480,203,277,518,241,277,0,2045,34567999,9426492,5306123,0,5489989,6929503,7415892,0,935682,483373,161813,0,0,0,290496,0,7088,5806
2046,7568,7568,7578,6341,27792645,23331651,4460994,2443002,960169,1057823,2537,178,2359,2580,218,2362,8661,2046,23331651,5252677,3333365,0,2309432,5329741,7106436,0,960169,522127,124579,0,0,0,313463,0,5031,3761
2047,7568,7568,7578,6324,38157030,31104540,7052490,3971604,1309711,1771175,663,192,471,698,229,469,0,2047,31104540,8762753,5422972,0,3082020,6570105,7266690,0,1309711,752096,106160,0,0,0,451455,0,6905,5626
2048,7568,7568,7578,6322,26706589,22582955,4123634,2109694,785988,1227952,373,197,176,411,233,178,13082364,2048,22582955,6538239,3425391,0,2402220,4930237,5286868,0,785988,425298,105514,0,0,0,255176,0,7195,5911
2049,7568,7568,7578,7041,21982428,17838704,4143724,1818911,871951,1452862,3590,152,3438,3626,182,3444,0,2049,17838704,4609373,2070638,0,903930,4750867,5503896,0,871951,495265,79615,0,0,0,297071,0,3978,3415
2050,7568,7568,7578,7429,1339596,1068899,270697,18900,92452,159345,7310,58,7252,7321,66,7255,86112,2050,1068899,373391,321201,0,82459,291848,0,0,92452,32391,40660,0,0,0,19401,0,258,108
2051,7568,7568,7578,7340,2260134,1826036,434098,88111,137085,208902,7159,98,7061,7163,94,7069,0,2051,1826036,476056,242017,0,125765,877204,104994,0,137085,60481,40476,0,0,0,36128,0,409,177
2052,7568,7568,7578,7431,908874,745429,163445,29592,36719,97134,7327,51,7276,7337,52,7285,422892,2052,745429,257070,119762,0,144092,224505,0,0,36719,22347,1225,0,0,0,13147,0,241,94
2053,7568,7568,7578,7021,30344995,23806146,6538849,4081975,1339724,1117150,529,187,342,558,218,340,8572771,2053,23806146,7019070,4863425,0,2287579,4870407,4765665,0,1339724,718536,189536,0,0,0,431652,0,7039,6463
2054,7568,7568,7578,6355,20189582,16788925,3400657,1701289,733161,966207,2489,191,2298,2533,232,2301,7888470,2054,16788925,3771427,3173799,0,735598,3824489,5283612,0,733161,387713,112712,0,0,0,232736,0,5079,3822
2055,7568,7568,7578,7553,226566,142733,83833,11583,24904,47346,7527,50,7477,7537,49,7488,0,2055,142733,84789,52513,0,5431,0,0,0,24904,10973,7462,0,0,0,6469,0,41,16
2056,7568,7568,7578,7578,0,0,0,0,0,0,7568,29,7539,7578,35,7543,0,2056,0,0,0,0,0,0,0,0,0,0,0,0,0,0,0,0,0,0
2057,7568,7568,7578,6403,20733552,17942227,2791325,801103,652060,1338162,3816,154,3662,3870,201,3669,0,2057,17942227,4217380,1819564,0,877736,4396347,6631200,0,652060,302123,167946,0,0,0,181991,0,3752,2533
2058,7568,7568,7578,6601,14566536,12957754,1608782,616712,445588,546482,4932,137,4795,4958,159,4799,0,2058,12957754,2392861,1594649,0,1034793,2846005,5089446,0,445588,206192,115362,0,0,0,124034,0,2636,1643
2059,7568,7568,7578,6339,11243356,9795207,1448149,422493,394390,631266,2689,178,2511,2731,215,2516,15757738,2059,9795207,2169580,1383526,0,256928,2476121,3509052,0,394390,142336,166062,0,0,0,85992,0,4879,3608
2060,7568,7568,7578,7168,4072662,3718183,354479,19012,89908,245559,6831,88,6743,6860,111,6749,0,2060,3718183,563958,414629,0,162642,1593326,983628,0,89908,41624,23531,0,0,0,24753,0,737,308
2061,7568,7568,7578,6326,37410336,32203992,5206344,2233900,1191258,1781186,514,197,317,552,235,317,1570068,2061,32203992,9097310,6178594,0,2479219,6964721,7484148,0,1191258,483249,415501,0,0,0,292508,0,7054,5774
2062,7568,7568,7578,7578,0,0,0,0,0,0,7568,28,7540,7578,34,7544,0,2062,0,0,0,0,0,0,0,0,0,0,0,0,0,0,0,0,0,0
2063,7568,7568,7578,7578,0,0,0,0,0,0,7568,19,7549,7578,26,7552,0,2063,0,0,0,0,0,0,0,0,0,0,0,0,0,0,0,0,0,0
2064,7568,7568,7578,6331,34935372,28993134,5942238,2770336,1353369,1818533,1246,190,1056,1286,227,1059,0,2064,28993134,8266742,4274369,0,2038570,6975457,7437996,0,1353369,590308,406317,0,0,0,356744,0,6322,5045
2065,7568,7568,7578,7578,0,0,0,0,0,0,7568,37,7531,7578,38,7540,0,2065,0,0,0,0,0,0,0,0,0,0,0,0,0,0,0,0,0,0
2066,7568,7568,7578,7074,5818878,5181674,637204,29505,181303,426396,6515,100,6415,6545,119,6426,0,2066,5181674,1049265,717881,0,229569,1786881,1398078,0,181303,69730,69629,0,0,0,41944,0,1053,529
2067,7568,7568,7578,7578,0,0,0,0,0,0,7568,10,7558,7578,12,7566,0,2067,0,0,0,0,0,0,0,0,0,0,0,0,0,0,0,0,0,0
2068,7568,7568,7578,7578,0,0,0,0,0,0,7568,32,7536,7578,35,7543,0,2068,0,0,0,0,0,0,0,0,0,0,0,0,0,0,0,0,0,0
2069,7568,7568,7578,7578,0,0,0,0,0,0,7568,25,7543,7578,29,7549,0,2069,0,0,0,0,0,0,0,0,0,0,0,0,0,0,0,0,0,0
2070,7568,7568,7578,7356,1865084,1569244,295840,47589,82462,165789,7186,66,7120,7194,67,7127,246476,2070,1569244,370247,293174,0,129593,712556,63674,0,82462,40051,18775,0,0,0,23636,0,382,162
2071,7568,7568,7578,7555,127816,92629,35187,2163,9681,23343,7530,61,7469,7541,65,7476,82172,2071,92629,46914,30113,0,15602,0,0,0,9681,4218,3064,0,0,0,2399,0,38,14
2072,7568,7568,7578,7089,2464910,2226358,238552,66716,54379,117457,6630,95,6535,6658,111,6547,2720840,2072,2226358,303168,335272,0,94913,953593,539412,0,54379,32975,2158,0,0,0,19246,0,938,431
2073,7568,7568,7578,7020,22950603,19106044,3844559,2246866,752270,845423,1338,186,1152,1375,218,1157,11486952,2073,19106044,4778186,2477121,0,2519229,4665088,4666420,0,752270,449855,33045,0,0,0,269370,0,6230,5645
2074,7568,7568,7578,7523,116285,75906,40379,5203,12040,23136,7476,63,7413,7487,65,7422,392107,2074,75906,43718,28024,0,4164,0,0,0,12040,4974,4327,0,0,0,2739,0,92,36
2075,7568,7568,7578,7578,0,0,0,0,0,0,7568,25,7543,7578,28,7550,0,2075,0,0,0,0,0,0,0,0,0,0,0,0,0,0,0,0,0,0
2076,7568,7568,7578,7578,0,0,0,0,0,0,7568,46,7522,7578,49,7529,0,2076,0,0,0,0,0,0,0,0,0,0,0,0,0,0,0,0,0,0
2077,7568,7568,7578,7578,0,0,0,0,0,0,7568,15,7553,7578,20,7558,0,2077,0,0,0,0,0,0,0,0,0,0,0,0,0,0,0,0,0,0
2078,7568,7568,7578,7578,0,0,0,0,0,0,7568,35,7533,7578,39,7539,0,2078,0,0,0,0,0,0,0,0,0,0,0,0,0,0,0,0,0,0
2079,7568,7568,7578,7578,0,0,0,0,0,0,7568,7,7561,7578,10,7568,0,2079,0,0,0,0,0,0,0,0,0,0,0,0,0,0,0,0,0,0
2080,7568,7568,7578,7578,0,0,0,0,0,0,7568,28,7540,7578,27,7551,0,2080,0,0,0,0,0,0,0,0,0,0,0,0,0,0,0,0,0,0
2081,7568,7568,7578,7578,0,0,0,0,0,0,7568,10,7558,7578,12,7566,0,2081,0,0,0,0,0,0,0,0,0,0,0,0,0,0,0,0,0,0
2082,7568,7568,7578,7578,0,0,0,0,0,0,7568,30,7538,7578,33,7545,0,2082,0,0,0,0,0,0,0,0,0,0,0,0,0,0,0,0,0,0
2083,7568,7568,7578,7578,0,0,0,0,0,0,7568,11,7557,7578,17,7561,0,2083,0,0,0,0,0,0,0,0,0,0,0,0,0,0,0,0,0,0
2084,7568,7568,7578,7578,0,0,0,0,0,0,7568,1,7567,7578,3,7575,0,2084,0,0,0,0,0,0,0,0,0,0,0,0,0,0,0,0,0,0
2085,7568,7568,7578,7578,0,0,0,0,0,0,7568,6,7562,7578,3,7575,0,2085,0,0,0,0,0,0,0,0,0,0,0,0,0,0,0,0,0,0
2086,7568,7568,7578,7578,0,0,0,0,0,0,7568,14,7554,7578,16,7562,0,2086,0,0,0,0,0,0,0,0,0,0,0,0,0,0,0,0,0,0
2087,7568,7568,7578,7578,0,0,0,0,0,0,7568,5,7563,7578,9,7569,0,2087,0,0,0,0,0,0,0,0,0,0,0,0,0,0,0,0,0,0
2088,7568,7568,7578,7578,0,0,0,0,0,0,7568,5,7563,7578,8,7570,0,2088,0,0,0,0,0,0,0,0,0,0,0,0,0,0,0,0,0,0
2089,7568,7568,7578,7578,4220,2468,1752,420,515,817,7566,34,7532,7578,38,7540,6832,2089,2468,1604,548,0,316,0,0,0,515,80,395,0,0,0,40,0,0,0
2090,7568,7568,7578,7578,0,0,0,0,0,0,7568,5,7563,7578,9,7569,0,2090,0,0,0,0,0,0,0,0,0,0,0,0,0,0,0,0,0,0
2091,7568,7568,7578,7578,0,0,0,0,0,0,7568,0,7568,7578,0,7578,0,2091,0,0,0,0,0,0,0,0,0,0,0,0,0,0,0,0,0,0
2092,7568,7568,7578,7578,0,0,0,0,0,0,7568,19,7549,7578,23,7555,0,2092,0,0,0,0,0,0,0,0,0,0,0,0,0,0,0,0,0,0
2093,7568,7568,7578,7578,0,0,0,0,0,0,7568,4,7564,7578,8,7570,0,2093,0,0,0,0,0,0,0,0,0,0,0,0,0,0,0,0,0,0
2094,7568,7568,7578,7578,0,0,0,0,0,0,7568,5,7563,7578,9,7569,0,2094,0,0,0,0,0,0,0,0,0,0,0,0,0,0,0,0,0,0
2095,7568,7568,7578,7578,0,0,0,0,0,0,7568,2,7566,7578,3,7575,0,2095,0,0,0,0,0,0,0,0,0,0,0,0,0,0,0,0,0,0
2096,7568,7568,7578,7578,0,0,0,0,0,0,7568,0,7568,7578,0,7578,0,2096,0,0,0,0,0,0,0,0,0,0,0,0,0,0,0,0,0,0
2097,7568,7568,7578,7578,0,0,0,0,0,0,7568,21,7547,7578,28,7550,0,2097,0,0,0,0,0,0,0,0,0,0,0,0,0,0,0,0,0,0
2098,7568,7568,7578,7578,0,0,0,0,0,0,7568,13,7555,7578,14,7564,0,2098,0,0,0,0,0,0,0,0,0,0,0,0,0,0,0,0,2,0
2099,7568,7568,7578,7578,0,0,0,0,0,0,7568,6,7562,7578,10,7568,0,2099,0,0,0,0,0,0,0,0,0,0,0,0,0,0,0,0,0,0
