"cnrmcm3","gfdlcm21","miroc32med","mpiecham5","ncarccsm3","ncarpcm1"
0.133904241900117,0.0678288801049776,0.0103162799392784,0.131581370694091,0.0469482257126236,0.165639363730731
0,0.00195624172993314,0.00707787619023678,0.0077591158588177,0.113731311124146,0.118156568960701
0.443626146295844,0.0649182103530321,0.240356250450888,0.28746914131049,0.173859304392064,0.240885342734873
0.0689457210098177,0.202120780720469,0.530858294763194,0.232488110917847,0.436099365934767,0.146014095481196
0.0188657153311379,0.168065743537442,0.545719277810134,0.234296776610914,0.125351446148707,0.177222052366648
0.0231992922306844,0.219448935671993,0.115021252355287,0.128484306391283,0.276337222885624,0.28798130049561
0.0828287638614872,0.467181667178905,NA,0.259471787916066,0,0.288302347672683
0.282468206534943,0.49612948627727,0.126326780521802,0.206238567440069,0.342473257792002,0.0438475164397855
0.00329635718014765,0.391376152082041,0.267533801347907,0.0694660150047289,0.289523883145495,0.226138135777081
0.195134019286562,0.292293840161287,0.320454362036962,0.025402124430956,0.383806752166071,0.217260658414049
0.0751451591123914,0.101395016483606,0.168733531558972,0.325881473791093,0.423816252831797,0.071349056538544
0.0942644843046023,0.357026910225464,0.400941505601958,0.0751503598548754,0.32131289138415,0.155520742626441
0.0208543997970157,0.374849332736074,0.26688019819501,0.0275867646726905,0.245440325436609,0.195296439328344
0.118749985729909,NA,0.0584744117075926,0.120045404012966,0.282208504169162,0.165610760972737
0.136536868268434,0.269148253415238,0.297724651143799,0.174942250814965,0.179984690481699,0.00730954719130727
0.0874602967055119,0.112541807443214,0.232559146387062,0.0821979239686422,0.455133005457845,0.312444659538478
0.14980004042504,0.401115719376132,0.203794410821758,0.168516844990387,0.251985275644737,0.236624379481522
0.359262349319601,0.296874660879002,0.297325723043639,0.282658268844529,0.126193971381457,0.14363208480379
0.251007850625928,0.205056179775281,0.379490739343454,0.19712625951059,0.353793892713764,0.0374296391990403
0.168550696391358,0.0554523367157353,0.347047976379547,0.11889882610325,0.179160261944368,0.15475630291892
0.180290771944766,0.4395312206471,NA,0.0237766113363372,NA,0.196096602309736
0.292498012746911,0.729393468118196,0.0889047676123215,0.164584120862797,0.239811963041012,0.141433183249053
0.0323765369999348,NA,0.332850813352741,0,0.114887587659865,0.0456705921649522
0.285797522966027,0.0255474452554745,0.0933575809063637,0.0716352881465951,0.164302124822906,0.0505446895313258
0.101303810621766,0.48096780705743,0.366961114872801,0.200044855849611,0.181462272042831,0.0134498227042561
0.216243144273063,0.248735972376372,0.236288998357964,0.103718620473919,0.13193071663372,0.0842580597572276
0.148588235141888,0.29620506896786,0.319466200134264,0.249655868587685,0.218422000055388,0
0.227101944298476,0.147973365388511,0.146782224932131,0.147877722412568,0.125103951983223,0.134635544564977
0.185480523568062,0.427796351022923,0.174899245782716,0.039948424578992,0.120422474244654,0.352045880666152
0.144122312377777,0.516933497536946,0.0233973343335511,0.205933580104634,0.339327590037274,0.225414973413396
0.35297942637548,NA,0.425057186273247,0.294871794871795,0.243505936315272,0.10430642244648
0.347521452885184,0.378487031700288,0.10441351888668,0.0991962210963392,NA,0.0478434226104383
0.0680218684870269,NA,0.38186035386015,0.138956102215702,NA,0.309036538434606
0.347555136559462,0.142645742023658,0.356386821457973,0.20572310735502,NA,0.353242913158064
0.357440916505444,0.26414908947989,0.42031523642732,0.30408532127935,0.213422954880502,0.124934699980185
NA,0.236220202992647,NA,NA,0.1566547887282,0.244085144956046
0.407026549274229,0.173594016284795,0.197714508922344,NA,0.47514922930661,0.132729650105132
0.354626555490787,0.129718099010273,0.25089559877175,0.0629276315789474,0.349653261620563,0.206863550727542
0.304482573540869,0.186775207270304,0.401224563299118,0.0689695485506488,0.117011618419389,0
0.123066509921271,0.107511511410211,NA,0.100648124842688,0.199461751437588,0.264348057016138
0.220556203093768,0.432292432635587,NA,0.0369328604622722,0.474188526953012,0.444388014220416
0.22983379381027,0.283012911051661,0.373311743975617,0.00715542769224284,0.481091002697288,0.116252821670429
0.0222559331005088,NA,0.191212628209791,0.165197840975404,0.309758281110116,0.530864197530864
0.230523258520056,0.20264924333297,0.163247216868744,0.201888813541752,0.425213675213675,0.332206595793124
NA,0.191612373070376,0.268587387917095,NA,0.23960154040727,0.204862072273307
0.217508997389599,NA,0.299202273681491,0,0.0790708666734191,0.315811728735275
0.387933114735482,NA,0.22114472435965,0.252536244400686,0.185918854415274,0.109422447377387
0.55958793244908,0.285045156223706,0.265487498253946,0.412631578947368,0.599542654470786,0.0239324851996473
0.189834209256861,0.302122499204917,0.703996486605182,0.241561879549967,NA,0.050556851696967
NA,0.457642339001236,NA,0.312549501809414,NA,0.26906396413604
NA,0.288098958333333,NA,0.307428711296047,0.567164179104478,0
NA,0.413840585979179,0.360530831712619,0.142736602837856,0.115177931693337,0.102396063840997
NA,NA,0.18003418067955,0.237524886006037,0.296735151288756,0.296968255549735
0.142096736866466,NA,0.231330021931535,NA,0.386836822259276,0.197670997887241
0.701030927835051,0.35568951424568,0.515902780308275,0.140667297887463,NA,0.169456169000866
0.109848484848485,NA,NA,0.0857795172863666,NA,0.158009580002363
NA,0.379781982723159,0.553459119496855,0.308477032852683,0.627524511307182,0
0.419937342629449,NA,0.443342776203966,NA,NA,0.242450247582105
NA,NA,0.251141623194687,NA,NA,0.214279015040415
NA,NA,0.52629508933588,NA,NA,0.14044909999398
NA,NA,NA,NA,0.31014391014391,0.404367590793065
0.485695655717662,NA,0.589812332439678,0.213784516529715,NA,NA
NA,0,NA,0.369484300894519,NA,0.164861618966941
NA,0.0997930057740495,NA,0.286589701490608,0.338700445836848,0.288524484892376
0.66079295154185,NA,NA,0.384596900156194,NA,NA
NA,NA,NA,NA,NA,0.0947374145713612
0.335554044867437,NA,NA,NA,NA,0.00424851241930683
0.349693251533742,NA,NA,NA,NA,0.307822500612718
NA,NA,NA,0.363410969888568,0.750121065375303,0.550376970527759
0.312217727683305,NA,NA,NA,NA,0.628635346756152
0.710427135678392,NA,NA,0.0844748858447489,NA,0.147220719717458
NA,NA,NA,0.20368315183464,0.414757982624394,0.198846138853156
NA,NA,NA,0.286949473115374,NA,0.468717981704487
NA,NA,0.05,0.149787345226517,NA,0.306418918918919
0.0907431551499348,NA,0.5,0,NA,NA
0.713114754098361,NA,0.597520107238606,NA,NA,NA
NA,NA,NA,0.0955414012738854,NA,0.302700058431058
NA,NA,NA,0.471834228702993,0.360285743865825,NA
NA,NA,NA,NA,0.258575197889182,0
NA,NA,NA,NA,NA,0.0583749890281038
NA,NA,NA,NA,NA,0.0651507242594284
0.373946784922395,NA,NA,NA,NA,0.163108969524732
0.224344355758267,NA,NA,NA,NA,0.18020628911933
0.036144578313253,NA,NA,NA,NA,0.139383122787578
NA,NA,NA,NA,NA,0.180099408581855
NA,NA,NA,NA,NA,0.252507709787372
NA,NA,NA,NA,NA,NA
NA,NA,NA,NA,NA,NA
NA,NA,NA,0.634517766497462,NA,NA
NA,NA,NA,NA,NA,NA
