"cnrmcm3","gfdlcm21","miroc32med","mpiecham5","ncarccsm3","ncarpcm1"
0.359576967530857,0.341146470084566,0.464928811384091,0.505022122961769,0.447050900545442,0.462392601404595
0.506721333364231,0.351005470255486,0.45583647783925,0.45655607230572,0.612354837814666,0.466588168686642
0.119803783884046,0.548032708801557,0.413660030843509,0.128288736474001,0.301448597117062,0.4518122792555
0.557258787714309,0.498228138560054,0.309620970770693,0.373445631341,0.277086688873997,0.144652836634902
0.5226015054722,0.114582535356056,0.0320840017500365,0.162153665054489,0.164548701503744,0.230187159541321
0.529423518731416,0.235145199106559,0.102534853890659,0.0328588514781705,0.615592944803753,0.234003440004111
0.645605557442855,0.151611868552693,NA,0.451828393921213,0.0582439477059963,0.211269197331528
0.32427760927537,0.0412614205717654,0.616516308095122,0.186164371005508,0.0624795981092481,0.0465075918047669
0.154588022363374,0.205605355585298,0.482265538999518,0.446275009664236,0.359318974122473,0.21762228857796
0.314522274346338,0.0264886403072145,0.139653227581436,0.47693182142841,0.0120718626245113,0.297218772196452
0.404669119722552,0.467236610470775,0.153332724357662,0.214359498264309,0.000600262219811812,0.132802397188089
0.549145796605823,0.0810810211155888,0.0843570455487769,0.195361013028126,0.00694780306930642,0.483298965664012
0.652488926295954,0.118728479729538,0.200028849679962,0.320282431992213,0.146752105256366,0.306944057948141
0.488623162113897,NA,0.367786810619286,0.379494820413365,0.186912073520795,0.358682756222845
0.363047442771986,0.0142748506246605,0.155605404253554,0.357224918779221,0.368543963838582,0.585484164609103
0.587694003441854,0.12004352321639,0.316581928496298,0.508748493843145,0.05913054801771,0.309434039865073
0.236888308156723,0.437106043087446,0.464105792788258,0.350342758600207,0.0683923220695998,0.0338201383551115
0.0208122967902217,0.0387048720644935,0.391257100569118,0.335753984565187,0.42616268991221,0.320588038264425
0.0278151637505608,0.389946966412061,0.0193239822674703,0.0464468211884656,0.0832105421202958,0.617352780531224
0.0383800054614361,0.0289609675645959,0.0149141445462216,0.161003279296646,0.121978139975078,0.437302699022033
0.401401471131884,0.0824508682636095,NA,0.333339033721501,NA,0.63855400045029
0.469160565310611,0.0352811466372657,0.485248946920611,0.412461395850379,0.0258829252388924,0.524613874302927
0.267651819309272,NA,0.0235341174655191,0.556122042315859,0.377312899692056,0.216901977521038
0.498631151036633,0.859276863011373,0.163259536270437,0.521067673616119,0.468363632327806,0.435829102764099
0.291751859296829,0.349063114047608,0.225876982009953,0.53781130232661,0.0899375804532096,0.450440793930789
0.357712937463489,0.0507621951219512,0.25768203828574,0.208626311416062,0.226435259857506,0.375154402229042
0.358664031222219,0.0992487466564961,0.11317196469762,0.129219233820406,0.117075992114085,0.329441095792599
0.111528514617796,0.340803317549287,0.227741072498365,0.325594499930005,0.0277484513678497,0.281995360763068
0.383586558611336,0.00884707447770153,0.382185325507347,0.567202625140663,0.214832808123249,0.00565932350960196
0.270271043178662,0,0.205512921352296,0.0800430242769954,0.00457713061633992,0.0847948828482318
0.177361976333206,NA,0.356771582507039,0.0551075268817204,0.00865642486386547,0.085200941501948
0.267726058470742,0.00189728709060526,0.210653550362865,0.0920692055622527,NA,0.407730847384014
0.121147260273973,NA,0.191154227265463,0.604889623617769,NA,0.430941534108612
0.163748263243381,0.268766573002881,0.0556555569185783,0.224067584043433,NA,0.020748666497333
0.035331466116329,0.0796427503999719,0.083617747440273,0.244704668131332,0.138860289628399,0.350264625001541
NA,0.307235491445241,NA,NA,0.271321202159816,0.325873010419034
0.0217456870551333,0.336615756726733,0.275138955513662,NA,0.115066733842198,0.434033102192595
0.0185030967737585,0.262132700542143,0.0630635692013821,0.560761660210512,0.136911483339453,0.379147077817397
0.106934606410119,0.257541767586382,0.0610671778559542,0.515202131214356,0.239201170399747,0.335990117489882
0.166545747942033,0.171945493471529,NA,0.307724563515326,0.120427930813581,0.520971629928543
0.553511487524461,0.0755179857337919,NA,0.363631061191539,0.0717880353274454,0.123006310958118
0.39906125614825,0.275839891865966,0.215034586384741,0.24413630293781,0.0726321857671938,0.0518984220907298
0.298706181181559,NA,0.24127741093992,0.397321481190689,0.0773831775700935,0.00196078431372549
0.0822956507980807,0.400508505357467,0.339762200199595,0.300983856478373,0.350718272486046,0.0146371958026345
NA,0.342104700169009,0.0512129179850558,NA,0.123897619256646,0.405180530037349
0.278815953162016,NA,0.111621013297412,0.26101876821445,0.486484630505507,0.434442974774454
0.317729287745469,NA,0.179719143774467,0.503087330368826,0.46032433056325,0.0911645137568854
0.0938343859914527,0.0285612150207751,0.15244217020963,0.0473959768531276,0.097747963584092,0.66656833741053
0.00489795516525061,0.282742490027109,0.0769230769230769,0.256565563158868,NA,0.129759690045141
NA,0.087217957749036,NA,0.0800282583502226,NA,0.311930063608118
NA,0.0463781832202885,NA,0.22323465285392,0.0825852782764812,0.219088524885709
NA,0.0396886729962464,0.249468181276134,0.0785688558050186,0.330446750514353,0.534442323715517
NA,NA,0.109284344501582,0.369870170016499,0.248314584956209,0.297361387990439
0.0738585731509147,NA,0.172937778527687,NA,0.377461632080037,0.201709751618414
0.298198799199466,0.0891205362302092,0.343238940016622,0.514893552035199,NA,0.309381482746322
0.875442321302194,NA,NA,0.390524407775486,NA,0.152661322619812
NA,0.0473091591500696,0.423899371069182,0.379883785121992,0.0183161953727506,0.53492818400593
0.308461261980386,NA,0.0917786381234343,NA,NA,0.341392601878387
NA,NA,0.421835092039523,NA,NA,0.033347528784582
NA,NA,0.0407742248649961,NA,NA,0.111390440876413
NA,NA,NA,NA,0.241648755149561,0.131354655244108
0.0597219388498645,NA,0.0749154180763654,0.372031506562006,NA,NA
NA,0.175808720112518,NA,0.32537438475233,NA,0.17191203061038
NA,0.34252369899564,NA,0.197340845431632,0.259441672970814,0.242891880564588
0.144295302013423,NA,NA,0.173452539798427,NA,NA
NA,NA,NA,NA,NA,0.213730106546192
0.279012923768496,NA,NA,NA,NA,0.304462636566165
0.472965592572365,NA,NA,NA,NA,0.373760940441929
NA,NA,NA,0.286298251613731,0.0152120174938201,0.01546738399462
0.418174693146352,NA,NA,NA,NA,0.32313681868743
0.0209751609935603,NA,NA,0.385658721452079,NA,0.140998674230662
NA,NA,NA,0.304320421458642,0.260925159834524,0.606583381088825
NA,NA,NA,0.240443028596829,NA,0.0785758528404642
NA,NA,0.898127753303965,0.292242047787603,NA,0.00303644852523317
0.350610998975868,NA,0.531622364802933,0.491999115109505,NA,NA
0.0150862068965517,NA,0.353142368533561,NA,NA,NA
NA,NA,NA,0.880798004987531,NA,0.0764555731129209
NA,NA,NA,0.174826064822671,0.519602876214347,NA
NA,NA,NA,NA,0.84958111195735,0.915565869332381
NA,NA,NA,NA,NA,0.440125708427976
NA,NA,NA,0.380483437779767,NA,0.419423600486764
0.135731061801101,NA,NA,NA,NA,0.0873731211828066
0.409304675657818,NA,NA,NA,NA,0.553314332898277
0.899880810488677,NA,NA,NA,NA,0.319249647390691
NA,NA,NA,NA,NA,0.418105769230769
NA,NA,NA,NA,NA,0.272219153316929
NA,NA,NA,NA,NA,NA
NA,NA,NA,NA,NA,NA
NA,NA,NA,NA,NA,NA
NA,NA,NA,NA,NA,NA
