"cnrmcm3","gfdlcm21","miroc32med","mpiecham5","ncarccsm3","ncarpcm1","meanSFsurv","sdSFsurv"
0.40843023255814,0.456395348837209,0.711680761099366,0.904069767441861,0.719080338266385,0.920983086680761,0.686773255813953,0.19760438965039
0.765459830866808,0.401559196617336,0.671247357293869,0.80708245243129,0.853594080338266,0.734011627906977,0.705492424242424,0.147316100424436
0.406448202959831,0.966569767441861,0.692785412262156,0.476479915433404,0.497225158562368,0.758720930232558,0.633038231148696,0.193609525412046
0.882399577167019,0.962605708245243,0.675739957716702,0.745375264270613,0.829281183932347,0.605576109936575,0.783496300211416,0.121572016141735
0.881871035940803,0.0397727272727273,0.000396405919661734,0.304836152219873,0.00766384778012685,0.699524312896406,0.322344080338266,0.350752142503586
0.968287526427061,0.502774841437632,0.284223044397463,0.213266384778013,0.91926532769556,0.680761099365751,0.594763037350247,0.28944042518397
0.952431289640592,0.411601479915433,0.188953488372093,0.84896934460888,0.0272198731501057,0.506210359408034,0.489230972515856,0.330126665403368
0.718683932346723,0.000528541226215645,0.950052854122622,0.295983086680761,0.071485200845666,0.178118393234672,0.369142001409443,0.34783968527609
0.376585623678647,0.115750528541226,0.737050739957717,0.781580338266385,0.516649048625793,0.59223044397463,0.519974453840733,0.225369724967048
0.759645877378435,0.0946088794926004,0.239164904862579,0.84526955602537,0.211945031712474,0.644820295983087,0.465909090909091,0.293251711500278
0.785544397463002,0.879624735729387,0.0240486257928118,0.621564482029598,0.0437367864693446,0.312367864693446,0.444481148696265,0.339569840121648
0.860993657505285,0.342758985200846,0.430761099365751,0.373678646934461,0.0269556025369979,0.933535940803383,0.494780655391121,0.312877300680312
0.862975687103594,0.369846723044397,0.230047568710359,0.476215644820296,0.167415433403805,0.602536997885835,0.451506342494715,0.234217760714643
0.739693446088795,0,0.671379492600423,0.459566596194503,0.332716701902748,0.877642706131078,0.513499823819591,0.290964769511859
0.641252642706131,0.0195560253699789,0.462473572938689,0.530258985200846,0.827827695560254,0.566860465116279,0.508038231148696,0.246527957020106
0.794001057082452,0.0828488372093023,0.609540169133192,0.935914376321353,0.312896405919662,0.826770613107822,0.593661909795631,0.303211580349939
0.493261099365751,0.785015856236786,0.783562367864693,0.612579281183932,0.0340909090909091,0.000660676532769556,0.451528365045807,0.32318085924415
0.349101479915433,0.0385835095137421,0.546643763213531,0.955338266384778,0.564085623678647,0.499075052854123,0.492137949260042,0.273532773836415
0.00158562367864693,0.00158562367864693,0.0408298097251586,0.0116279069767442,0.187103594080338,0.891516913319239,0.189041578576462,0.320727600167627
0.220005285412262,0.0836416490486258,0.123810782241015,0.317785412262156,0.216966173361522,0.498017970401691,0.243371212121212,0.136280266975046
0.676797040169133,0.303250528541226,0,0.556950317124736,0,0.915169133192389,0.408694503171247,0.340479106848308
0.772859408033827,0.000264270613107822,0.695560253699789,0.698070824524313,0.0521934460887949,0.729122621564482,0.491345137420719,0.330212650094374
0.355972515856237,0,0.155655391120507,0.81487843551797,0.770084566596195,0.560914376321353,0.44291754756871,0.301543626227353
0.935517970401691,0.414244186046512,0.0348837209302326,0.894952431289641,0.533033826638478,0.693313953488372,0.584324348132488,0.306906196960029
0.341041226215645,0.725819238900634,0.440010570824524,0.876585623678647,0.0373942917547569,0.887684989429176,0.551422656800564,0.308251963640713
0.583377378435518,0.00224630021141649,0.0011892177589852,0.0166490486257928,0.394027484143763,0.707584566596195,0.284178999295278,0.2921187463735
0.765063424947146,0.0154598308668076,0.286337209302326,0.00488900634249471,0.311575052854123,0.634778012684989,0.336350422832981,0.285425544198527
0.398520084566596,0.351479915433404,0.456395348837209,0.354122621564482,0.159090909090909,0.652880549682875,0.395414904862579,0.146913342872972
0.641384778012685,0.267045454545455,0.460623678646934,0.931025369978858,0.0122885835095137,0.0557610993657505,0.394688160676533,0.324103369712009
0.423097251585624,0.00343551797040169,0.218287526427061,0.37262156448203,0.200977801268499,0.414244186046512,0.272110641296688,0.149021518148892
0.433403805496829,0,0.5776955602537,0.000132135306553911,0.105443974630021,0.24154334038055,0.226369802677942,0.217398607821737
0.52431289640592,0.14865221987315,0.100422832980973,0.232161733615222,0,0.5151955602537,0.253457540521494,0.200402689590993
0.00832452431289641,0,0.365618393234672,0.883853065539112,0,0.847780126849894,0.350929351656096,0.386170306341309
0.343155391120507,0.0322410147991543,0.0931553911205074,0.264931289640592,0,0.21115221987315,0.157439217758985,0.124849400507025
0.0171775898520085,0.105972515856237,0.000264270613107822,0.471855179704017,0.321220930232558,0.396670190274841,0.218860112755462,0.185878211159278
0,0.492336152219873,0,0,0.187367864693446,0.755549682875264,0.239208949964764,0.290123937980505
0.118525369978858,0.0229915433403805,0.268763213530655,0,0.186310782241015,0.743657505285412,0.223374735729387,0.250057025734353
0.0516649048625793,0.333905919661734,0.087737843551797,0.862182875264271,0.351876321353066,0.492336152219873,0.363284002818887,0.270671971599281
0.235993657505285,0.464323467230444,0.381871035940803,0.672040169133192,0.129624735729387,0.442256871035941,0.387684989429176,0.172891378010352
0.21419133192389,0.0683139534883721,0,0.0307875264270613,0.0441331923890063,0.686310782241015,0.173956131078224,0.239060107486427
0.743789640591966,0.0155919661733615,0,0.417547568710359,0.119318181818182,0.0011892177589852,0.216239429175476,0.277336561289549
0.640459830866808,0.0105708245243129,0.0159883720930233,0.133985200845666,0.031183932346723,0.00264270613107822,0.139138477801268,0.228520795872089
0.379756871035941,0,0.0417547568710359,0.72568710359408,0.00158562367864693,0.000264270613107822,0.191508104298802,0.274630349473559
0.25369978858351,0.437632135306554,0.403673361522199,0.506474630021142,0.249735729386892,0.0245771670190275,0.312632135306554,0.159108485920271
0,0.418208245243129,0.0243128964059197,0,0.019291754756871,0.52603065539112,0.164640591966173,0.219822097917066
0.394820295983087,0,0.162394291754757,0.361257928118393,0.329545454545455,0.830338266384778,0.346392706131078,0.255243891475283
0.608483086680761,0,0.299550739957717,0.816464059196617,0.44661733615222,0.0214059196617336,0.365420190274841,0.295896839605416
0.405126849894292,0.0656712473572939,0.0114957716701903,0.000660676532769556,0.213002114164905,0.715909090909091,0.235310958421424,0.256333542693972
0.0381871035940803,0.306818181818182,0.000528541226215645,0.0011892177589852,0,0.293076109936575,0.106633192389006,0.137396703666765
0,0.29796511627907,0,0.369186046511628,0,0.63649577167019,0.217274489076815,0.240471478970851
0,0.0484936575052854,0,0.00568181818181818,0.000264270613107822,0.237182875264271,0.048603770260747,0.0860869184141991
0,0.146670190274841,0.227272727272727,0.0443974630021142,0.231236786469345,0.666754756871036,0.219388653981677,0.217707847144492
0,0,0.0399048625792812,0.457716701902748,0.258192389006343,0.581131078224101,0.222824171952079,0.230061566919282
0.00264270613107822,0,0.0262949260042283,0,0.521538054968288,0.269820295983087,0.136715997181113,0.197212135623213
0.00132135306553911,0.0141384778012685,0.369450317124736,0.777880549682875,0,0.499075052854123,0.27697762508809,0.297368909076384
0.230179704016913,0,0,0.0114957716701903,0,0.362315010570825,0.100665081042988,0.143519025767896
0,0.00251057082452431,0.000264270613107822,0.388081395348837,0.0477008456659619,0.695031712473573,0.188931465821001,0.265137511987738
0.512684989429176,0,0.000396405919661734,0,0,0.484672304439746,0.166292283298097,0.235171766058915
0,0,0.0190274841437632,0,0,0.369186046511628,0.0647022551092318,0.136346428381535
0,0,0.0813953488372093,0,0,0.296643763213531,0.0630065186751233,0.108630717488551
0,0,0,0,0.0109672304439746,0.275766384778013,0.0477889358703312,0.102033233774944
0.00396405919661734,0,0.000396405919661734,0.460359408033827,0,0,0.0774533121916843,0.171246684664476
0,0.000132135306553911,0,0.222912262156448,0,0.1875,0.0684240662438337,0.0972582704550116
0,0.232954545454545,0,0.0589323467230444,0.016384778012685,0.420190274841438,0.121410324171952,0.15605894659115
0.000132135306553911,0.000132135306553911,0,0.327299154334038,0,0.138081395348837,0.0776074700493305,0.122511038036028
0,0,0,0,0,0.258192389006343,0.0430320648343904,0.0962226221818752
0.0166490486257928,0,0,0,0,0.356236786469345,0.0621476391825229,0.131661095568878
0.000924947145877378,0,0,0,0,0.744318181818182,0.124207188160677,0.277322272746485
0.132135306553911,0,0,0.475951374207188,0.000396405919661734,0.000396405919661734,0.101479915433404,0.174260688196778
0.0354122621564482,0,0,0,0,0.000264270613107822,0.005946088794926,0.0131780266495095
0.00145348837209302,0,0,0.0303911205073996,0,0.0488900634249471,0.0134557787174066,0.019277029726627
0,0,0,0.353329809725159,0.00634249471458774,0.586284355179704,0.157659443269908,0.230749693569691
0,0,0,0.0229915433403805,0,0.337737843551797,0.0601215644820296,0.124437298091308
0,0,0.0364693446088795,0.0211416490486258,0,0.0409619450317125,0.0164288231148696,0.0174901209631773
0.0142706131078224,0,0.000264270613107822,0.303646934460888,0,0,0.053030303030303,0.112199155380073
0.000132135306553911,0,0.00132135306553911,0.208641649048626,0,0,0.0350158562367865,0.0776492541533414
0,0,0,0.483747357293869,0,0.0249735729386892,0.0847868217054264,0.178653460748586
0,0,0,0.0980443974630021,0.370639534883721,0,0.0781139887244538,0.135631607234474
0,0,0,0,0.0273520084566596,0.550607822410148,0.0963266384778013,0.203406071190636
0,0,0,0,0,0.42534355179704,0.0708905919661734,0.158516182601564
0,0,0,0.00184989429175476,0,0.266913319238901,0.0447938689217759,0.0993371346628327
0.0023784355179704,0,0,0,0,0.14865221987315,0.0251717758985201,0.0552289622351302
0.0023784355179704,0,0,0,0,0.635967230443975,0.106390944326991,0.236835307385167
0.0399048625792812,0,0,0,0,0.224762156448203,0.044111169837914,0.0820930906571944
0,0,0,0,0,0.0130813953488372,0.00218023255813953,0.00487514820675826
0,0,0,0,0,0.0122885835095137,0.00204809725158562,0.00457968467907594
0,0,0,0,0,0,0,0
0,0,0,0,0,0,0,0
0,0,0.000792811839323467,0,0,0,0.000132135306553911,0.000295463527682319
0,0,0,0.000792811839323467,0,0,0.000132135306553911,0.000295463527682319
