"Year","AFem","AFemDeath","AMal","AMalDeath","Eggs","EggsDeath","FryGrad","FryExit","FryDeath","FryInStr","allMortAF","baseMortAF","tempMortAF","allMortAM","baseMortAM","tempMortAM","InVivo","Year","allMortEgg","baseMortEgg","tempMortEgg","denMortEgg","incMortEgg","superMortEgg","lostMortEgg","catMortEgg","allMortFry","baseMortFry","tempMortFry","denMortFry","habMortFry","freshMortFry","seasMortFry","catMortFry","allMortSF","allMortSM"
2010,7568,7568,7578,6526,15130188,13044119,2086069,578249,535476,972344,4830,106,4724,4848,120,4728,0,2010,13044119,2745789,1030293,0,556550,3174435,5537052,0,535476,250416,134267,0,0,0,150793,0,2738,1678
2011,7568,7568,7578,6322,40770828,30853042,9917786,5680328,1988201,2249257,190,190,0,226,226,0,0,2011,30853042,11386763,2896746,0,1806957,7446152,7316424,0,1988201,985881,408295,0,0,0,594025,0,7378,6096
2012,7568,7568,7578,6322,39256704,33164776,6091928,2470479,1174492,2446957,464,196,268,501,232,269,0,2012,33164776,10116326,4417854,0,2572762,8338012,7719822,0,1174492,541156,306860,0,0,0,326476,0,7104,5821
2013,7568,7568,7578,6915,7156170,6531293,624877,46910,124290,453677,6273,98,6175,6300,116,6184,0,2013,6531293,969998,370563,0,277576,2000954,2912202,0,124290,67767,16407,0,0,0,40116,0,1295,615
2014,7568,7568,7578,6322,40770828,33578310,7192518,3346102,1251963,2594453,190,190,0,226,226,0,0,2014,33578310,10321913,5436170,0,2638349,7633362,7548516,0,1251963,689276,148680,0,0,0,414007,0,7378,6096
2015,7568,7568,7578,6322,24357856,19996156,4361700,1914647,869306,1577747,210,197,13,245,232,13,16338346,2015,19996156,6411550,2823580,0,1005252,4889916,4865858,0,869306,406807,217355,0,0,0,245144,0,7358,6077
2016,7568,7568,7578,7138,4901562,4288396,613166,83534,148781,380851,6681,118,6563,6713,143,6570,0,2016,4288396,812002,443379,0,204535,1767488,1060992,0,148781,78553,23485,0,0,0,46743,0,887,425
2017,7568,7568,7578,6353,23794544,21247287,2547257,655341,549110,1342806,3243,168,3075,3287,208,3079,105406,2017,21247287,4559026,2171542,0,1701635,5725226,7089858,0,549110,237722,168056,0,0,0,143332,0,4325,3066
2018,7568,7568,7578,6327,32879700,28860970,4018730,1342561,616825,2059344,1618,188,1430,1660,225,1435,0,2018,28860970,7252525,5152819,0,479083,7328353,8648190,0,616825,352407,53072,0,0,0,211346,0,5950,4667
2019,7568,7568,7578,6323,5400240,4989851,410389,152714,97819,159856,950,198,752,989,234,755,32607073,2019,4989851,668546,461213,0,200006,1632694,2027392,0,97819,39884,34400,0,0,0,23535,0,6618,5334
2020,7568,7568,7578,7262,2917728,2461109,456619,78318,120741,257560,7040,56,6984,7050,58,6992,0,2020,2461109,500037,182212,0,40941,1141111,596808,0,120741,63775,19192,0,0,0,37774,0,528,212
2021,7568,7568,7578,6322,40770828,33189188,7581640,3534225,1342004,2705411,190,190,0,226,226,0,0,2021,33189188,11107740,5017780,0,2951722,6917094,7194852,0,1342004,727596,177224,0,0,0,437184,0,7378,6096
2022,7568,7568,7578,7020,39770242,34064419,5705823,3237161,1049484,1419178,180,180,0,214,214,0,1057348,2022,34064419,7163993,3417027,0,9117961,8163334,6202104,0,1049484,636689,31298,0,0,0,381497,0,7388,6806
2023,7568,7568,7578,7026,40875822,32932044,7943778,4744292,1376005,1823481,171,171,0,213,213,0,0,2023,32932044,10332432,5158566,0,3885511,6797237,6758298,0,1376005,851336,14630,0,0,0,510039,0,7397,6813
2024,7568,7568,7578,6999,40809510,30663445,10146065,6014717,2057375,2073973,183,183,0,213,213,0,0,2024,30663445,10918471,4497741,0,1757558,7311607,6178068,0,2057375,1039300,392148,0,0,0,625927,0,7385,6786
2025,7568,7568,7578,6414,23977720,19215768,4761952,2190097,1159359,1412496,2975,151,2824,3028,201,2827,1405261,2025,19215768,5427663,1871667,0,428582,5123856,6364000,0,1159359,523419,320008,0,0,0,315932,0,4593,3386
2026,7568,7568,7578,6341,26867412,22348941,4518471,1739754,956204,1822513,2706,165,2541,2748,203,2545,0,2026,22348941,6015460,3043640,0,418351,5687690,7183800,0,956204,472624,199088,0,0,0,284492,0,4862,3593
2027,7568,7568,7578,6505,16268544,14311400,1957144,433989,597313,925842,4624,139,4485,4647,156,4491,0,2027,14311400,3067347,1848387,0,363542,3274032,5758092,0,597313,209812,260029,0,0,0,127472,0,2944,1858
2028,7568,7568,7578,6348,22087422,19309993,2777429,842963,599459,1335007,3571,163,3408,3617,205,3412,0,2028,19309993,4259830,1618787,0,1245298,4996752,7189326,0,599459,288784,136965,0,0,0,173710,0,3997,2731
2029,7568,7568,7578,6322,20783871,16378133,4405738,2465216,816434,1124088,190,190,0,226,226,0,20029412,2029,16378133,5128982,1948420,0,998697,3972432,4329602,0,816434,460457,79882,0,0,0,276095,0,7378,6096
2030,7568,7568,7578,6820,8900383,7733108,1167275,282530,303769,580976,5957,113,5844,5978,125,5853,2003,2030,7733108,1339180,1028362,0,183020,1971940,3210606,0,303769,148085,67153,0,0,0,88531,0,1611,842
2031,7568,7568,7578,6322,40218228,31775177,8443051,4135882,1605867,2701302,290,193,97,326,228,98,0,2031,31775177,11151281,4049336,0,917415,7998109,7659036,0,1605867,811301,306159,0,0,0,488407,0,7278,5996
2032,7568,7568,7578,7026,29959962,27266814,2693148,1566442,549297,577409,2053,179,1874,2092,215,1877,516104,2032,27266814,4675453,2464957,0,6719872,6759106,6647426,0,549297,328225,24733,0,0,0,196339,0,5515,4934
2033,7568,7568,7578,6322,40566366,32488687,8077679,4179602,1959035,1939042,227,193,34,264,229,35,0,2033,32488687,10364111,3647759,0,2251691,8488726,7736400,0,1959035,766490,727674,0,0,0,464871,0,7341,6058
2034,7568,7568,7578,7209,3536640,3169108,367532,26409,162465,178658,6928,80,6848,6944,91,6853,0,2034,3169108,529923,344939,0,175358,1466820,652068,0,162465,43892,91998,0,0,0,26575,0,640,265
2035,7568,7568,7578,7243,3492432,2911539,580893,94793,136049,350051,6936,84,6852,6944,86,6858,0,2035,2911539,693547,342261,0,77997,1245134,552600,0,136049,77648,12396,0,0,0,46005,0,632,299
2036,7568,7568,7578,6322,40085604,30579021,9506583,5596060,1897651,2012872,314,193,121,350,229,121,0,2036,30579021,10853152,4367853,0,1001250,7001660,7355106,0,1897651,955790,366259,0,0,0,575602,0,7254,5972
2037,7568,7568,7578,7459,984556,689664,294892,49691,70202,174999,7368,49,7319,7379,53,7326,120644,2037,689664,311813,177660,0,80481,119710,0,0,70202,40303,6242,0,0,0,23657,0,200,80
2038,7568,7568,7578,6322,19581323,15644295,3937028,2602750,731390,602888,207,192,15,244,228,16,21141458,2038,15644295,4091470,1701079,0,1880414,3833363,4137969,0,731390,434064,37461,0,0,0,259865,0,7361,6078
2039,7568,7568,7578,6323,38660725,32532185,6128540,2768863,1115817,2243860,571,197,374,607,234,373,4697,2039,32532185,9124196,5336670,0,3377164,7173269,7520886,0,1115817,602662,151183,0,0,0,361972,0,6997,5716
2040,7568,7568,7578,6322,40441888,33505729,6936159,3522461,1457189,1956509,190,190,0,226,226,0,328940,2040,33505729,9757008,4486761,0,5035402,6882504,7344054,0,1457189,700910,333944,0,0,0,422335,0,7378,6096
2041,7568,7568,7578,6366,19716768,17592052,2124716,516490,466887,1141339,4000,146,3854,4047,188,3859,0,2041,17592052,3338754,2981531,0,625315,3755530,6890922,0,466887,221039,113058,0,0,0,132790,0,3568,2319
2042,7568,7568,7578,7578,0,0,0,0,0,0,7568,46,7522,7578,50,7528,0,2042,0,0,0,0,0,0,0,0,0,0,0,0,0,0,0,0,0,0
2043,7568,7568,7578,6322,19057675,15961161,3096514,1539599,670148,886767,196,190,6,234,226,8,21699537,2043,15961161,4088672,2313974,0,1419033,3936915,4202567,0,670148,321890,154661,0,0,0,193597,0,7372,6088
2044,7568,7568,7578,7039,28425744,23132836,5292908,2830905,1521799,940204,2424,160,2264,2457,190,2267,0,2044,23132836,5676768,3295490,0,1687936,5515408,6957234,0,1521799,610123,541892,0,0,0,369784,0,5144,4582
2045,7568,7568,7578,7539,342612,244665,97947,2711,20844,74392,7506,44,7462,7516,46,7470,0,2045,244665,139720,73725,0,31220,0,0,0,20844,11257,2945,0,0,0,6642,0,62,23
2046,7568,7568,7578,7553,221040,126812,94228,14864,30487,48877,7528,27,7501,7538,29,7509,0,2046,126812,89975,26182,0,10655,0,0,0,30487,12804,10049,0,0,0,7634,0,40,15
2047,7568,7568,7578,7404,1560202,1240027,320175,43347,90659,186169,7266,73,7193,7274,76,7198,108650,2047,1240027,383906,212286,0,129922,513913,0,0,90659,42128,23731,0,0,0,24800,0,302,130
2048,7568,7568,7578,6536,11926752,10300282,1626470,386238,388269,851963,5061,127,4934,5081,142,4939,1934663,2048,10300282,1918230,627269,0,102960,2510505,5141318,0,388269,196342,74180,0,0,0,117747,0,2507,1455
2049,7568,7568,7578,7578,0,0,0,0,0,0,7568,52,7516,7578,57,7521,0,2049,0,0,0,0,0,0,0,0,0,0,0,0,0,0,0,0,0,0
2050,7568,7568,7578,6332,38217816,30349251,7868565,4034023,2006144,1828398,652,197,455,688,233,455,0,2050,30349251,10389643,4416563,0,1384464,6958203,7200378,0,2006144,763559,778928,0,0,0,463657,0,6916,5644
2051,7568,7568,7578,7503,459330,330542,128788,4541,31301,92946,7443,59,7384,7456,63,7393,231420,2051,330542,183684,98521,0,48337,0,0,0,31301,14621,7970,0,0,0,8710,0,125,47
2052,7568,7568,7578,7570,66287,39315,26972,2969,8242,15761,7555,22,7533,7564,25,7539,5551,2052,39315,27603,9406,0,2306,0,0,0,8242,3358,3148,0,0,0,1736,0,13,6
2053,7568,7568,7578,6968,5059959,4700995,358964,14400,83167,261397,6428,87,6341,6452,108,6344,1246011,2053,4700995,609848,325437,0,164236,1473278,2128196,0,83167,38953,21079,0,0,0,23135,0,1140,516
2054,7568,7568,7578,7578,0,0,0,0,0,0,7568,40,7528,7578,43,7535,0,2054,0,0,0,0,0,0,0,0,0,0,0,0,0,0,0,0,0,0
2055,7568,7568,7578,7578,0,0,0,0,0,0,7568,41,7527,7578,44,7534,0,2055,0,0,0,0,0,0,0,0,0,0,0,0,0,0,0,0,0,0
2056,7568,7568,7578,6984,5758092,5138789,619303,184135,145281,289887,6526,84,6442,6554,103,6451,0,2056,5138789,632911,358191,0,57431,1741706,2348550,0,145281,90940,442,0,0,0,53899,0,1042,430
2057,7568,7568,7578,7029,38803572,31963811,6839761,2902788,1826863,2110110,546,184,362,579,216,363,0,2057,31963811,10717437,5838934,0,926163,7175905,7305372,0,1826863,632223,809666,0,0,0,384974,0,7022,6450
2058,7568,7568,7578,7463,1094148,713863,380285,98271,137536,144478,7370,45,7325,7382,50,7332,0,2058,713863,356773,155483,0,87848,113759,0,0,137536,53900,51496,0,0,0,32140,0,198,81
2059,7568,7568,7578,6495,16793514,14014018,2779496,1027626,570654,1181216,4529,145,4384,4556,165,4391,0,2059,14014018,3072328,1288952,0,357175,3493263,5802300,0,570654,340026,27027,0,0,0,203601,0,3039,1939
2060,7568,7568,7578,7026,39397537,30667751,8729786,5102431,2090373,1536982,193,177,16,233,217,16,1357165,2060,30667751,9680304,4939621,0,1538354,7397981,7111491,0,2090373,911207,628396,0,0,0,550770,0,7375,6793
2061,7568,7568,7578,7027,5481792,4828922,652870,177835,194572,280463,6576,86,6490,6602,104,6498,0,2061,4828922,692264,325154,0,96635,1979705,1735164,0,194572,93719,44918,0,0,0,55935,0,992,425
2062,7568,7568,7578,6334,30895866,24413115,6482751,3379237,1500292,1603222,1977,189,1788,2022,228,1794,0,2062,24413115,7169589,3418132,0,546893,6006285,7272216,0,1500292,695009,385920,0,0,0,419363,0,5591,4312
2063,7568,7568,7578,7167,4531320,3815731,715589,116862,210980,387747,6748,95,6653,6783,122,6661,0,2063,3815731,836679,339957,0,60358,1672473,906264,0,210980,93317,61735,0,0,0,55928,0,820,384
2064,7568,7568,7578,6324,35516194,29040040,6476154,3644988,1205522,1625644,677,197,480,713,234,479,2564780,2064,29040040,8053056,4509990,0,2584381,6643874,7248739,0,1205522,695141,93311,0,0,0,417070,0,6891,5611
2065,7568,7568,7578,6546,13251029,11734058,1516971,303457,433733,779781,5063,123,4940,5085,138,4947,593537,2065,11734058,2078645,1056854,0,477143,2862366,5259050,0,433733,174562,153917,0,0,0,105254,0,2505,1461
2066,7568,7568,7578,6546,13294957,12278851,1016106,166908,308175,541023,5072,129,4943,5096,149,4947,499325,2066,12278851,1835228,1232127,0,921104,2863392,5427000,0,308175,109028,133414,0,0,0,65733,0,2496,1450
2067,7568,7568,7578,7578,0,0,0,0,0,0,7568,48,7520,7578,52,7526,0,2067,0,0,0,0,0,0,0,0,0,0,0,0,0,0,0,0,0,0
2068,7568,7568,7578,7576,13263,8763,4500,4,1040,3456,7565,34,7531,7575,35,7540,3315,2068,8763,5879,2004,0,880,0,0,0,1040,291,621,0,0,0,128,0,3,1
2069,7568,7568,7578,7578,0,0,0,0,0,0,7568,39,7529,7578,42,7536,0,2069,0,0,0,0,0,0,0,0,0,0,0,0,0,0,0,0,0,0
2070,7568,7568,7578,6457,10503006,9551285,951721,195670,299998,456053,4648,139,4509,4693,178,4515,5654822,2070,9551285,1376465,757106,0,574980,2512429,4330305,0,299998,106467,129341,0,0,0,64190,0,2920,1764
2071,7568,7568,7578,7288,1564694,1442365,122329,1349,22253,98727,7059,76,6983,7055,69,6986,1255348,2071,1442365,288691,291114,0,122922,572778,166860,0,22253,11501,4174,0,0,0,6578,0,509,233
2072,7568,7568,7578,7567,93942,52609,41333,7582,13142,20609,7551,42,7509,7560,45,7515,0,2072,52609,37688,13960,0,961,0,0,0,13142,5588,4355,0,0,0,3199,0,17,7
2073,7568,7568,7578,7564,94609,57831,36778,11810,9805,15163,7542,71,7471,7556,73,7483,49067,2073,57831,33246,10860,0,13725,0,0,0,9805,5097,1988,0,0,0,2720,0,26,8
2074,7568,7568,7578,7578,0,0,0,0,0,0,7568,34,7534,7578,38,7540,0,2074,0,0,0,0,0,0,0,0,0,0,0,0,0,0,0,0,0,0
2075,7568,7568,7578,7578,0,0,0,0,0,0,7568,43,7525,7578,48,7530,0,2075,0,0,0,0,0,0,0,0,0,0,0,0,0,0,0,0,0,0
2076,7568,7568,7578,6405,16336155,14309657,2026498,699576,402619,924303,4135,147,3988,4188,192,3996,2641605,2076,14309657,2481659,1199157,0,856946,3668116,6103779,0,402619,245279,10932,0,0,0,146408,0,3433,2217
2077,7568,7568,7578,6327,32645240,24951711,7693529,4645709,1641954,1405866,1243,194,1049,1281,232,1049,2307112,2077,24951711,7717278,3326983,0,460017,6244687,7202746,0,1641954,827941,315489,0,0,0,498524,0,6325,5046
2078,7568,7568,7578,6832,7896654,7028439,868215,188349,263584,416282,6139,94,6045,6162,112,6050,0,2078,7028439,983088,598985,0,147470,2016452,3282444,0,263584,115929,78093,0,0,0,69562,0,1429,670
2079,7568,7568,7578,6528,6118136,5351516,766620,182789,229580,354251,4601,164,4437,4626,183,4443,10313421,2079,5351516,1011458,668215,0,190529,1231619,2249695,0,229580,87008,90262,0,0,0,52310,0,2967,1902
2080,7568,7568,7578,7578,0,0,0,0,0,0,7568,26,7542,7578,30,7548,0,2080,0,0,0,0,0,0,0,0,0,0,0,0,0,0,0,0,0,0
2081,7568,7568,7578,7578,0,0,0,0,0,0,7568,37,7531,7578,42,7536,0,2081,0,0,0,0,0,0,0,0,0,0,0,0,0,0,0,0,0,0
2082,7568,7568,7578,7578,0,0,0,0,0,0,7568,27,7541,7578,32,7546,0,2082,0,0,0,0,0,0,0,0,0,0,0,0,0,0,0,0,0,0
2083,7568,7568,7578,6339,13059590,10958307,2101283,1133611,518963,448709,3319,164,3155,3363,201,3162,10455124,2083,10958307,2158192,933393,0,638894,3001878,4225950,0,518963,263927,96724,0,0,0,158312,0,4249,2976
2084,7568,7568,7578,6340,25491438,21172378,4319060,1885658,1171965,1261437,2955,165,2790,2999,205,2794,0,2084,21172378,5208507,3423367,0,385609,5026355,7128540,0,1171965,473944,411210,0,0,0,286811,0,4613,3341
2085,7568,7568,7578,7574,33156,21808,11348,394,5240,5714,7562,23,7539,7571,26,7545,0,2085,21808,14192,6280,0,1336,0,0,0,5240,936,3890,0,0,0,414,0,6,3
2086,7568,7568,7578,7578,0,0,0,0,0,0,7568,17,7551,7578,21,7557,0,2086,0,0,0,0,0,0,0,0,0,0,0,0,0,0,0,0,0,0
2087,7568,7568,7578,7578,0,0,0,0,0,0,7568,37,7531,7578,42,7536,0,2087,0,0,0,0,0,0,0,0,0,0,0,0,0,0,0,0,0,0
2088,7568,7568,7578,7578,0,0,0,0,0,0,7568,31,7537,7578,35,7543,0,2088,0,0,0,0,0,0,0,0,0,0,0,0,0,0,0,0,0,0
2089,7568,7568,7578,7578,0,0,0,0,0,0,7568,32,7536,7578,34,7544,0,2089,0,0,0,0,0,0,0,0,0,0,0,0,0,0,0,0,0,0
2090,7568,7568,7578,7028,15869928,12885362,2984566,1765581,611767,607218,1380,188,1192,1414,220,1194,18371373,2090,12885362,3256094,1234468,0,1446471,3332067,3616262,0,611767,346690,57351,0,0,0,207726,0,6188,5614
2091,7568,7568,7578,6837,6721577,6006817,714760,108810,332110,273840,6178,90,6088,6205,109,6096,964309,2091,6006817,843083,528117,0,106329,1795016,2734272,0,332110,89245,188363,0,0,0,54502,0,1390,632
2092,7568,7568,7578,7578,0,0,0,0,0,0,7568,34,7534,7578,39,7539,0,2092,0,0,0,0,0,0,0,0,0,0,0,0,0,0,0,0,0,0
2093,7568,7568,7578,7578,0,0,0,0,0,0,7568,33,7535,7578,39,7539,0,2093,0,0,0,0,0,0,0,0,0,0,0,0,0,0,0,0,0,0
2094,7568,7568,7578,7183,9154251,7971765,1182486,231528,331866,619092,5833,130,5703,5851,139,5712,434941,2094,7971765,1409017,942306,0,316110,2225032,3079300,0,331866,155010,83852,0,0,0,93004,0,1735,1332
2095,7568,7568,7578,7578,0,0,0,0,0,0,7568,18,7550,7578,19,7559,0,2095,0,0,0,0,0,0,0,0,0,0,0,0,0,0,0,0,0,0
2096,7568,7568,7578,7578,0,0,0,0,0,0,7568,19,7549,7578,13,7565,0,2096,0,0,0,0,0,0,0,0,0,0,0,0,0,0,0,0,0,0
2097,7568,7568,7578,6345,18405467,15348664,3056803,1423474,691573,941756,3308,168,3140,3356,209,3147,5150615,2097,15348664,3449262,1630024,0,442032,4101100,5726246,0,691573,360286,115062,0,0,0,216225,0,4260,2989
2098,7568,7568,7578,6573,6572005,5696991,875014,333489,250703,290822,5289,146,5143,5316,167,5149,6045979,2098,5696991,889325,574536,0,144943,1347147,2741040,0,250703,120324,58424,0,0,0,71955,0,2279,1257
2099,7568,5398,7578,5357,513918,77780,0,0,0,0,5305,110,5195,5306,105,5201,0,2099,77780,19392,56998,0,1390,0,0,0,0,0,0,0,0,0,0,0,93,51
