"Year","AFem","AFemDeath","AMal","AMalDeath","Eggs","EggsDeath","FryGrad","FryExit","FryDeath","FryInStr","allMortAF","baseMortAF","tempMortAF","allMortAM","baseMortAM","tempMortAM","InVivo","Year","allMortEgg","baseMortEgg","tempMortEgg","denMortEgg","incMortEgg","superMortEgg","lostMortEgg","catMortEgg","allMortFry","baseMortFry","tempMortFry","denMortFry","habMortFry","freshMortFry","seasMortFry","catMortFry","allMortSF","allMortSM"
2010,7568,7568,7578,6310,23034177,18751803,4282374,1961696,822190,1498488,743,190,553,788,231,557,14718903,2010,18751803,6197368,1991578,0,1119731,4818087,4625039,0,822190,428402,136535,0,0,0,257253,0,6825,5522
2011,7568,7568,7578,6322,30945600,25563770,5381830,2523117,1089657,1769056,1968,197,1771,2010,233,1777,0,2011,25563770,6923464,2389600,0,2074332,6716274,7460100,0,1089657,599954,129357,0,0,0,360346,0,5600,4312
2012,7568,7568,7578,6322,31232952,26081501,5151451,2317020,1117674,1716757,1916,196,1720,1959,232,1727,0,2012,26081501,6998866,5277315,0,273087,6066607,7465626,0,1117674,529182,269545,0,0,0,318947,0,5652,4363
2013,7568,7568,7578,6331,24599132,22498911,2100221,324792,300288,1475141,2740,178,2562,2783,218,2565,2084140,2013,22498911,5142939,4417872,0,268993,5596028,7073079,0,300288,160378,43802,0,0,0,96108,0,4828,3548
2014,7568,7568,7578,6324,22349554,20290359,2059195,484143,321635,1253417,2200,190,2010,2242,227,2015,7334429,2014,20290359,4465004,3176773,0,1284940,5348153,6015489,0,321635,165450,56947,0,0,0,99238,0,5368,4082
2015,7568,7568,7578,6322,29315430,26234549,3080881,741480,628475,1710926,2263,194,2069,2305,230,2075,0,2015,26234549,6739306,3581606,0,1307833,7151230,7454574,0,628475,279049,181039,0,0,0,168387,0,5305,4017
2016,7568,7568,7578,6340,18256090,15886443,2369647,545495,522589,1301563,3598,156,3442,3646,197,3449,3693636,2016,15886443,3758525,1606751,0,16826,4356797,6147544,0,522589,232733,149598,0,0,0,140258,0,3970,2694
2017,7568,7568,7578,6892,6187478,5750231,437247,19941,80164,337142,6261,106,6155,6286,122,6164,1040457,2017,5750231,750610,344225,0,265221,1736602,2653573,0,80164,48114,3528,0,0,0,28522,0,1307,606
2018,7568,7568,7578,6268,24938838,22221813,2717025,596905,545704,1574416,3055,159,2896,3105,203,2902,0,2018,22221813,5233414,2651373,0,1117639,5792443,7426944,0,545704,263402,123760,0,0,0,158542,0,4513,3163
2019,7568,7568,7578,6310,26541378,22856502,3684876,1065507,760792,1858577,2765,180,2585,2812,219,2593,0,2019,22856502,5747683,2726576,0,430394,6486223,7465626,0,760792,370924,166488,0,0,0,223380,0,4803,3498
2020,7568,7568,7578,6535,12433500,11769173,664327,78909,138195,447223,5318,116,5202,5346,138,5208,0,2020,11769173,1551307,715770,0,880092,2996536,5625468,0,138195,80337,10072,0,0,0,47786,0,2250,1189
2021,7568,7568,7578,6322,7370281,6190228,1180053,568618,234535,376900,511,196,315,547,231,316,31700711,2021,6190228,1623164,1138251,0,374038,1464489,1590286,0,234535,124165,36743,0,0,0,73627,0,7057,5775
2022,7568,7568,7578,6331,24540966,20889448,3651518,1065571,719532,1866415,3127,183,2944,3165,216,2949,0,2022,20889448,5454898,2272628,0,81900,5780176,7299846,0,719532,360439,142185,0,0,0,216908,0,4441,3166
2023,7568,7568,7578,6322,38241411,32217063,6024348,2264236,1030881,2729231,501,198,303,536,234,302,810981,2023,32217063,10204830,5115344,0,970181,8232140,7694568,0,1030881,537650,169980,0,0,0,323251,0,7067,5786
2024,7568,7568,7578,6329,23054472,18557631,4496841,2609422,926896,960523,3396,171,3225,3437,208,3229,0,2024,18557631,4025909,1425927,0,216167,5562152,7327476,0,926896,575274,7053,0,0,0,344569,0,4172,2892
2025,7568,7568,7578,6313,22073705,19179635,2894070,925257,594114,1374699,1078,196,882,1118,234,884,13829140,2025,19179635,5502969,3651705,0,836211,4660495,4528255,0,594114,254468,186043,0,0,0,153603,0,6490,5195
2026,7568,7568,7578,7575,27630,17215,10415,352,1824,8239,7563,59,7504,7573,63,7510,0,2026,17215,12050,4951,0,214,0,0,0,1824,1030,433,0,0,0,361,0,5,2
2027,7568,7568,7578,6346,20678292,18189241,2489051,797174,524831,1167046,3826,151,3675,3876,193,3683,0,2027,18189241,3563709,1662220,0,988086,4796952,7178274,0,524831,280759,75568,0,0,0,168504,0,3742,2470
2028,7568,7568,7578,6288,20685649,18691760,1993889,1253396,388928,351565,603,187,416,651,233,418,17847707,2028,18691760,3633454,2249398,0,4738221,3918078,4152609,0,388928,233720,15709,0,0,0,139499,0,6965,5637
2029,7568,7568,7578,6315,23225739,19482906,3742833,1785273,870513,1087047,3354,181,3173,3397,216,3181,60825,2029,19482906,3970479,2837957,0,491608,4789074,7393788,0,870513,462468,130349,0,0,0,277696,0,4214,2918
2030,7568,7568,7578,6267,22672625,18163655,4508970,2866323,1022109,620538,956,185,771,1001,229,772,13904342,2030,18163655,4675762,3332902,0,1661955,3974654,4518382,0,1022109,514176,198773,0,0,0,309160,0,6612,5266
2031,7568,7568,7578,6323,24908822,20260835,4647987,2419273,980642,1248072,2168,187,1981,2209,224,1985,4947984,2031,20260835,5138447,3139524,0,652554,5196000,6134310,0,980642,526083,138617,0,0,0,315942,0,5400,4114
2032,7568,7568,7578,6325,22943952,20445334,2498618,521376,427940,1549302,3416,170,3246,3459,208,3251,0,2032,20445334,4339766,2560016,0,520534,5631230,7393788,0,427940,255571,19527,0,0,0,152842,0,4152,2866
2033,7568,7568,7578,6330,24441917,21484610,2957307,1155417,571356,1230534,3103,177,2926,3143,215,2928,231673,2033,21484610,4886181,2247259,0,1532411,5518913,7299846,0,571356,338105,30752,0,0,0,202499,0,4465,3187
2034,7568,7568,7578,6312,19959340,16976252,2983088,1353593,513790,1115705,780,187,593,820,227,593,17596364,2034,16976252,5033061,2976167,0,1121659,3732534,4112831,0,513790,316895,7510,0,0,0,189385,0,6788,5492
2035,7568,7568,7578,6291,10411030,8745972,1665058,631260,309982,723816,2300,178,2122,2348,222,2126,18756685,2035,8745972,2349053,958330,0,412472,2350601,2675516,0,309982,177887,25936,0,0,0,106159,0,5268,3943
2036,7568,7568,7578,6310,8903922,7728096,1175826,418818,200387,556621,2343,185,2158,2388,224,2164,20033410,2036,7728096,1936960,814710,0,459039,2110654,2406733,0,200387,125714,0,0,0,0,74673,0,5225,3922
2037,7568,7568,7578,6294,27983664,23946698,4036966,1185750,723937,2127279,2504,188,2316,2551,231,2320,0,2037,23946698,6352876,3075233,0,585936,6461501,7471152,0,723937,391966,96691,0,0,0,235280,0,5064,3743
2038,7568,7568,7578,7351,2238030,1867366,370664,2192,92366,276106,7163,73,7090,7163,69,7094,0,2038,1867366,596089,216178,0,118805,869982,66312,0,92366,37409,32525,0,0,0,22432,0,405,188
2039,7568,7568,7578,6672,10280152,9666352,613800,8008,119977,485815,5707,140,5567,5732,160,5572,3734,2039,9666352,1292083,736561,0,524476,2438236,4674996,0,119977,57823,27651,0,0,0,34503,0,1861,940
2040,7568,7568,7578,7063,3516469,3193780,322689,13811,66983,241895,6654,114,6540,6682,137,6545,1541027,2040,3193780,487255,336441,0,2712,1302861,1064511,0,66983,37636,7160,0,0,0,22187,0,914,381
2041,7568,7568,7578,6454,15799199,14001297,1797902,743115,343927,710860,3386,186,3200,3416,214,3202,7330779,2041,14001297,3585056,1380665,0,1574712,3149018,4311846,0,343927,204587,17090,0,0,0,122250,0,4182,3038
2042,7568,7568,7578,6277,35908899,29851352,6057547,2627607,1381625,2048315,1019,184,835,1066,228,838,280975,2042,29851352,8671402,5532619,0,1075829,7083872,7487630,0,1381625,594349,428052,0,0,0,359224,0,6549,5211
2043,7568,7568,7578,6734,4507950,4206728,301222,5917,74313,220992,6021,87,5934,6040,99,5941,4060448,2043,4206728,523856,271060,0,42877,1252918,2116017,0,74313,30032,26362,0,0,0,17919,0,1547,694
2044,7568,7568,7578,6384,12823798,11983815,839983,286202,212052,341729,4766,150,4616,4814,192,4622,2670302,2044,11983815,1434961,888318,0,888070,2876402,5896064,0,212052,115910,27122,0,0,0,69020,0,2802,1570
2045,7568,7568,7578,6294,6073864,5370982,702882,210665,149709,342508,2534,186,2348,2582,229,2353,21813215,2045,5370982,1316049,713298,0,309622,1409562,1622451,0,149709,70440,37395,0,0,0,41874,0,5034,3712
2046,7568,7568,7578,6323,31459518,25497709,5961809,2624168,1176260,2161381,1875,189,1686,1913,224,1689,0,2046,25497709,7581239,1935128,0,1449264,7094082,7437996,0,1176260,637899,154970,0,0,0,383391,0,5693,4410
2047,7568,7568,7578,6324,20722500,17546065,3176435,1218691,805089,1152655,3818,177,3641,3860,210,3650,0,2047,17546065,3444750,1317208,0,292644,5114253,7377210,0,805089,399117,165989,0,0,0,239983,0,3750,2464
2048,7568,7568,7578,6482,14093763,12620711,1473052,393127,315333,764592,5003,151,4852,5032,174,4858,80427,2048,12620711,1898145,1095689,0,484044,3235539,5907294,0,315333,197451,0,0,0,0,117882,0,2565,1450
2049,7568,7568,7578,6302,20044557,16624263,3420294,1678322,911953,830019,2960,174,2786,3007,217,2790,5439197,2049,16624263,3640087,2309065,0,703926,4298868,5672317,0,911953,412324,251084,0,0,0,248545,0,4608,3295
2050,7568,7568,7578,7574,21630,14925,6705,784,1356,4565,7561,37,7524,7571,43,7528,17052,2050,14925,8129,5514,0,1282,0,0,0,1356,460,694,0,0,0,202,0,7,3
2051,7568,7568,7578,7567,93942,59411,34531,1638,7163,25730,7551,34,7517,7560,39,7521,0,2051,59411,41614,15276,0,2521,0,0,0,7163,4036,892,0,0,0,2235,0,17,7
2052,7568,7568,7578,7576,11052,7992,3060,6,567,2487,7566,68,7498,7575,72,7503,0,2052,7992,4676,2770,0,546,0,0,0,567,184,301,0,0,0,82,0,2,1
2053,7568,7568,7578,7468,841320,620029,221291,3450,56604,161237,7390,45,7345,7399,51,7348,142308,2053,620029,329977,167568,0,20405,102079,0,0,56604,23636,18846,0,0,0,14122,0,178,69
2054,7568,7568,7578,6348,21197736,18284913,2912823,1165640,711950,1035233,3732,170,3562,3772,206,3566,0,2054,18284913,3895836,1455600,0,1042136,4807009,7084332,0,711950,353096,146622,0,0,0,212232,0,3836,2576
2055,7568,7568,7578,6323,13012524,10983570,2028954,867441,459716,701797,1515,203,1312,1552,238,1314,20497792,2055,10983570,3145980,2262169,0,212302,2520799,2842320,0,459716,195884,146107,0,0,0,117725,0,6053,4771
2056,7568,7568,7578,7489,812322,536080,276242,25967,64922,185353,7421,49,7372,7432,52,7380,0,2056,536080,336818,96116,0,66739,36407,0,0,64922,36367,7098,0,0,0,21457,0,147,57
2057,7568,7568,7578,6312,14913805,13165753,1748052,1169834,361334,216884,2064,195,1869,2105,232,1873,15549572,2057,13165753,2575607,1351193,0,2159742,3228090,3851121,0,361334,220911,8663,0,0,0,131760,0,5504,4207
2058,7568,7568,7578,6521,4117635,3738851,378784,47937,77569,253278,5549,134,5415,5574,155,5419,7078046,2058,3738851,494807,262058,0,0,912716,2069270,0,77569,46287,4003,0,0,0,27279,0,2019,947
2059,7568,7568,7578,6322,27457844,23273227,4184617,1340038,927843,1916736,2599,188,2411,2639,225,2414,850,2059,23273227,6154718,2701656,0,517403,6455928,7443522,0,927843,422846,249943,0,0,0,255054,0,4969,3683
2060,7568,7568,7578,6545,9351249,8474701,876548,200133,189718,486697,5593,110,5483,5618,131,5487,1571170,2060,8474701,1043869,547465,0,111512,2039096,4732759,0,189718,118927,0,0,0,0,70791,0,1975,927
2061,7568,7568,7578,6313,16727314,15546333,1180981,643812,256755,280414,2330,193,2137,2370,229,2141,12258286,2061,15546333,2584400,1764890,0,3342493,3617665,4236885,0,256755,144576,26188,0,0,0,85991,0,5238,3943
2062,7568,7568,7578,6323,13792801,12200968,1591833,446252,377188,768393,3295,172,3123,3338,208,3130,9836871,2062,12200968,2506275,2249489,0,216740,2975857,4252607,0,377188,164753,113593,0,0,0,98842,0,4273,2985
2063,7568,7568,7578,6598,11496893,10432084,1064809,239822,266475,558512,5484,132,5352,5505,148,5357,19291,2063,10432084,1458089,871221,0,582264,2431064,5089446,0,266475,133949,52334,0,0,0,80192,0,2084,1093
2064,7568,7568,7578,6325,14243826,12431085,1812741,536358,427995,848388,3915,163,3752,3959,201,3758,5969430,2064,12431085,2193335,1618045,0,162626,3325774,5131305,0,427995,221931,73067,0,0,0,132997,0,3653,2366
2065,7568,7568,7578,6330,23000702,19739218,3261484,971129,633910,1656445,3091,168,2923,3134,204,2930,1743519,2065,19739218,4874377,2123842,0,152272,5595970,6992757,0,633910,337981,92879,0,0,0,203050,0,4477,3196
2066,7568,7568,7578,6324,13369568,11921051,1448517,772887,264032,411598,2342,182,2160,2379,219,2160,15551203,2066,11921051,2374301,1198971,0,1153099,3221051,3973629,0,264032,165451,0,0,0,0,98581,0,5226,3945
2067,7568,7568,7578,6288,5944880,5379560,565320,171371,152237,241712,4357,165,4192,4405,207,4198,11823680,2067,5379560,707043,986859,0,22215,1502188,2161255,0,152237,71722,37770,0,0,0,42745,0,3211,1883
2068,7568,7568,7578,6376,15119136,14004904,1114232,29160,226598,858474,4832,139,4693,4879,181,4698,0,2068,14004904,2132417,1129616,0,192980,3653443,6896448,0,226598,111115,48943,0,0,0,66540,0,2736,1497
2069,7568,7568,7578,6544,10518673,9522865,995808,126500,215238,654070,5346,102,5244,5368,120,5248,1768393,2069,9522865,1386252,502179,0,380300,2410554,4843580,0,215238,115969,30039,0,0,0,69230,0,2222,1176
2070,7568,7568,7578,6551,11516184,10377328,1138856,156953,367197,614706,5484,129,5355,5510,150,5360,0,2070,10377328,1488831,874759,0,148301,2405749,5459688,0,367197,136601,148013,0,0,0,82583,0,2084,1041
2071,7568,7568,7578,7577,11052,6784,4268,648,730,2890,7566,44,7522,7577,50,7527,0,2071,6784,4296,1486,0,1002,0,0,0,730,260,328,0,0,0,142,0,2,0
2072,7568,7568,7578,6813,7802712,7088076,714636,121753,181623,411260,6156,131,6025,6178,147,6031,0,2072,7088076,967775,428253,0,113421,2213293,3365334,0,181623,94979,30050,0,0,0,56594,0,1412,635
2073,7568,7568,7578,6326,19612327,17209271,2403056,712771,647527,1042758,3920,176,3744,3963,210,3753,546721,2073,17209271,3119041,1850914,0,301065,4702787,7235464,0,647527,291262,180820,0,0,0,175445,0,3648,2363
2074,7568,7568,7578,6987,38682,38682,0,0,0,0,6558,59,6499,6585,78,6507,5570208,2074,38682,2896,15029,0,0,20757,0,0,0,0,0,0,0,0,0,0,1010,402
2075,7568,7568,7578,6625,6421218,5746777,674441,140805,157669,375967,5682,115,5567,5703,131,5572,4021918,2075,5746777,817909,385687,0,86247,1437190,3019744,0,157669,89435,15091,0,0,0,53143,0,1886,922
2076,7568,7568,7578,6313,14281324,12682626,1598698,517255,354550,726893,4650,161,4489,4702,204,4498,1848290,2076,12682626,1804834,1203147,0,155185,3294628,6224832,0,354550,220934,1623,0,0,0,131993,0,2918,1611
2077,7568,7568,7578,6307,29950920,26050917,3900003,1433332,950408,1516263,2148,194,1954,2192,234,1958,0,2077,26050917,6026009,5289041,0,1267116,6008651,7460100,0,950408,409850,293013,0,0,0,247545,0,5420,4115
2078,7568,7568,7578,7576,13263,7573,5690,92,1368,4230,7565,33,7532,7575,37,7538,3315,2078,7573,6027,1546,0,0,0,0,0,1368,424,753,0,0,0,191,0,3,1
2079,7568,7568,7578,7578,4295,2539,1756,261,482,1013,7567,10,7557,7578,12,7566,1231,2079,2539,1622,524,0,393,0,0,0,482,108,317,0,0,0,57,0,1,0
2080,7568,7568,7578,7324,2322618,1952444,370174,51321,96866,221987,7147,64,7083,7146,60,7086,3828,2080,1952444,521687,192325,0,103904,863754,270774,0,96866,50408,16608,0,0,0,29850,0,421,178
2081,7568,7568,7578,6324,1008521,897929,110592,72576,23099,14917,3281,169,3112,3321,206,3115,22755143,2081,897929,145141,252474,0,45175,272159,182980,0,23099,12590,4670,0,0,0,5839,0,4287,3003
2082,7568,7568,7578,6472,12899727,11850350,1049377,90993,337355,621029,5102,134,4968,5141,166,4975,729045,2082,11850350,1704028,1491161,0,111184,2732227,5811750,0,337355,113199,155678,0,0,0,68478,0,2466,1331
2083,7568,7568,7578,7400,1585962,1417312,168650,735,36384,131531,7281,58,7223,7287,59,7228,0,2083,1417312,379058,288057,0,150208,599989,0,0,36384,15820,11161,0,0,0,9403,0,287,113
2084,7568,7568,7578,7578,0,0,0,0,0,0,7568,10,7558,7578,12,7566,0,2084,0,0,0,0,0,0,0,0,0,0,0,0,0,0,0,0,0,0
2085,7568,7568,7578,7578,0,0,0,0,0,0,7568,62,7506,7578,65,7513,0,2085,0,0,0,0,0,0,0,0,0,0,0,0,0,0,0,0,0,0
2086,7568,7568,7578,7467,989154,741309,247845,19408,71688,156749,7389,42,7347,7398,46,7352,0,2086,741309,324286,196868,0,116957,103198,0,0,71688,31307,21687,0,0,0,18694,0,179,69
2087,7568,7568,7578,7578,0,0,0,0,0,0,7568,44,7524,7578,48,7530,0,2087,0,0,0,0,0,0,0,0,0,0,0,0,0,0,0,0,0,0
2088,7568,7568,7578,6333,132624,126854,5770,5167,526,77,4405,159,4246,4453,203,4250,17429004,2088,126854,12811,57863,0,0,56180,0,0,526,361,0,0,0,0,165,0,3163,1880
2089,7568,7568,7578,6385,6196204,5539034,657170,283104,164303,209763,5145,135,5010,5188,170,5018,7227568,2089,5539034,613143,683723,0,17647,1286668,2937853,0,164303,97179,9356,0,0,0,57768,0,2423,1197
2090,7568,7568,7578,6566,5085949,4640629,445320,198513,111187,135620,5597,111,5486,5619,126,5493,5834317,2090,4640629,498284,477601,0,139466,1039518,2485760,0,111187,65907,6575,0,0,0,38705,0,1971,947
2091,7568,7568,7578,6981,1472065,1343759,128306,14910,28594,84802,6457,99,6358,6482,116,6366,4687736,2091,1343759,192533,220738,0,7013,454935,468540,0,28594,15194,4770,0,0,0,8630,0,1111,499
2092,7568,7568,7578,6325,22932900,19252834,3680066,1873154,929982,876930,3418,173,3245,3459,206,3253,0,2092,19252834,3735407,2195522,0,656473,5271644,7393788,0,929982,470796,176130,0,0,0,283056,0,4150,2866
2093,7568,7568,7578,6681,9140004,8293348,846656,265042,226368,355246,5914,100,5814,5937,115,5822,0,2093,8293348,901052,726491,0,60767,2145556,4459482,0,226368,121806,32058,0,0,0,72504,0,1654,744
2094,7568,7568,7578,7530,345582,188277,157305,66651,47978,42676,7491,48,7443,7502,49,7453,79920,2094,188277,111019,77258,0,0,0,0,0,47978,24738,8560,0,0,0,14680,0,77,28
2095,7568,7568,7578,7536,392346,240301,152045,41207,46798,64040,7497,38,7459,7508,43,7465,0,2095,240301,134940,77170,0,28191,0,0,0,46798,21852,11969,0,0,0,12977,0,71,28
2096,7568,7568,7578,7578,0,0,0,0,0,0,7568,12,7556,7578,16,7562,0,2096,0,0,0,0,0,0,0,0,0,0,0,0,0,0,0,0,0,0
2097,7568,7568,7578,7578,0,0,0,0,0,0,7568,33,7535,7578,41,7537,0,2097,0,0,0,0,0,0,0,0,0,0,0,0,0,0,0,0,0,0
2098,7568,7568,7578,7578,0,0,0,0,0,0,7568,28,7540,7578,32,7546,0,2098,0,0,0,0,0,0,0,0,0,0,0,0,0,0,0,0,0,0
2099,7568,7568,7578,7578,0,0,0,0,0,0,7568,12,7556,7578,15,7563,0,2099,0,0,0,0,0,0,0,0,0,0,0,0,0,0,0,0,0,0
