"Year","allMortEgg","baseMortEgg","tempMortEgg","denMortEgg","incMortEgg","superMortEgg","lostMortEgg","catMortEgg","allMortFry","baseMortFry","tempMortFry","denMortFry","habMortFry","freshMortFry","seasMortFry","catMortFry","allMortSF","allMortSM"
2010,26997588,8580669,5179788,0,2237822,5116332,5882977,0,1068898,641583,42946,0,0,0,384369,0,7384,6078
2011,20071142,6645943,2808420,0,1096973,4683179,4836627,0,1122395,646556,88094,0,0,0,387745,0,7384,6084
2012,32784783,10323831,4576927,0,3165084,7308575,7410366,0,1364153,730866,193898,0,0,0,439389,0,7235,5953
2013,34571713,11581250,6516797,0,1073130,7868598,7531938,0,1387963,491748,597043,0,0,0,299172,0,7378,6096
2014,6000,4868,1132,0,0,0,0,0,698,347,189,0,0,0,162,0,2,0
2015,27928017,9046077,2460223,0,2486586,6939409,6995722,0,1982635,932418,487643,0,0,0,562574,0,7386,6046
2016,9814175,1947399,970137,0,245586,2529129,4121924,0,222332,139369,0,0,0,0,82963,0,3335,2139
2017,3868730,544066,245591,0,136093,1421876,1521104,0,108906,47565,32883,0,0,0,28458,0,1163,524
2018,31044616,9955508,5035408,0,2229043,6624279,7200378,0,1724725,807460,430233,0,0,0,487032,0,7037,5754
2019,9809207,2179667,1086956,0,45407,2584522,3912655,0,301644,120213,109034,0,0,0,72397,0,3698,3127
2020,1650587,449062,304918,0,105769,735578,55260,0,45730,16610,19204,0,0,0,9916,0,334,147
2021,1137693,344744,155706,0,93258,527407,16578,0,47602,20229,15448,0,0,0,11925,0,242,97
2022,6561584,923264,298016,0,170026,1771788,3398490,0,189724,97154,34481,0,0,0,58089,0,1321,590
2023,26996949,7936778,2863787,0,1972791,6791123,7432470,0,1256996,597290,299473,0,0,0,360233,0,5933,4601
2024,33834701,11137947,5185605,0,1464363,8315912,7730874,0,1187698,611361,208720,0,0,0,367617,0,7354,6060
2025,19521612,4042086,1632703,0,1417856,5333583,7095384,0,627140,243333,236693,0,0,0,147114,0,3981,2734
2026,2198443,560286,208101,0,53239,1034205,342612,0,120517,56276,30755,0,0,0,33486,0,479,355
2027,32279873,8347874,4877196,0,4527255,7115250,7412298,0,1280037,725374,119297,0,0,0,435366,0,7323,6042
2028,20901746,5775679,2784417,0,884409,5233031,6224210,0,900762,417218,231976,0,0,0,251568,0,5552,4273
2029,5968001,1041272,444874,0,130695,1593272,2757888,0,188494,98796,30877,0,0,0,58821,0,2673,1560
2030,0,0,0,0,0,0,0,0,0,0,0,0,0,0,0,0,0,0
2031,12956905,2679218,1190856,0,410476,3166933,5509422,0,403871,193637,93968,0,0,0,116266,0,2671,1600
2032,17627386,5257252,2340959,0,1051991,4378905,4598279,0,579533,322209,64184,0,0,0,193140,0,7330,6048
2033,27963521,8078819,4470634,0,2766051,5839083,6808934,0,1476729,814227,173387,0,0,0,489115,0,7134,5789
2034,11070789,2131400,1234246,0,233346,2671463,4800334,0,341212,174446,62334,0,0,0,104432,0,2714,1632
2035,25794780,6206463,3696432,0,2796599,5861752,7233534,0,856694,491063,71042,0,0,0,294589,0,5474,4200
2036,16687230,5084033,2969302,0,805547,3676792,4151556,0,643383,333328,109976,0,0,0,200079,0,7330,6048
2037,12018089,1991356,1293742,0,617355,2893566,5222070,0,243593,134990,27917,0,0,0,80686,0,2399,1349
2038,354571,112414,56214,0,31058,154885,0,0,24059,13284,3105,0,0,0,7670,0,312,132
2039,24981714,5687840,4381761,0,1653206,6030899,7228008,0,518766,222749,161648,0,0,0,134369,0,4985,3712
2040,5968086,784003,533703,0,205365,1869899,2575116,0,94141,44998,22413,0,0,0,26730,0,1160,517
2041,0,0,0,0,0,0,0,0,0,0,0,0,0,0,0,0,0,0
2042,0,0,0,0,0,0,0,0,0,0,0,0,0,0,0,0,0,0
2043,0,0,0,0,0,0,0,0,0,0,0,0,0,0,0,0,0,0
2044,30553630,9250544,4510866,0,1640998,7591654,7559568,0,1282905,686453,183794,0,0,0,412658,0,6797,5522
2045,23356527,6324951,2705317,0,1059638,5983353,7283268,0,1293243,737942,112298,0,0,0,443003,0,5366,4086
2046,25617170,7292845,2757402,0,1437556,6752157,7377210,0,1532252,627921,524016,0,0,0,380315,0,5720,4384
2047,21496528,5386387,2849029,0,359224,5718088,7183800,0,999024,431241,307115,0,0,0,260668,0,4611,3345
2048,8367955,1507725,619680,0,79012,2157813,4003725,0,359889,205145,32025,0,0,0,122719,0,1886,1008
2049,13796860,2577563,1823986,0,484759,3202194,5708358,0,499531,254182,92726,0,0,0,152623,0,2875,1776
2050,7575491,1194532,513714,0,344081,2268350,3254814,0,269763,100520,108633,0,0,0,60610,0,1525,760
2051,1120221,355363,158000,0,94982,511876,0,0,90053,32221,38607,0,0,0,19225,0,266,107
2052,3497084,627089,352318,0,177492,1533389,806796,0,110574,53318,25533,0,0,0,31723,0,712,314
2053,2231098,325669,342950,0,113546,615449,833484,0,51819,22933,16067,0,0,0,12819,0,7300,6020
2054,619427,287076,83078,0,79062,170211,0,0,67937,33469,14456,0,0,0,20012,0,157,58
2055,27222843,6280028,2213825,0,6210345,6122544,6396101,0,508740,303985,23077,0,0,0,181678,0,6998,5714
2056,21364576,5864176,4333901,0,2284425,3790426,5091648,0,825389,447835,108872,0,0,0,268682,0,5869,4674
2057,19933749,4690754,3145202,0,1105536,4276113,6716144,0,1023006,333395,486388,0,0,0,203223,0,5767,5167
2058,0,0,0,0,0,0,0,0,0,0,0,0,0,0,0,0,0,0
2059,0,0,0,0,0,0,0,0,0,0,0,0,0,0,0,0,0,0
2060,51533,26077,13176,0,12280,0,0,0,5770,2537,2053,0,0,0,1180,0,13,4
2061,18107899,4112943,1540914,0,1664896,4956391,5832755,0,795595,462805,55375,0,0,0,277415,0,5242,3967
2062,28341819,7176280,4081983,0,4289062,5996067,6798427,0,1098066,590178,153423,0,0,0,354465,0,6628,5288
2063,31714272,10756984,4774201,0,1001975,7698908,7482204,0,2189730,901124,742938,0,0,0,545668,0,7383,6776
2064,4936,3836,880,0,220,0,0,0,808,250,426,0,0,0,132,0,2,0
2065,251279,158279,93000,0,0,0,0,0,51041,21149,17321,0,0,0,12571,0,95,36
2066,3350575,658380,545505,0,221586,1350400,574704,0,135613,31199,85518,0,0,0,18896,0,665,307
2067,0,0,0,0,0,0,0,0,0,0,0,0,0,0,0,0,0,0
2068,0,0,0,0,0,0,0,0,0,0,0,0,0,0,0,0,0,0
2069,45855,27343,12088,0,6424,0,0,0,6771,3378,1615,0,0,0,1778,0,13,5
2070,6778211,929449,576172,0,347746,1822794,3102050,0,204226,92071,57124,0,0,0,55031,0,2457,1373
2071,31134,19921,8003,0,3210,0,0,0,4556,2388,1237,0,0,0,931,0,15,5
2072,14103,8953,3533,0,1617,0,0,0,1942,884,717,0,0,0,341,0,5,1
2073,14414120,2948991,1071298,0,469436,4028153,5896242,0,756341,323998,236878,0,0,0,195465,0,3517,2951
2074,0,0,0,0,0,0,0,0,0,0,0,0,0,0,0,0,0,0
2075,0,0,0,0,0,0,0,0,0,0,0,0,0,0,0,0,0,0
2076,2928858,670765,477283,0,234789,1144399,401622,0,112846,43511,43260,0,0,0,26075,0,648,479
2077,0,0,0,0,0,0,0,0,0,0,0,0,0,0,0,0,0,0
2078,4756542,569826,669174,0,209754,1655388,1652400,0,156398,43178,87220,0,0,0,26000,0,951,414
2079,0,0,0,0,0,0,0,0,0,0,0,0,0,0,0,0,0,0
2080,309015,177114,63784,0,68117,0,0,0,45323,24002,7064,0,0,0,14257,0,86,62
2081,10277569,2003148,1923051,0,609869,2541323,3200178,0,455486,191085,149437,0,0,0,114964,0,5867,4528
2082,0,0,0,0,0,0,0,0,0,0,0,0,0,0,0,0,0,0
2083,34484,21795,11153,0,1536,0,0,0,10323,4083,4381,0,0,0,1859,0,26,11
2084,0,0,0,0,0,0,0,0,0,0,0,0,0,0,0,0,0,0
2085,7016,2632,3119,0,1265,0,0,0,406,159,173,0,0,0,74,0,6,3
2086,0,0,0,0,0,0,0,0,0,0,0,0,0,0,0,0,0,0
2087,5179198,958832,897394,0,716260,970814,1635898,0,292311,136836,73869,0,0,0,81606,0,4543,3320
2088,5781437,769244,738573,0,219537,1517893,2536190,0,256706,86133,118563,0,0,0,52010,0,1622,797
2089,0,0,0,0,0,0,0,0,0,0,0,0,0,0,0,0,0,0
2090,0,0,0,0,0,0,0,0,0,0,0,0,0,0,0,0,0,0
2091,0,0,0,0,0,0,0,0,0,0,0,0,0,0,0,0,0,0
2092,0,0,0,0,0,0,0,0,0,0,0,0,0,0,0,0,0,0
2093,0,0,0,0,0,0,0,0,0,0,0,0,0,0,0,0,0,0
2094,0,0,0,0,0,0,0,0,0,0,0,0,0,0,0,0,0,0
2095,0,0,0,0,0,0,0,0,0,0,0,0,0,0,0,0,0,0
2096,0,0,0,0,0,0,0,0,0,0,0,0,0,0,0,0,0,0
2097,0,0,0,0,0,0,0,0,0,0,0,0,0,0,0,0,0,0
2098,1076729,289215,136535,0,47010,471369,132600,0,131709,29683,83901,0,0,0,18125,0,599,445
2099,0,0,0,0,0,0,0,0,0,0,0,0,0,0,0,0,0,0
