"Year","AFem","AFemDeath","AMal","AMalDeath","Eggs","EggsDeath","FryGrad","FryExit","FryDeath","FryInStr","allMortAF","baseMortAF","tempMortAF","allMortAM","baseMortAM","tempMortAM","InVivo","Year","allMortEgg","baseMortEgg","tempMortEgg","denMortEgg","incMortEgg","superMortEgg","lostMortEgg","catMortEgg","allMortFry","baseMortFry","tempMortFry","denMortFry","habMortFry","freshMortFry","seasMortFry","catMortFry","allMortSF","allMortSM"
2010,7568,7568,7578,6305,33267295,26997588,6269707,3247651,1068898,1953158,184,184,0,227,227,0,7554091,2010,26997588,8580669,5179788,0,2237822,5116332,5882977,0,1068898,641583,42946,0,0,0,384369,0,7384,6078
2011,7568,7568,7578,6310,26198723,20071142,6127581,3797612,1122395,1207574,184,184,0,226,226,0,14640573,2011,20071142,6645943,2808420,0,1096973,4683179,4836627,0,1122395,646556,88094,0,0,0,387745,0,7384,6084
2012,7568,7568,7578,6322,39980610,32784783,7195827,3729634,1364153,2102040,333,191,142,369,227,142,0,2012,32784783,10323831,4576927,0,3165084,7308575,7410366,0,1364153,730866,193898,0,0,0,439389,0,7235,5953
2013,7568,7568,7578,6322,40770828,34571713,6199115,2039809,1387963,2771343,190,190,0,226,226,0,0,2013,34571713,11581250,6516797,0,1073130,7868598,7531938,0,1387963,491748,597043,0,0,0,299172,0,7378,6096
2014,7568,7568,7578,7577,11052,6000,5052,756,698,3598,7566,75,7491,7577,80,7497,0,2014,6000,4868,1132,0,0,0,0,0,698,347,189,0,0,0,162,0,2,0
2015,7568,7568,7578,6272,36505708,27928017,8577691,5432563,1982635,1162493,182,182,0,226,226,0,4316566,2015,27928017,9046077,2460223,0,2486586,6939409,6995722,0,1982635,932418,487643,0,0,0,562574,0,7386,6046
2016,7568,7568,7578,6422,11118128,9814175,1303953,250208,222332,831413,4233,158,4075,4283,203,4080,7337451,2016,9814175,1947399,970137,0,245586,2529129,4121924,0,222332,139369,0,0,0,0,82963,0,3335,2139
2017,7568,7568,7578,6956,4260010,3868730,391280,39903,108906,242471,6405,99,6306,6432,117,6315,2177732,2017,3868730,544066,245591,0,136093,1421876,1521104,0,108906,47565,32883,0,0,0,28458,0,1163,524
2018,7568,7568,7578,6322,38886462,31044616,7841846,4278658,1724725,1838463,531,194,337,568,230,338,0,2018,31044616,9955508,5035408,0,2229043,6624279,7200378,0,1724725,807460,430233,0,0,0,487032,0,7037,5754
2019,7568,7568,7578,7034,11089393,9809207,1280186,229724,301644,748818,3870,149,3721,3907,181,3726,9376049,2019,9809207,2179667,1086956,0,45407,2584522,3912655,0,301644,120213,109034,0,0,0,72397,0,3698,3127
2020,7568,7568,7578,7381,1845684,1650587,195097,128,45730,149239,7234,69,7165,7234,64,7170,0,2020,1650587,449062,304918,0,105769,735578,55260,0,45730,16610,19204,0,0,0,9916,0,334,147
2021,7568,7568,7578,7434,1337292,1137693,199599,1298,47602,150699,7326,45,7281,7337,49,7288,0,2021,1137693,344744,155706,0,93258,527407,16578,0,47602,20229,15448,0,0,0,11925,0,242,97
2022,7568,7568,7578,6858,7299846,6561584,738262,109251,189724,439287,6247,89,6158,6268,104,6164,0,2022,6561584,923264,298016,0,170026,1771788,3398490,0,189724,97154,34481,0,0,0,58089,0,1321,590
2023,7568,7568,7578,6279,32785758,26996949,5788809,2705911,1256996,1825902,1635,184,1451,1678,225,1453,0,2023,26996949,7936778,2863787,0,1972791,6791123,7432470,0,1256996,597290,299473,0,0,0,360233,0,5933,4601
2024,7568,7568,7578,6312,40638204,33834701,6803503,2828745,1187698,2787060,214,188,26,252,227,25,0,2024,33834701,11137947,5185605,0,1464363,8315912,7730874,0,1187698,611361,208720,0,0,0,367617,0,7354,6060
2025,7568,7568,7578,6367,21999006,19521612,2477394,669052,627140,1181202,3587,155,3432,3633,197,3436,0,2025,19521612,4042086,1632703,0,1417856,5333583,7095384,0,627140,243333,236693,0,0,0,147114,0,3981,2734
2026,7568,7568,7578,7447,2646954,2198443,448511,27415,120517,300579,7089,58,7031,7092,52,7040,0,2026,2198443,560286,208101,0,53239,1034205,342612,0,120517,56276,30755,0,0,0,33486,0,479,355
2027,7568,7568,7578,6322,39185001,32279873,6905128,3984381,1280037,1640710,245,197,48,280,232,48,1281897,2027,32279873,8347874,4877196,0,4527255,7115250,7412298,0,1280037,725374,119297,0,0,0,435366,0,7323,6042
2028,7568,7568,7578,6332,24985419,20901746,4083673,1599512,900762,1583399,2016,185,1831,2059,223,1836,5708574,2028,20901746,5775679,2784417,0,884409,5233031,6224210,0,900762,417218,231976,0,0,0,251568,0,5552,4273
2029,7568,7568,7578,6490,6797066,5968001,829065,201087,188494,439484,4895,133,4762,4930,159,4771,8002312,2029,5968001,1041272,444874,0,130695,1593272,2757888,0,188494,98796,30877,0,0,0,58821,0,2673,1560
2030,7568,7568,7578,7578,0,0,0,0,0,0,7568,24,7544,7578,25,7553,0,2030,0,0,0,0,0,0,0,0,0,0,0,0,0,0,0,0,0,0
2031,7568,7568,7578,6520,14759946,12956905,1803041,288435,403871,1110735,4897,130,4767,4920,146,4774,0,2031,12956905,2679218,1190856,0,410476,3166933,5509422,0,403871,193637,93968,0,0,0,116266,0,2671,1600
2032,7568,7568,7578,6322,20975312,17627386,3347926,1470244,579533,1298149,238,192,46,274,228,46,19571857,2032,17627386,5257252,2340959,0,1051991,4378905,4598279,0,579533,322209,64184,0,0,0,193140,0,7330,6048
2033,7568,7568,7578,6267,35428042,27963521,7464521,4695829,1476729,1291963,434,187,247,478,231,247,4000142,2033,27963521,8078819,4470634,0,2766051,5839083,6808934,0,1476729,814227,173387,0,0,0,489115,0,7134,5789
2034,7568,7568,7578,6509,12621733,11070789,1550944,286804,341212,922928,4854,132,4722,4877,147,4730,2380805,2034,11070789,2131400,1234246,0,233346,2671463,4800334,0,341212,174446,62334,0,0,0,104432,0,2714,1632
2035,7568,7568,7578,6334,30249324,25794780,4454544,2255328,856694,1342522,2094,187,1907,2134,226,1908,0,2035,25794780,6206463,3696432,0,2796599,5861752,7233534,0,856694,491063,71042,0,0,0,294589,0,5474,4200
2036,7568,7568,7578,6322,20140500,16687230,3453270,1557155,643383,1252732,238,194,44,274,230,44,20402052,2036,16687230,5084033,2969302,0,805547,3676792,4151556,0,643383,333328,109976,0,0,0,200079,0,7330,6048
2037,7568,7568,7578,6542,13256874,12018089,1238785,157914,243593,837278,5169,119,5050,5193,138,5055,0,2037,12018089,1991356,1293742,0,617355,2893566,5222070,0,243593,134990,27917,0,0,0,80686,0,2399,1349
2038,7568,7568,7578,7390,454572,354571,100001,18598,24059,57344,7256,57,7199,7258,53,7205,1269540,2038,354571,112414,56214,0,31058,154885,0,0,24059,13284,3105,0,0,0,7670,0,312,132
2039,7568,7568,7578,6337,27533643,24981714,2551929,569951,518766,1463212,2583,173,2410,2625,215,2410,13467,2039,24981714,5687840,4381761,0,1653206,6030899,7228008,0,518766,222749,161648,0,0,0,134369,0,4985,3712
2040,7568,7568,7578,6955,6410160,5968086,442074,8439,94141,339494,6408,80,6328,6438,105,6333,0,2040,5968086,784003,533703,0,205365,1869899,2575116,0,94141,44998,22413,0,0,0,26730,0,1160,517
2041,7568,7568,7578,7578,0,0,0,0,0,0,7568,45,7523,7578,48,7530,0,2041,0,0,0,0,0,0,0,0,0,0,0,0,0,0,0,0,0,0
2042,7568,7568,7578,7578,0,0,0,0,0,0,7568,50,7518,7578,57,7521,0,2042,0,0,0,0,0,0,0,0,0,0,0,0,0,0,0,0,0,0
2043,7568,7568,7578,7578,0,0,0,0,0,0,7568,11,7557,7578,14,7564,0,2043,0,0,0,0,0,0,0,0,0,0,0,0,0,0,0,0,0,0
2044,7568,7568,7578,6329,37560222,30553630,7006592,3493163,1282905,2230524,771,196,575,807,231,576,0,2044,30553630,9250544,4510866,0,1640998,7591654,7559568,0,1282905,686453,183794,0,0,0,412658,0,6797,5522
2045,7568,7568,7578,6331,29652516,23356527,6295989,3712614,1293243,1290132,2202,177,2025,2245,216,2029,0,2045,23356527,6324951,2705317,0,1059638,5983353,7283268,0,1293243,737942,112298,0,0,0,443003,0,5366,4086
2046,7568,7568,7578,6282,31608720,25617170,5991550,2974016,1532252,1485282,1848,180,1668,1898,224,1674,0,2046,25617170,7292845,2757402,0,1437556,6752157,7377210,0,1532252,627921,524016,0,0,0,380315,0,5720,4384
2047,7568,7568,7578,6344,25466347,21496528,3969819,1528131,999024,1442664,2957,164,2793,2999,204,2795,14039,2047,21496528,5386387,2849029,0,359224,5718088,7183800,0,999024,431241,307115,0,0,0,260668,0,4611,3345
2048,7568,7568,7578,6708,9869156,8367955,1501201,553365,359889,587947,5682,129,5553,5700,136,5564,554888,2048,8367955,1507725,619680,0,79012,2157813,4003725,0,359889,205145,32025,0,0,0,122719,0,1886,1008
2049,7568,7568,7578,6496,15887250,13796860,2090390,629865,499531,960994,4693,136,4557,4720,155,4565,0,2049,13796860,2577563,1823986,0,484759,3202194,5708358,0,499531,254182,92726,0,0,0,152623,0,2875,1776
2050,7568,7568,7578,6827,8427150,7575491,851659,112814,269763,469082,6043,110,5933,6067,123,5944,0,2050,7575491,1194532,513714,0,344081,2268350,3254814,0,269763,100520,108633,0,0,0,60610,0,1525,760
2051,7568,7568,7578,7417,1388640,1120221,268419,17330,90053,161036,7302,57,7245,7310,57,7253,81276,2051,1120221,355363,158000,0,94982,511876,0,0,90053,32221,38607,0,0,0,19225,0,266,107
2052,7568,7568,7578,7199,3934482,3497084,437398,31770,110574,295054,6856,54,6802,6885,79,6806,30,2052,3497084,627089,352318,0,177492,1533389,806796,0,110574,53318,25533,0,0,0,31723,0,712,314
2053,7568,7568,7578,6323,2449368,2231098,218270,72346,51819,94105,268,198,70,303,235,68,37975144,2053,2231098,325669,342950,0,113546,615449,833484,0,51819,22933,16067,0,0,0,12819,0,7300,6020
2054,7568,7568,7578,7480,867582,619427,248155,29395,67937,150823,7411,42,7369,7422,43,7379,0,2054,619427,287076,83078,0,79062,170211,0,0,67937,33469,14456,0,0,0,20012,0,157,58
2055,7568,7568,7578,6323,29904739,27222843,2681896,1846105,508740,327051,570,192,378,609,230,379,8783215,2055,27222843,6280028,2213825,0,6210345,6122544,6396101,0,508740,303985,23077,0,0,0,181678,0,6998,5714
2056,7568,7568,7578,6412,25523963,21364576,4159387,2206892,825389,1127106,1699,183,1516,1738,223,1515,6920533,2056,21364576,5864176,4333901,0,2284425,3790426,5091648,0,825389,447835,108872,0,0,0,268682,0,5869,4674
2057,7568,7568,7578,7001,23295625,19933749,3361876,1359179,1023006,979691,1801,180,1621,1834,211,1623,11996727,2057,19933749,4690754,3145202,0,1105536,4276113,6716144,0,1023006,333395,486388,0,0,0,203223,0,5767,5167
2058,7568,7568,7578,7578,0,0,0,0,0,0,7568,43,7525,7578,47,7531,0,2058,0,0,0,0,0,0,0,0,0,0,0,0,0,0,0,0,0,0
2059,7568,7568,7578,7578,0,0,0,0,0,0,7568,32,7536,7578,37,7541,0,2059,0,0,0,0,0,0,0,0,0,0,0,0,0,0,0,0,0,0
2060,7568,7568,7578,7569,71838,51533,20305,1936,5770,12599,7555,43,7512,7565,48,7517,0,2060,51533,26077,13176,0,12280,0,0,0,5770,2537,2053,0,0,0,1180,0,13,4
2061,7568,7568,7578,6333,22038193,18107899,3930294,2350267,795595,784432,2326,179,2147,2366,217,2149,6946427,2061,18107899,4112943,1540914,0,1664896,4956391,5832755,0,795595,462805,55375,0,0,0,277415,0,5242,3967
2062,7568,7568,7578,6270,33769653,28341819,5427834,3024845,1098066,1304923,940,193,747,982,236,746,2861570,2062,28341819,7176280,4081983,0,4289062,5996067,6798427,0,1098066,590178,153423,0,0,0,354465,0,6628,5288
2063,7568,7568,7578,6992,40798458,31714272,9084186,5164168,2189730,1730288,185,182,3,216,213,3,0,2063,31714272,10756984,4774201,0,1001975,7698908,7482204,0,2189730,901124,742938,0,0,0,545668,0,7383,6776
2064,7568,7568,7578,7578,8892,4936,3956,584,808,2564,7566,37,7529,7578,41,7537,2160,2064,4936,3836,880,0,220,0,0,0,808,250,426,0,0,0,132,0,2,0
2065,7568,7568,7578,7520,409775,251279,158496,28940,51041,78515,7473,65,7408,7484,67,7417,115195,2065,251279,158279,93000,0,0,0,0,0,51041,21149,17321,0,0,0,12571,0,95,36
2066,7568,7568,7578,7221,3674690,3350575,324115,10655,135613,177847,6903,82,6821,6914,90,6824,100,2066,3350575,658380,545505,0,221586,1350400,574704,0,135613,31199,85518,0,0,0,18896,0,665,307
2067,7568,7568,7578,7578,0,0,0,0,0,0,7568,45,7523,7578,55,7523,0,2067,0,0,0,0,0,0,0,0,0,0,0,0,0,0,0,0,0,0
2068,7568,7568,7578,7578,0,0,0,0,0,0,7568,25,7543,7578,33,7545,0,2068,0,0,0,0,0,0,0,0,0,0,0,0,0,0,0,0,0,0
2069,7568,7568,7578,7569,71838,45855,25983,3041,6771,16171,7555,45,7510,7564,50,7514,0,2069,45855,27343,12088,0,6424,0,0,0,6771,3378,1615,0,0,0,1778,0,13,5
2070,7568,7568,7578,6513,7492852,6778211,714641,192758,204226,317657,5111,118,4993,5140,139,5001,6107218,2070,6778211,929449,576172,0,347746,1822794,3102050,0,204226,92071,57124,0,0,0,55031,0,2457,1373
2071,7568,7568,7578,7569,50865,31134,19731,2799,4556,12376,7553,43,7510,7564,48,7516,32025,2071,31134,19921,8003,0,3210,0,0,0,4556,2388,1237,0,0,0,931,0,15,5
2072,7568,7568,7578,7575,23990,14103,9887,1768,1942,6177,7563,41,7522,7574,46,7528,3640,2072,14103,8953,3533,0,1617,0,0,0,1942,884,717,0,0,0,341,0,5,1
2073,7568,7568,7578,7027,17020952,14414120,2606832,886837,756341,963654,4051,158,3893,4076,179,3897,4422661,2073,14414120,2948991,1071298,0,469436,4028153,5896242,0,756341,323998,236878,0,0,0,195465,0,3517,2951
2074,7568,7568,7578,7578,0,0,0,0,0,0,7568,30,7538,7578,35,7543,0,2074,0,0,0,0,0,0,0,0,0,0,0,0,0,0,0,0,0,0
2075,7568,7568,7578,7578,0,0,0,0,0,0,7568,6,7562,7578,10,7568,0,2075,0,0,0,0,0,0,0,0,0,0,0,0,0,0,0,0,0,0
2076,7568,7568,7578,7412,3329302,2928858,400444,10004,112846,277594,6920,93,6827,6933,100,6833,252677,2076,2928858,670765,477283,0,234789,1144399,401622,0,112846,43511,43260,0,0,0,26075,0,648,479
2077,7568,7568,7578,7578,0,0,0,0,0,0,7568,6,7562,7578,9,7569,0,2077,0,0,0,0,0,0,0,0,0,0,0,0,0,0,0,0,0,0
2078,7568,7568,7578,7055,5123377,4756542,366835,37515,156398,172922,6617,99,6518,6641,116,6525,132101,2078,4756542,569826,669174,0,209754,1655388,1652400,0,156398,43178,87220,0,0,0,26000,0,951,414
2079,7568,7568,7578,7578,0,0,0,0,0,0,7568,7,7561,7578,12,7566,0,2079,0,0,0,0,0,0,0,0,0,0,0,0,0,0,0,0,0,0
2080,7568,7568,7578,7553,475236,309015,166221,40171,45323,80727,7482,73,7409,7491,77,7414,0,2080,309015,177114,63784,0,68117,0,0,0,45323,24002,7064,0,0,0,14257,0,86,62
2081,7568,7568,7578,6276,12003660,10277569,1726091,878040,455486,392565,1701,190,1511,1748,234,1514,20442196,2081,10277569,2003148,1923051,0,609869,2541323,3200178,0,455486,191085,149437,0,0,0,114964,0,5867,4528
2082,7568,7568,7578,7578,0,0,0,0,0,0,7568,23,7545,7578,27,7551,0,2082,0,0,0,0,0,0,0,0,0,0,0,0,0,0,0,0,0,0
2083,7568,7568,7578,7564,63334,34484,28850,10526,10323,8001,7542,60,7482,7553,66,7487,80342,2083,34484,21795,11153,0,1536,0,0,0,10323,4083,4381,0,0,0,1859,0,26,11
2084,7568,7568,7578,7578,0,0,0,0,0,0,7568,32,7536,7578,35,7543,0,2084,0,0,0,0,0,0,0,0,0,0,0,0,0,0,0,0,0,0
2085,7568,7568,7578,7576,10312,7016,3296,1885,406,1005,7562,23,7539,7573,27,7546,22844,2085,7016,2632,3119,0,1265,0,0,0,406,159,173,0,0,0,74,0,6,3
2086,7568,7568,7578,7578,0,0,0,0,0,0,7568,34,7534,7578,38,7540,0,2086,0,0,0,0,0,0,0,0,0,0,0,0,0,0,0,0,0,0
2087,7568,7568,7578,6389,6273362,5179198,1094164,718826,292311,83027,3025,174,2851,3069,211,2858,18879908,2087,5179198,958832,897394,0,716260,970814,1635898,0,292311,136836,73869,0,0,0,81606,0,4543,3320
2088,7568,7568,7578,6757,6448144,5781437,666707,151379,256706,258622,5946,101,5845,5960,112,5848,2527284,2088,5781437,769244,738573,0,219537,1517893,2536190,0,256706,86133,118563,0,0,0,52010,0,1622,797
2089,7568,7568,7578,7578,0,0,0,0,0,0,7568,30,7538,7578,34,7544,0,2089,0,0,0,0,0,0,0,0,0,0,0,0,0,0,0,0,0,0
2090,7568,7568,7578,7421,1317850,1076729,241121,25981,131709,83431,6969,88,6881,6976,84,6892,2002172,2090,0,0,0,0,0,0,0,0,0,0,0,0,0,0,0,0,0,0
2091,7568,7568,7578,7578,0,0,0,0,0,0,7568,12,7556,7578,12,7566,0,2091,0,0,0,0,0,0,0,0,0,0,0,0,0,0,0,0,0,0
2092,7568,7568,7578,7578,0,0,0,0,0,0,7568,20,7548,7578,24,7554,0,2092,0,0,0,0,0,0,0,0,0,0,0,0,0,0,0,0,0,0
2093,7568,7568,7578,7578,0,0,0,0,0,0,7568,34,7534,7578,41,7537,0,2093,0,0,0,0,0,0,0,0,0,0,0,0,0,0,0,0,0,0
2094,7568,7568,7578,7578,0,0,0,0,0,0,7568,23,7545,7578,26,7552,0,2094,0,0,0,0,0,0,0,0,0,0,0,0,0,0,0,0,0,0
2095,7568,7568,7578,7578,0,0,0,0,0,0,7568,8,7560,7578,10,7568,0,2095,0,0,0,0,0,0,0,0,0,0,0,0,0,0,0,0,0,0
2096,7568,7568,7578,7578,0,0,0,0,0,0,7568,12,7556,7578,0,7578,0,2096,0,0,0,0,0,0,0,0,0,0,0,0,0,0,0,0,0,0
2097,7568,7568,7578,7578,0,0,0,0,0,0,7568,1,7567,7578,3,7575,0,2097,0,0,0,0,0,0,0,0,0,0,0,0,0,0,0,0,0,0
2098,7568,7568,7578,7578,0,0,0,0,0,0,7568,20,7548,7578,24,7554,0,2098,1076729,289215,136535,0,47010,471369,132600,0,131709,29683,83901,0,0,0,18125,0,599,445
2099,7568,7568,7578,7578,0,0,0,0,0,0,7568,28,7540,7578,31,7547,0,2099,0,0,0,0,0,0,0,0,0,0,0,0,0,0,0,0,0,0
