"Year","AFem","AFemDeath","AMal","AMalDeath","Eggs","EggsDeath","FryGrad","FryExit","FryDeath","FryInStr","allMortAF","baseMortAF","tempMortAF","allMortAM","baseMortAM","tempMortAM","InVivo"
2010,7568,7568,7578,6303,39560634,32156001,7404633,3808752,1343012,2252869,409,188,221,451,229,222,0
2011,7568,7568,7578,6322,35034840,29783185,5251655,2441905,875097,1934653,1228,194,1034,1270,230,1040,0
2012,7568,7568,7578,6295,22667652,19805913,2861739,576724,635695,1649320,3466,161,3305,3517,205,3312,0
2013,7568,7568,7578,6323,30608514,26939924,3668590,1335136,759516,1573938,2029,198,1831,2071,235,1836,0
2014,7568,7568,7578,6382,12688300,11395068,1293232,200270,334266,758696,4879,144,4735,4928,185,4743,2173124
2015,7568,7568,7578,6580,10738606,9818937,919669,32716,165660,721293,5527,116,5411,5547,130,5417,542220
2016,7568,7568,7578,6323,36394236,30835546,5558690,2522949,1158525,1877216,982,195,787,1020,230,790,0
2017,7568,7568,7578,6407,8890602,8183567,707035,122831,180411,403793,5015,117,4898,5073,167,4906,5241084
2018,7568,7568,7578,6322,38626740,31425809,7200931,3520113,1243903,2436915,578,195,383,616,231,385,0
2019,7568,7568,7578,6313,37670742,30412843,7257899,3526749,1228456,2502694,751,191,560,790,229,561,0
2020,7568,7568,7578,6322,28961766,26194389,2767377,595383,569781,1602213,2327,199,2128,2369,235,2134,0
2021,7568,7568,7578,6352,17053236,15539543,1513693,293369,316741,903583,4482,168,4314,4528,204,4324,0
2022,7568,7568,7578,6335,17638992,15562198,2076794,504694,428601,1143499,4376,171,4205,4423,210,4213,0
2023,7568,7568,7578,6323,22159260,19125841,3033419,1292091,656935,1084393,3558,175,3383,3603,213,3390,0
2024,7568,7568,7578,6324,28110762,23604676,4506086,1764013,949063,1793010,2481,178,2303,2522,217,2305,0
2025,7568,7568,7578,6322,38919618,31820339,7099279,3507733,1253656,2337890,525,193,332,564,229,335,0
2026,7568,7568,7578,6322,23789545,19736034,4053511,1580946,788002,1684563,1774,196,1578,1813,231,1582,8248398
2027,7568,7568,7578,6322,39173814,34271400,4902414,1590584,860588,2451242,479,191,288,516,227,289,0
2028,7568,7568,7578,7415,1503072,1230121,272951,6443,60398,206110,7296,50,7246,7307,50,7257,0
2029,7568,7568,7578,6348,16368012,14613283,1754729,290256,378806,1085667,4606,145,4461,4654,187,4467,0
2030,7568,7568,7578,6319,31940280,26363000,5577280,2351861,927955,2297464,1788,191,1597,1829,229,1600,0
2031,7568,7568,7578,6266,35880318,30172696,5707622,2605050,1091730,2010842,1075,185,890,1121,229,892,0
2032,7568,7568,7578,6314,37411020,31077070,6333950,3617819,1101675,1614456,798,191,607,836,228,608,0
2033,7568,7568,7578,6320,39218022,31004399,8213623,4296274,1441435,2475914,471,181,290,508,217,291,0
2034,7568,7568,7578,6322,35120950,27555658,7565292,3996668,1524437,2044187,559,193,366,594,229,365,3617372
2035,7568,7568,7578,7202,3082376,2669337,413039,33974,93885,285180,6892,124,6768,6913,140,6773,657016
2036,7568,7568,7578,7445,1204668,851585,353083,35798,96525,220760,7350,54,7296,7361,58,7303,0
2037,7568,7568,7578,6339,19039625,16724019,2315606,922902,542969,849735,4032,177,3855,4076,214,3862,500764
2038,7568,7568,7578,6322,39705113,32808231,6896882,3886113,1202238,1808531,190,190,0,226,226,0,1065967
2039,7568,7568,7578,6325,23043420,20239630,2803790,632885,541109,1629796,3398,166,3232,3443,204,3239,0
2040,7568,7568,7578,7551,91254,53810,37444,4417,9122,23905,7526,31,7495,7535,35,7500,140838
2041,7568,7568,7578,6445,14947830,13495522,1452308,185553,281893,984862,4863,125,4738,4917,173,4744,0
2042,7568,7568,7578,6319,38831202,29621915,9209287,5529944,1737008,1942335,541,191,350,579,228,351,0
2043,7568,7568,7578,6422,17209774,15166675,2043099,469595,503136,1070368,4425,143,4282,4482,195,4287,158494
2044,7568,7568,7578,6301,24623856,21343983,3279873,1072887,785024,1421962,3112,168,2944,3158,209,2949,0
2045,7568,7568,7578,7578,0,0,0,0,0,0,7568,35,7533,7578,39,7539,0
2046,7568,7568,7578,7578,5174,3892,1282,109,158,1015,7567,39,7528,7578,42,7536,352
2047,7568,7568,7578,6322,34366194,28804286,5561908,2927540,1074262,1560106,1349,191,1158,1386,227,1159,0
2048,7568,7568,7578,6320,28928610,23693821,5234789,2438014,1022601,1774174,2333,197,2136,2373,233,2140,0
2049,7568,7568,7578,6975,6481998,5607323,874675,207904,214711,452060,6395,95,6300,6421,114,6307,0
2050,7568,7568,7578,6324,21375874,17591026,3784848,1795583,725243,1264022,2948,161,2787,2989,198,2791,4165297
2051,7568,7568,7578,6306,14962770,13152236,1810534,623780,397918,788836,4519,148,4371,4570,191,4379,1893583
2052,7568,7568,7578,6283,35394030,30241206,5152824,2165646,999407,1987771,1163,185,978,1210,231,979,0
2053,7568,7568,7578,6322,22428566,18670445,3758121,1476708,785137,1496276,2426,194,2232,2467,229,2238,6003250
2054,7568,7568,7578,7578,0,0,0,0,0,0,7568,29,7539,7578,35,7543,0
2055,7568,7568,7578,6322,27967086,23692925,4274161,1955079,785219,1533863,2507,188,2319,2547,223,2324,0
2056,7568,7568,7578,6285,30167969,24942042,5225927,2578548,1156305,1491074,624,180,444,672,226,446,8222704
2057,7568,7568,7578,7098,2408631,2192292,216339,6234,53749,156356,6735,105,6630,6768,136,6632,2205075
2058,7568,7568,7578,7551,248670,143381,105289,15266,30089,59934,7523,17,7506,7534,21,7513,0
2059,7568,7568,7578,6348,19180746,17845552,1335194,231656,308266,795272,4097,163,3934,4142,200,3942,0
2060,7568,7568,7578,7445,1082144,693566,388578,82390,122139,184049,7339,57,7282,7344,58,7286,183310
2061,7568,7568,7578,6897,6983651,6529515,454136,35537,99045,319554,6291,90,6201,6315,106,6209,73051
2062,7568,7568,7578,6322,30619566,25722709,4896857,2248593,1073867,1574397,2027,198,1829,2063,233,1830,0
2063,7568,7568,7578,7578,0,0,0,0,0,0,7568,29,7539,7578,33,7545,0
2064,7568,7568,7578,6322,38284128,32758149,5525979,3103393,1058877,1363709,640,194,446,676,230,446,0
2065,7568,7568,7578,7297,2090117,1701395,388722,85100,95726,207896,7128,74,7054,7130,71,7059,342881
2066,7568,7568,7578,6322,23592672,19751452,3841220,1868305,1038289,934626,3273,172,3101,3317,210,3107,141498
2067,7568,7568,7578,7578,0,0,0,0,0,0,7568,39,7529,7578,44,7534,0
2068,7568,7568,7578,7578,6180,3588,2592,218,482,1892,7566,33,7533,7578,36,7542,4872
2069,7568,7568,7578,7578,0,0,0,0,0,0,7568,14,7554,7578,19,7559,0
2070,7568,7568,7578,7569,38055,24379,13676,2040,2072,9564,7553,46,7507,7564,48,7516,44835
2071,7568,7568,7578,6322,28978344,24570565,4407779,2264513,980842,1162424,2324,204,2120,2365,239,2126,0
2072,7568,7568,7578,6333,17034916,15031291,2003625,756661,655267,591697,4336,158,4178,4384,197,4187,826365
2073,7568,7568,7578,6399,10965101,9679167,1285934,388324,356687,540923,4678,149,4529,4729,194,4535,5026494
2074,7568,7568,7578,6330,16662463,14585552,2076911,507154,614104,955653,4030,169,3861,4073,203,3870,2900301
2075,7568,7568,7578,7578,0,0,0,0,0,0,7568,47,7521,7578,50,7528,0
2076,7568,7568,7578,7578,0,0,0,0,0,0,7568,37,7531,7578,43,7535,0
2077,7568,7568,7578,7578,0,0,0,0,0,0,7568,19,7549,7578,25,7553,0
2078,7568,7568,7578,6322,9695788,8485078,1210710,484052,312343,414315,1712,199,1513,1751,233,1518,22728517
2079,7568,7568,7578,7578,0,0,0,0,0,0,7568,21,7547,7578,26,7552,0
2080,7568,7568,7578,6433,5553301,5067191,486110,158978,118357,208775,5036,138,4898,5088,180,4908,8481278
2081,7568,7568,7578,6313,18202620,15545829,2656791,1107490,649907,899394,3403,177,3226,3448,216,3232,4828387
2082,7568,7568,7578,6732,5796737,5236246,560491,92606,161618,306267,5981,139,5842,6003,150,5853,2983517
2083,7568,7568,7578,6930,5098045,4599729,498316,97745,128650,271921,6408,78,6330,6435,95,6340,1315580
2084,7568,7568,7578,6380,2265070,2155276,109794,29654,21998,58142,4770,155,4615,4817,193,4624,13256137
2085,7568,7568,7578,6342,1100194,1035594,64600,26869,13973,23758,5056,137,4919,5103,178,4925,12841014
2086,7568,7568,7578,6313,7301696,6681954,619742,280568,181992,157182,3438,176,3262,3487,219,3268,15578759
2087,7568,7568,7578,6763,7557280,6887988,669292,95182,212912,361198,6057,101,5956,6071,110,5961,796522
2088,7568,7568,7578,7578,0,0,0,0,0,0,7568,41,7527,7578,44,7534,0
2089,7568,7568,7578,7083,2496172,2276796,219376,23997,55952,139427,6697,86,6611,6730,111,6619,2327626
2090,7568,7568,7578,7135,1367791,1236139,131652,22644,41239,67769,6780,87,6693,6815,116,6699,3001869
2091,7568,7568,7578,7509,0,0,0,0,0,0,7460,49,7411,7468,55,7413,596808
2092,7568,7568,7578,7574,7035,5337,1698,180,406,1112,7561,33,7528,7571,38,7533,31647
2093,7568,7568,7578,7578,0,0,0,0,0,0,7568,36,7532,7578,38,7540,0
2094,7568,7568,7578,7578,0,0,0,0,0,0,7568,24,7544,7578,27,7551,0
2095,7568,7568,7578,7569,0,0,0,0,0,0,7554,48,7506,7564,53,7511,77364
2096,7568,7568,7578,7578,0,0,0,0,0,0,7568,43,7525,7578,46,7532,0
2097,7568,7568,7578,7578,0,0,0,0,0,0,7568,34,7534,7578,39,7539,0
2098,7568,7568,7578,7578,0,0,0,0,0,0,7568,32,7536,7578,36,7542,0
2099,7568,6319,7578,6296,112217,29554,0,0,0,0,6266,117,6149,6275,121,6154,5446325
