"Year","AFem","AFemDeath","AMal","AMalDeath","Eggs","EggsDeath","FryGrad","FryExit","FryDeath","FryInStr","allMortAF","baseMortAF","tempMortAF","allMortAM","baseMortAM","tempMortAM","InVivo","Year","allMortEgg","baseMortEgg","tempMortEgg","denMortEgg","incMortEgg","superMortEgg","lostMortEgg","catMortEgg","allMortFry","baseMortFry","tempMortFry","denMortFry","habMortFry","freshMortFry","seasMortFry","catMortFry","allMortSF","allMortSM"
2010,7568,7568,7578,6309,32723730,29657906,3065824,1743111,574718,747995,1330,190,1140,1372,229,1143,1749415,2010,29657906,6907979,3563144,0,5199339,6582727,7404717,0,574718,354405,8432,0,0,0,211881,0,6238,4937
2011,7568,7568,7578,6309,14040899,12732850,1308049,682912,322025,303112,2541,178,2363,2586,217,2369,13779023,2011,12732850,2273008,1390433,0,1841941,3156762,4070706,0,322025,160958,64909,0,0,0,96158,0,5027,3723
2012,7568,7568,7578,6324,24093360,20689528,3403832,931130,766728,1705974,3208,176,3032,3253,215,3038,0,2012,20689528,5039486,2406223,0,177332,5628491,7437996,0,766728,344993,213581,0,0,0,208154,0,4360,3071
2013,7568,7568,7578,6322,27108491,23025331,4083160,1751246,751691,1580223,2634,187,2447,2678,223,2455,156793,2013,23025331,5319249,2171994,0,1703557,6370431,7460100,0,751691,468968,1803,0,0,0,280920,0,4934,3644
2014,7568,7568,7578,6275,39350646,33276631,6074015,2479984,1141932,2452099,447,183,264,492,227,265,0,2014,33276631,10402307,7028572,0,1302318,7066756,7476678,0,1141932,573640,223227,0,0,0,345065,0,7121,5783
2015,7568,7568,7578,6529,10752426,9584072,1168354,232758,388047,547549,5468,118,5350,5491,135,5356,856321,2015,9584072,1331437,551346,0,81782,2362378,5257129,0,388047,152525,143365,0,0,0,92157,0,2100,1038
2016,7568,7568,7578,6323,17403300,15436387,1966913,561063,382173,1023677,2903,188,2715,2944,223,2721,8399630,2016,15436387,3255836,1615505,0,874933,4240736,5449377,0,382173,208100,49614,0,0,0,124459,0,4665,3379
2017,7568,7568,7578,6324,23684436,20080758,3603678,1139300,879262,1585116,3282,173,3109,3323,208,3115,0,2017,20080758,4765864,1738860,0,419673,5757047,7399314,0,879262,394755,246245,0,0,0,238262,0,4286,3001
2018,7568,7568,7578,6322,32382360,29106561,3275799,1206840,590407,1478552,1708,195,1513,1747,231,1516,0,2018,29106561,6962994,5807247,0,2260252,6604916,7471152,0,590407,334712,55007,0,0,0,200688,0,5860,4575
2019,7568,7568,7578,6323,8242494,7454798,787696,178807,176798,432091,2375,189,2186,2419,227,2192,20509411,2019,7454798,1385288,860708,0,201164,2141110,2866528,0,176798,78037,52063,0,0,0,46698,0,5193,3904
2020,7568,7568,7578,6324,18347957,16151799,2196158,939701,436705,819752,2997,176,2821,3040,210,2830,6931763,2020,16151799,3307076,1506731,0,1390584,4193765,5753643,0,436705,261925,18333,0,0,0,156447,0,4571,3284
2021,7568,7568,7578,6285,39439062,30931748,8507314,5373046,1941986,1192282,431,183,248,478,229,249,0,2021,30931748,8964478,5001306,0,2407371,7065337,7493256,0,1941986,938173,438079,0,0,0,565734,0,7137,5807
2022,7568,7568,7578,6327,18655776,16862072,1793704,522767,460434,810503,4192,166,4026,4235,203,4032,0,2022,16862072,2636638,1594470,0,527957,4764479,7338528,0,460434,232743,88114,0,0,0,139577,0,3376,2092
2023,7568,7568,7578,6433,13864734,12503282,1361452,151040,357530,852882,5059,129,4930,5115,175,4940,0,2023,12503282,1815791,1020061,0,2682,3177224,6487524,0,357530,162066,98042,0,0,0,97422,0,2509,1318
2024,7568,7568,7578,6290,28552842,24035317,4517525,2151758,831524,1534243,2401,181,2220,2450,225,2225,0,2024,24035317,5950778,2166945,0,1750966,6684424,7482204,0,831524,520119,0,0,0,0,311405,0,5167,3840
2025,7568,7568,7578,6266,32960183,26905873,6054310,3886082,1359732,808496,228,182,46,272,226,46,7616031,2025,26905873,6999333,4250017,0,3323107,5945230,6388186,0,1359732,664086,295746,0,0,0,399900,0,7340,5994
2026,7568,7568,7578,6323,35841636,29164723,6676913,3219225,1647364,1810324,1082,195,887,1120,229,891,0,2026,29164723,8990933,5072872,0,602761,6988323,7509834,0,1647364,660053,587306,0,0,0,400005,0,6486,5203
2027,7568,7568,7578,7531,414450,300612,113838,568,22508,90762,7493,38,7455,7503,40,7463,0,2027,300612,180891,118371,0,1350,0,0,0,22508,11389,4373,0,0,0,6746,0,75,28
2028,7568,7568,7578,7113,3983614,3629817,353797,23690,97683,232424,6762,105,6657,6791,124,6667,472654,2028,3629817,492794,260025,0,75536,1500138,1301324,0,97683,43299,28744,0,0,0,25640,0,806,322
2029,7568,7568,7578,6323,19601043,17016625,2584418,1148632,575468,860318,2461,182,2279,2503,219,2284,8641238,2029,17016625,3364157,1759646,0,1293854,4815968,5783000,0,575468,284966,119493,0,0,0,171009,0,5107,3820
2030,7568,7568,7578,7563,138150,84945,53205,5161,13271,34773,7543,34,7509,7553,38,7515,0,2030,84945,56805,21900,0,6240,0,0,0,13271,6629,2850,0,0,0,3792,0,25,10
2031,7568,7568,7578,6322,40577418,31044735,9532683,5253606,1865401,2413676,225,191,34,260,226,34,0,2031,31044735,11327424,3136802,0,703955,8195414,7681140,0,1865401,950872,342026,0,0,0,572503,0,7343,6062
2032,7568,7568,7578,6288,29151389,25385278,3766111,1958421,731781,1075909,2196,176,2020,2245,222,2023,534283,2032,25385278,5170198,3417895,0,3049771,6298366,7449048,0,731781,436904,33216,0,0,0,261661,0,5372,4043
2033,7568,7568,7578,6309,39101976,36154751,2947225,951833,614997,1380395,492,187,305,533,227,306,0,2033,36154751,9690935,6848624,0,4385285,7703495,7526412,0,614997,263922,191887,0,0,0,159188,0,7076,5776
2034,7568,7568,7578,6339,18699984,16564194,2135790,313938,528568,1293284,4184,154,4030,4233,197,4036,0,2034,16564194,3131114,1529397,0,105506,4608851,7189326,0,528568,225977,166475,0,0,0,136116,0,3384,2106
2035,7568,7568,7578,6946,6305166,5955509,349657,8397,80328,260932,6427,100,6327,6451,117,6334,0,2035,5955509,790309,612081,0,154648,2038869,2359602,0,80328,35553,23792,0,0,0,20983,0,1141,495
2036,7568,7568,7578,6324,23220252,20079992,3140260,1672971,694639,772650,3366,165,3201,3409,202,3207,0,2036,20079992,3424398,2107032,0,2068671,5063999,7415892,0,694639,410340,38420,0,0,0,245879,0,4202,2915
2037,7568,7568,7578,6322,27326070,24012768,3313302,1760848,653344,899110,2623,185,2438,2664,221,2443,0,2037,24012768,4834166,3538164,0,2499726,5680612,7460100,0,653344,408046,1154,0,0,0,244144,0,4945,3658
2038,7568,7568,7578,6309,38794438,29564608,9229830,5609308,1762487,1858035,462,187,275,502,227,275,473418,2038,29564608,9916603,2540046,0,1903742,7722013,7482204,0,1762487,995206,169532,0,0,0,597749,0,7106,5807
2039,7568,7568,7578,6324,23756274,20498850,3257424,1137804,730062,1389558,3269,168,3101,3312,202,3110,0,2039,20498850,4188519,3849650,0,282429,4784464,7393788,0,730062,361595,151020,0,0,0,217447,0,4299,3012
2040,7568,7568,7578,6617,9847332,8932442,914890,136640,230889,547361,5786,113,5673,5809,129,5680,0,2040,8932442,1128383,477099,0,20204,2360986,4945770,0,230889,116299,44970,0,0,0,69620,0,1782,808
2041,7568,7568,7578,6285,32271840,27832940,4438900,1632719,1012176,1794005,1728,189,1539,1777,234,1543,0,2041,27832940,7649062,3911502,0,1758745,6959589,7554042,0,1012176,443644,300486,0,0,0,268046,0,5840,4508
2042,7568,7568,7578,6368,11977521,10859572,1117949,138707,283616,695626,4949,141,4808,4997,183,4814,2505621,2042,10859572,1439902,805130,0,1029,2758291,5855220,0,283616,135499,66975,0,0,0,81142,0,2619,1371
2043,7568,7568,7578,6446,14287304,12934491,1352813,167298,255954,929561,4808,131,4677,4855,172,4683,965962,2043,12934491,2070132,1083534,0,286161,3433689,6060975,0,255954,153392,11136,0,0,0,91426,0,2760,1591
2044,7568,7568,7578,6269,31978962,26691251,5287711,2188959,1326038,1772714,1781,183,1598,1826,227,1599,0,2044,26691251,7421043,4373239,0,903559,6533310,7460100,0,1326038,540169,458750,0,0,0,327119,0,5787,4443
2045,7568,7568,7578,6398,14174190,13404260,769930,79701,190236,499993,5003,126,4877,5057,172,4885,0,2045,13404260,1636497,813898,0,835866,3359701,6758298,0,190236,92099,43056,0,0,0,55081,0,2565,1341
2046,7568,7568,7578,6336,17009028,15129057,1879971,406486,435281,1038204,4490,161,4329,4533,198,4335,0,2046,15129057,2331294,1203638,0,126503,4272770,7194852,0,435281,244127,44935,0,0,0,146219,0,3078,1803
2047,7568,7568,7578,6308,28157677,23368320,4789357,2020803,883304,1885250,1601,192,1409,1644,232,1412,4828146,2047,23368320,6814599,3110366,0,816304,6003441,6623610,0,883304,507121,71984,0,0,0,304199,0,5967,4664
2048,7568,7568,7578,6322,28790460,24220244,4570216,1539030,1462283,1568903,2358,192,2166,2400,229,2171,0,2048,24220244,6443375,2018833,0,1399076,6893334,7465626,0,1462283,465586,712314,0,0,0,284383,0,5210,3922
2049,7568,7568,7578,7566,116046,62908,53138,10834,16229,26075,7547,16,7531,7559,18,7541,0,2049,62908,47830,15078,0,0,0,0,0,16229,7560,4281,0,0,0,4388,0,21,7
2050,7568,7568,7578,7216,3619530,3165598,453932,13443,94146,346343,6913,72,6841,6921,72,6849,0,2050,3165598,688078,207731,0,110336,1557119,602334,0,94146,50429,13658,0,0,0,30059,0,655,295
2051,7568,7568,7578,6281,24572242,20054012,4518230,2639518,905631,973081,1742,185,1557,1789,229,1560,7643181,2051,20054012,4888814,2560835,0,1374865,5243807,5985691,0,905631,537419,46269,0,0,0,321943,0,5826,4492
2052,7568,7568,7578,6301,30369448,26317537,4051911,1156007,939886,1956018,1421,187,1234,1466,229,1237,3606314,2052,26317537,7483447,5015953,0,418066,6332344,7067727,0,939886,351850,374570,0,0,0,213466,0,6147,4835
2053,7568,7568,7578,6491,12005972,10936304,1069668,55157,226718,787793,5395,126,5269,5425,150,5275,2026,2053,10936304,1580839,734392,0,3,2697198,5923872,0,226718,119811,35138,0,0,0,71769,0,2173,1066
2054,7568,7568,7578,6405,16069608,14442416,1627192,348373,394484,884335,4660,135,4525,4715,182,4533,0,2054,14442416,2210894,1161351,0,505070,3856537,6708564,0,394484,197384,78676,0,0,0,118424,0,2908,1690
2055,7568,7568,7578,6597,9120722,8414418,706304,86605,151956,467743,5628,112,5516,5654,132,5522,1607508,2055,8414418,1039638,592009,0,337316,1983275,4462180,0,151956,88435,10878,0,0,0,52643,0,1940,943
2056,7568,7568,7578,6335,17191386,15395820,1795566,504347,393077,898142,4457,147,4310,4508,188,4320,0,2056,15395820,2518331,877058,0,619277,4213932,7167222,0,393077,231710,22811,0,0,0,138556,0,3111,1827
2057,7568,7568,7578,6322,25944570,22028841,3915729,2119649,784390,1011690,2873,176,2697,2915,212,2703,0,2057,22028841,4399022,2370521,0,1800212,6015564,7443522,0,784390,487182,5469,0,0,0,291739,0,4695,3407
2058,7568,7568,7578,6283,16839144,14360579,2478565,1009044,503390,966131,2100,172,1928,2151,218,1933,13416512,2058,14360579,3535807,2334056,0,631200,3474052,4385464,0,503390,275007,63639,0,0,0,164744,0,5468,4132
2059,7568,7568,7578,6323,18571628,15970298,2601330,929004,494311,1178015,3253,163,3090,3297,199,3098,5290395,2059,15970298,3481370,1308445,0,617155,4532759,6030569,0,494311,303710,8930,0,0,0,181671,0,4315,3026
2060,7568,7568,7578,6317,36233982,31227479,5006503,2079113,878664,2048726,1011,177,834,1053,216,837,0,2060,31227479,8912328,5572055,0,2110067,7062409,7570620,0,878664,496109,84702,0,0,0,297853,0,6557,5264
2061,7568,7568,7578,6322,28469952,23605128,4864824,2219645,1495644,1149535,2416,189,2227,2458,226,2232,0,2061,23605128,6151345,2776760,0,653139,6552732,7471152,0,1495644,546245,617277,0,0,0,332122,0,5152,3864
2062,7568,7568,7578,7576,33156,18080,15076,3765,3560,7751,7562,16,7546,7575,13,7562,0,2062,18080,12871,4543,0,666,0,0,0,3560,1926,924,0,0,0,710,0,6,1
2063,7568,7568,7578,6323,25679322,21566859,4112463,1641333,1290610,1180520,2921,179,2742,2963,214,2749,0,2063,21566859,5087082,2274300,0,710152,6073907,7421418,0,1290610,445337,573983,0,0,0,271290,0,4647,3360
2064,7568,7568,7578,7576,16578,10954,5624,4,612,5008,7565,19,7546,7575,13,7562,0,2064,10954,7354,2289,0,1311,0,0,0,612,422,0,0,0,0,190,0,3,1
2065,7568,7568,7578,6442,14681682,12945109,1736573,365672,499332,871569,4911,144,4767,4956,185,4771,900,2065,12945109,2077058,850244,0,183988,3456815,6377004,0,499332,218753,148770,0,0,0,131809,0,2657,1486
2066,7568,7568,7578,6324,23380506,19789288,3591218,1194127,875840,1521251,3337,176,3161,3377,210,3167,0,2066,19789288,4543392,1911186,0,346577,5588819,7399314,0,875840,400662,233572,0,0,0,241606,0,4231,2947
2067,7568,7568,7578,7515,574704,442101,132603,1454,56430,74719,7464,46,7418,7474,51,7423,0,2067,442101,225080,173673,0,43348,0,0,0,56430,13263,35054,0,0,0,8113,0,104,41
2068,7568,7568,7578,7578,0,0,0,0,0,0,7568,8,7560,7578,0,7578,0,2068,0,0,0,0,0,0,0,0,0,0,0,0,0,0,0,0,0,0
2069,7568,7568,7578,6326,19302318,16881776,2420542,610162,632579,1177801,4075,170,3905,4118,205,3913,0,2069,16881776,2979650,1708861,0,73608,4770077,7349580,0,632579,294536,160728,0,0,0,177315,0,3493,2208
2070,7568,7568,7578,7578,0,0,0,0,0,0,7568,29,7539,7578,31,7547,0,2070,0,0,0,0,0,0,0,0,0,0,0,0,0,0,0,0,0,0
2071,7568,7568,7578,6324,19987542,17542977,2444565,612476,644820,1187269,3951,173,3778,3996,210,3786,0,2071,17542977,3082917,2069039,0,175511,4816196,7399314,0,644820,289487,180948,0,0,0,174385,0,3617,2328
2072,7568,7568,7578,6819,7559266,6910488,648778,59501,185285,403992,6200,94,6106,6218,105,6113,302,2072,6910488,874747,529782,0,74164,2121721,3310074,0,185285,78753,59269,0,0,0,47263,0,1368,601
2073,7568,7568,7578,7574,38682,25471,13211,1564,2832,8815,7561,19,7542,7571,22,7549,0,2073,25471,16529,3471,0,5471,0,0,0,2832,1512,801,0,0,0,519,0,7,3
2074,7568,7568,7578,6556,10471770,9651517,820253,35761,245439,539053,5673,124,5549,5702,147,5555,0,2074,9651517,1227612,519046,0,0,2472801,5432058,0,245439,88195,104048,0,0,0,53196,0,1895,854
2075,7568,7568,7578,7578,0,0,0,0,0,0,7568,23,7545,7578,25,7553,0,2075,0,0,0,0,0,0,0,0,0,0,0,0,0,0,0,0,0,0
2076,7568,7568,7578,7578,0,0,0,0,0,0,7568,23,7545,7578,25,7553,0,2076,0,0,0,0,0,0,0,0,0,0,0,0,0,0,0,0,0,0
2077,7568,7568,7578,7431,1320714,974196,346518,25910,70289,250319,7329,59,7270,7337,64,7273,0,2077,974196,409223,148268,0,12052,404653,0,0,70289,43996,220,0,0,0,26073,0,239,94
2078,7568,7568,7578,6322,28856772,24239971,4616801,2307773,1134681,1174347,2346,199,2147,2387,233,2154,0,2078,24239971,5403351,3434464,0,1353572,6582958,7465626,0,1134681,511966,313706,0,0,0,309009,0,5222,3935
2079,7568,7568,7578,7122,4630788,4191882,438906,43961,125639,269306,6730,104,6626,6762,131,6631,0,2079,4191882,700010,419267,0,169489,1715026,1188090,0,125639,54171,39140,0,0,0,32328,0,838,360
2080,7568,7568,7578,6482,12251142,10919035,1332107,268737,396116,667254,5351,122,5229,5386,153,5233,0,2080,10919035,1503614,676793,0,0,2704236,6034392,0,396116,174838,116087,0,0,0,105191,0,2217,1096
2081,7568,7568,7578,6387,9645034,8692001,953033,148017,244551,560465,4806,142,4664,4856,186,4670,5631666,2081,8692001,1205396,626417,0,63897,2418379,4377912,0,244551,118090,55766,0,0,0,70695,0,2762,1531
2082,7568,7568,7578,6386,15038459,13656468,1381991,270667,344090,767234,4846,146,4700,4894,185,4709,3313,2082,13656468,1850474,874846,0,435560,3665452,6830136,0,344090,179129,57699,0,0,0,107262,0,2722,1492
2083,7568,7568,7578,6333,13948114,12269569,1678545,492995,416793,768757,4448,153,4295,4493,195,4298,3307326,2083,12269569,1806959,984894,0,8493,3546963,5922260,0,416793,227111,53486,0,0,0,136196,0,3120,1840
2084,7568,7568,7578,6323,24292296,21064319,3227977,948640,764784,1514553,3172,170,3002,3212,204,3008,0,2084,21064319,4753405,2952392,0,367520,5575110,7415892,0,764784,340938,218176,0,0,0,205670,0,4396,3111
2085,7568,7568,7578,7569,78966,57791,21175,2470,5596,13109,7553,43,7510,7564,47,7517,3924,2085,57791,30552,14367,0,12872,0,0,0,5596,2511,2008,0,0,0,1077,0,15,5
2086,7568,7568,7578,6334,17174390,15533660,1640730,197847,415659,1027224,4428,158,4270,4474,194,4280,177250,2086,15533660,2507329,1484325,0,13172,4317404,7211430,0,415659,183191,122344,0,0,0,110124,0,3140,1860
2087,7568,7568,7578,7578,0,0,0,0,0,0,7568,28,7540,7578,34,7544,0,2087,0,0,0,0,0,0,0,0,0,0,0,0,0,0,0,0,0,0
2088,7568,7568,7578,6793,5778297,5406460,371837,14977,97775,259085,6115,120,5995,6140,139,6001,2261705,2088,5406460,632540,445474,0,193329,1574963,2560154,0,97775,39615,34563,0,0,0,23597,0,1453,653
2089,7568,7568,7578,7075,4796568,4361216,435352,7245,75789,352318,6700,73,6627,6729,96,6633,0,2089,4361216,704414,267365,0,14436,1938241,1436760,0,75789,47514,0,0,0,0,28275,0,868,346
2090,7568,7568,7578,6322,14052675,12680557,1372118,316681,383758,671679,4483,151,4332,4534,193,4341,3007842,2090,12680557,1776685,1010665,0,284324,3614149,5994734,0,383758,173604,105715,0,0,0,104439,0,3085,1788
2091,7568,7568,7578,7519,476805,272755,204050,71749,57692,74609,7474,37,7437,7483,43,7440,42639,2091,272755,161803,80956,0,29996,0,0,0,57692,31088,8113,0,0,0,18491,0,94,36
2092,7568,7568,7578,6383,13077140,11946060,1131080,119446,522423,489211,5063,129,4934,5114,173,4941,767422,2092,11946060,1554102,1057490,0,0,2829718,6504750,0,522423,126402,318268,0,0,0,77753,0,2505,1269
2093,7568,7568,7578,7578,0,0,0,0,0,0,7568,1,7567,7578,3,7575,0,2093,0,0,0,0,0,0,0,0,0,0,0,0,0,0,0,0,0,0
2094,7568,7568,7578,6670,8476884,8042458,434426,57575,90792,286059,6034,108,5926,6067,134,5933,0,2094,8042458,779795,447794,0,215324,2256109,4343436,0,90792,55549,2323,0,0,0,32920,0,1534,603
2095,7568,7568,7578,6296,15519558,12798932,2720626,1362918,662310,695398,2056,187,1869,2105,231,1874,14986149,2095,12798932,3084051,1628874,0,653950,3359399,4072658,0,662310,318463,152436,0,0,0,191411,0,5512,4191
2096,7568,7568,7578,7578,5526,2992,2534,203,648,1683,7567,32,7535,7578,36,7542,0,2096,2992,2453,539,0,0,0,0,0,648,166,401,0,0,0,81,0,1,0
2097,7568,7568,7578,7576,9144,5008,4136,888,1462,1786,7566,18,7548,7575,24,7551,1908,2097,5008,3724,910,0,374,0,0,0,1462,260,1066,0,0,0,136,0,2,1
2098,7568,7568,7578,7578,0,0,0,0,0,0,7568,8,7560,7578,14,7564,0,2098,0,0,0,0,0,0,0,0,0,0,0,0,0,0,0,0,0,0
2099,7568,7355,7578,7359,49734,8533,0,0,0,0,7346,45,7301,7355,48,7307,0,2099,8533,1947,6390,0,196,0,0,0,0,0,0,0,0,0,0,0,9,4
