"Year","AFem","AFemDeath","AMal","AMalDeath","Eggs","EggsDeath","FryGrad","FryExit","FryDeath","FryInStr","allMortAF","baseMortAF","tempMortAF","allMortAM","baseMortAM","tempMortAM","InVivo"
2010,7568,7568,7578,6526,15130188,13020186,2110002,593724,542107,974171,4830,106,4724,4848,120,4728,0
2011,7568,7568,7578,6268,40815036,30778079,10036957,5778078,1959929,2298950,182,182,0,226,226,0,0
2012,7568,7568,7578,6322,39256704,33161296,6095408,2474310,1175187,2445911,464,196,268,501,232,269,0
2013,7568,7568,7578,6915,7156170,6531293,624877,46910,124290,453677,6273,98,6175,6300,116,6184,0
2014,7568,7568,7578,6322,40770828,33567139,7203689,3357451,1254370,2591868,190,190,0,226,226,0,0
2015,7568,7568,7578,6322,24357856,19967874,4389982,1931828,875994,1582160,210,197,13,245,232,13,16338346
2016,7568,7568,7578,7138,4901562,4288068,613494,83769,148893,380832,6681,118,6563,6713,143,6570,0
2017,7568,7568,7578,6319,23799618,21251386,2548232,654284,549405,1344543,3242,165,3077,3288,207,3081,105858
2018,7568,7568,7578,6327,32879700,28860970,4018730,1342561,616825,2059344,1618,188,1430,1660,225,1435,0
2019,7568,7568,7578,6323,5400240,4989851,410389,152714,97819,159856,950,198,752,989,234,755,32607073
2020,7568,7568,7578,7262,2917728,2461109,456619,78318,120741,257560,7040,56,6984,7050,58,6992,0
2021,7568,7568,7578,6322,40770828,33060060,7710768,3635631,1370195,2704942,190,190,0,226,226,0,0
2022,7568,7568,7578,6303,39753889,34188966,5564923,3258369,1010853,1295701,183,183,0,227,227,0,1057198
2023,7568,7568,7578,6310,40792932,33076813,7716119,4704525,1321680,1689914,186,186,0,226,226,0,0
2024,7568,7568,7578,6276,40815036,30907195,9907841,5988436,1981155,1938250,182,182,0,226,226,0,0
2025,7568,7568,7578,6414,23977720,19180111,4797609,2214586,1168899,1414124,2975,151,2824,3028,201,2827,1405261
2026,7568,7568,7578,6341,26856360,22352791,4503569,1740330,909145,1854094,2708,165,2543,2750,203,2547,0
2027,7568,7568,7578,6505,16268544,14321435,1947109,436581,574536,935992,4624,139,4485,4647,156,4491,0
2028,7568,7568,7578,6348,22081896,19308640,2773256,839985,598704,1334567,3572,164,3408,3619,206,3413,0
2029,7568,7568,7578,6322,20783871,16338209,4445662,2497814,824742,1123106,190,190,0,226,226,0,20029412
2030,7568,7568,7578,6820,8900383,7774506,1125877,274004,292213,559660,5957,113,5844,5978,125,5853,2003
2031,7568,7568,7578,6322,40218228,31768178,8450050,4143676,1607216,2699158,290,193,97,326,228,98,0
2032,7568,7568,7578,6315,29926806,27363985,2562821,1522269,513148,527404,2059,185,1874,2105,228,1877,516104
2033,7568,7568,7578,6322,40566366,32484627,8081739,4183731,1919322,1978686,227,193,34,264,229,35,0
2034,7568,7568,7578,7209,3536640,3169107,367533,26600,150801,190132,6928,80,6848,6944,91,6853,0
2035,7568,7568,7578,7243,3492432,2911538,580894,94798,136045,350051,6936,84,6852,6944,86,6858,0
2036,7568,7568,7578,6322,40080078,30487013,9593065,5662671,1916309,2014085,315,194,121,350,229,121,0
2037,7568,7568,7578,7457,984556,691089,293467,48987,69894,174586,7368,47,7321,7379,52,7327,120644
2038,7568,7568,7578,6322,19581323,15613391,3967932,2628581,737516,601835,207,192,15,244,228,16,21141458
2039,7568,7568,7578,6323,38660725,32608997,6051728,2745271,1099279,2207178,571,197,374,607,234,373,4697
2040,7568,7568,7578,6322,40441888,33491261,6950627,3536530,1459990,1954107,190,190,0,226,226,0,328940
2041,7568,7568,7578,6366,19716768,17604559,2112209,521662,464177,1126370,4000,146,3854,4047,188,3859,0
2042,7568,7568,7578,7578,0,0,0,0,0,0,7568,46,7522,7578,50,7528,0
2043,7568,7568,7578,6322,19057675,15959956,3097719,1540707,670439,886573,196,190,6,234,226,8,21699537
2044,7568,7568,7578,6335,28414692,23269093,5145599,2779630,1414659,951310,2426,162,2264,2470,203,2267,0
2045,7568,7568,7578,7539,342612,244665,97947,2711,20844,74392,7506,44,7462,7516,46,7470,0
2046,7568,7568,7578,7567,232092,132932,99160,14825,29866,54469,7526,26,7500,7540,28,7512,0
2047,7568,7568,7578,7404,1560202,1240027,320175,43347,90659,186169,7266,73,7193,7274,76,7198,108650
2048,7568,7568,7578,6536,11926752,10300282,1626470,386238,388269,851963,5061,127,4934,5081,142,4939,1934663
2049,7568,7568,7578,7578,0,0,0,0,0,0,7568,52,7516,7578,57,7521,0
2050,7568,7568,7578,6286,38262024,30325376,7936648,4093488,1935353,1907807,644,189,455,686,232,454,0
2051,7568,7568,7578,7502,455663,327899,127764,4529,31044,92191,7444,58,7386,7455,62,7393,229561
2052,7568,7568,7578,7570,66287,39315,26972,2969,8242,15761,7555,22,7533,7564,25,7539,5551
2053,7568,7568,7578,6968,5059959,4700995,358964,14400,83167,261397,6428,87,6341,6452,108,6344,1246011
2054,7568,7568,7578,7578,0,0,0,0,0,0,7568,40,7528,7578,43,7535,0
2055,7568,7568,7578,7578,0,0,0,0,0,0,7568,41,7527,7578,44,7534,0
2056,7568,7568,7578,6984,5758092,5138789,619303,184135,145281,289887,6526,84,6442,6554,103,6451,0
2057,7568,7568,7578,6315,38764890,32031294,6733596,2911782,1694490,2127324,553,191,362,592,229,363,0
2058,7568,7568,7578,7463,1094148,713766,380382,99330,132187,148865,7370,45,7325,7382,50,7332,0
2059,7568,7568,7578,6495,16793514,14010903,2782611,1030231,571497,1180883,4529,145,4384,4556,165,4391,0
2060,7568,7568,7578,6310,39314647,30877032,8437615,5023908,1949771,1463936,208,192,16,246,230,16,1357165
2061,7568,7568,7578,7027,5481792,4828254,653538,178314,186591,288633,6576,86,6490,6602,104,6498,0
2062,7568,7568,7578,6297,31144536,24632133,6512403,3412099,1426349,1673955,1932,184,1748,1977,226,1751,0
2063,7568,7568,7578,7153,4525794,3804409,721385,119465,212890,389030,6749,87,6662,6784,118,6666,0
2064,7568,7568,7578,6279,35701015,29184682,6516333,3683534,1209618,1623181,639,191,448,682,234,448,2589947
2065,7568,7568,7578,6546,13251029,11732646,1518383,304802,434059,779522,5063,123,4940,5085,138,4947,593537
2066,7568,7568,7578,6546,13294957,12278851,1016106,166908,293384,555814,5072,129,4943,5096,149,4947,499325
2067,7568,7568,7578,7578,0,0,0,0,0,0,7568,51,7517,7578,55,7523,0
2068,7568,7568,7578,7576,13263,8763,4500,4,1040,3456,7565,37,7528,7575,40,7535,3315
2069,7568,7568,7578,7578,0,0,0,0,0,0,7568,39,7529,7578,42,7536,0
2070,7568,7568,7578,6437,10552291,9577868,974423,202628,307063,464732,4631,136,4495,4675,171,4504,5701288
2071,7568,7568,7578,7282,1566953,1439386,127567,1534,23130,102903,7058,77,6981,7056,72,6984,1256179
2072,7568,7568,7578,7567,93942,52609,41333,7582,13142,20609,7551,42,7509,7560,45,7515,0
2073,7568,7568,7578,7564,94609,57831,36778,11810,9805,15163,7542,71,7471,7556,73,7483,49067
2074,7568,7568,7578,7578,0,0,0,0,0,0,7568,33,7535,7578,38,7540,0
2075,7568,7568,7578,7578,0,0,0,0,0,0,7568,41,7527,7578,47,7531,0
2076,7568,7568,7578,7044,16371832,14213842,2157990,731851,433267,992872,4125,140,3985,4167,175,3992,2661188
2077,7568,7568,7578,6327,32645240,24951432,7693808,4646049,1642014,1405745,1243,194,1049,1281,232,1049,2307112
2078,7568,7568,7578,6832,7891128,7022913,868215,188349,263584,416282,6140,95,6045,6162,112,6050,0
2079,7568,7568,7578,6528,6118136,5365445,752691,182075,219146,351470,4601,164,4437,4626,183,4443,10313421
2080,7568,7568,7578,7578,0,0,0,0,0,0,7568,31,7537,7578,37,7541,0
2081,7568,7568,7578,7578,0,0,0,0,0,0,7568,36,7532,7578,41,7537,0
2082,7568,7568,7578,7578,0,0,0,0,0,0,7568,27,7541,7578,32,7546,0
2083,7568,7568,7578,6299,13061856,10968667,2093189,1131009,494109,468071,3318,157,3161,3364,199,3165,10460670
2084,7568,7568,7578,6340,25491438,21206067,4285371,1875798,1160788,1248785,2955,165,2790,2999,205,2794,0
2085,7568,7568,7578,7574,33156,21808,11348,401,5100,5847,7562,23,7539,7571,26,7545,0
2086,7568,7568,7578,7578,0,0,0,0,0,0,7568,19,7549,7578,23,7555,0
2087,7568,7568,7578,7578,0,0,0,0,0,0,7568,37,7531,7578,42,7536,0
2088,7568,7568,7578,7578,0,0,0,0,0,0,7568,34,7534,7578,38,7540,0
2089,7568,7568,7578,7578,0,0,0,0,0,0,7568,32,7536,7578,34,7544,0
2090,7568,7568,7578,6993,16022142,13114992,2907150,1741930,590598,574622,1384,190,1194,1415,220,1195,18326268
2091,7568,7568,7578,6837,6721577,6025195,696382,105000,305807,285575,6178,90,6088,6205,109,6096,964309
2092,7568,7568,7578,7578,0,0,0,0,0,0,7568,34,7534,7578,39,7539,0
2093,7568,7568,7578,7578,0,0,0,0,0,0,7568,32,7536,7578,39,7539,0
2094,7568,7568,7578,6695,9133051,8132307,1000744,209051,278234,513459,5837,131,5706,5858,146,5712,434263
2095,7568,7568,7578,7578,0,0,0,0,0,0,7568,19,7549,7578,18,7560,0
2096,7568,7568,7578,7578,0,0,0,0,0,0,7568,21,7547,7578,21,7557,0
2097,7568,7568,7578,6345,18405467,15338927,3066540,1430679,693961,941900,3308,168,3140,3356,209,3147,5150615
2098,7568,7568,7578,6573,6572005,5696991,875014,333489,250703,290822,5289,146,5143,5316,167,5149,6045979
2099,7568,5398,7578,5357,513918,85656,0,0,0,0,5305,110,5195,5306,105,5201,0
