"Year","allMortEgg","baseMortEgg","tempMortEgg","denMortEgg","incMortEgg","superMortEgg","lostMortEgg","catMortEgg","allMortFry","baseMortFry","tempMortFry","denMortFry","habMortFry","freshMortFry","seasMortFry","catMortFry","allMortSF","allMortSM"
2010,31608164,11011671,3424427,0,1652971,7988565,7530530,0,1418622,741029,231917,0,0,0,445676,0,7277,5977
2011,26684723,7500081,2525550,0,2253653,6939813,7465626,0,1133814,635672,116468,0,0,0,381674,0,5876,4591
2012,28576783,8429582,5959933,0,125635,6579429,7482204,0,1297680,620791,302710,0,0,0,374179,0,6295,5009
2013,20682909,4461839,3797511,0,184357,5205615,7033587,0,263665,140852,38440,0,0,0,84373,0,4346,3075
2014,19980087,4338524,3076471,0,1166713,5324463,6073916,0,313617,161483,55244,0,0,0,96890,0,5214,3929
2015,26177081,6750149,3587603,0,1273246,7105983,7460100,0,630130,280664,180078,0,0,0,169388,0,5298,4010
2016,18213896,4521823,1939578,0,18329,5113058,6621108,0,616653,275191,175521,0,0,0,165941,0,4353,3071
2017,6429639,832893,381387,0,296815,1778414,3140130,0,90255,54184,3880,0,0,0,32191,0,1470,698
2018,23334433,5680131,2842072,0,1253360,6115348,7443522,0,574208,280265,125216,0,0,0,168727,0,4750,3401
2019,24832904,6843109,3169311,0,462526,6886806,7471152,0,882388,434613,186123,0,0,0,261652,0,5290,3989
2020,13101105,1778802,816741,0,1021610,3361144,6122808,0,143278,84797,8117,0,0,0,50364,0,2502,1374
2021,20858691,6042838,3446860,0,1106161,4917235,5345597,0,848588,446515,133992,0,0,0,268081,0,7230,5949
2022,25989255,7949550,3316277,0,122110,7146744,7454574,0,996751,504379,188727,0,0,0,303645,0,5661,4374
2023,32408077,10324350,5153104,0,890649,8310250,7729724,0,1041671,544867,169244,0,0,0,327560,0,7073,5790
2024,20396828,4801345,1674454,0,310816,6205373,7404840,0,1070800,667173,4102,0,0,0,399525,0,4659,3373
2025,31246893,9323076,5929199,0,820321,7631307,7542990,0,999373,430040,309426,0,0,0,259907,0,6550,5256
2026,17221,12042,4977,0,202,0,0,0,1800,1019,420,0,0,0,361,0,5,3
2027,20310286,4215292,1969987,0,1236750,5516573,7371684,0,591678,324810,72023,0,0,0,194845,0,4206,2925
2028,27580635,5384463,3046131,0,6965036,5960357,6224648,0,555289,334621,20558,0,0,0,200110,0,6951,5624
2029,17186488,3211612,1912251,0,254386,4607861,7200378,0,701195,368884,110975,0,0,0,221336,0,3640,2354
2030,30272637,8953764,4365223,0,2255224,7127806,7570620,0,1817411,931484,325220,0,0,0,560707,0,7025,5679
2031,24096848,6295952,3361370,0,464247,6520705,7454574,0,1189386,635678,171651,0,0,0,382057,0,5386,4098
2032,22363705,5128004,3014928,0,685729,6091522,7443522,0,498294,297310,22992,0,0,0,177992,0,4579,3291
2033,26518753,6810951,3077577,0,2341155,6828970,7460100,0,739176,442039,32231,0,0,0,264906,0,5522,4233
2034,22832115,6969928,3922589,0,1565757,4999032,5374809,0,689045,429342,2888,0,0,0,256815,0,7126,5830
2035,25439441,7727632,2700046,0,939617,6891855,7180291,0,945632,549516,66526,0,0,0,329590,0,6111,4785
2036,22675637,6548659,2514582,0,1570542,5856972,6184882,0,647312,405068,0,0,0,0,242244,0,6388,5090
2037,26991400,7954140,3713904,0,633871,7196229,7493256,0,864318,469334,112992,0,0,0,281992,0,5787,4464
2038,2190837,636528,235694,0,124653,1044760,149202,0,96080,38853,33878,0,0,0,23349,0,467,218
2039,17115026,2512608,1480101,0,1039836,4782635,7299846,0,216920,105504,48133,0,0,0,63283,0,3308,2047
2040,17117305,3773581,2396595,0,616612,4667629,5662888,0,484477,279811,37141,0,0,0,167525,0,4883,3596
2041,26886569,7591040,2796271,0,3600254,6270323,6628681,0,615916,371355,22347,0,0,0,222214,0,6384,5103
2042,31431902,9626506,5918533,0,970813,7373060,7542990,0,1489034,644525,454967,0,0,0,389542,0,6894,5558
2043,4554839,547741,281629,0,43159,1323785,2358525,0,77408,31401,27251,0,0,0,18756,0,1598,713
2044,12798754,1580145,986828,0,1008211,3214999,6008571,0,214384,121469,20562,0,0,0,72353,0,3020,1765
2045,28041569,8112124,3932898,0,1723289,6895985,7377273,0,865629,410423,208068,0,0,0,247138,0,6432,5106
2046,27381077,8634507,2175415,0,1567768,7454871,7548516,0,1305234,708104,171672,0,0,0,425458,0,6174,4891
2047,17729695,3589620,1330548,0,302090,5130227,7377210,0,820332,406334,169562,0,0,0,244436,0,3800,2513
2048,21384827,4302103,2288605,0,1750913,5605210,7437996,0,640040,400407,0,0,0,0,239633,0,4535,3233
2049,28079114,7773207,4210018,0,1592356,7004751,7498782,0,1697467,795403,422108,0,0,0,479956,0,6380,5054
2050,23361,13280,7954,0,2127,0,0,0,2535,1120,1022,0,0,0,393,0,10,4
2051,126107,86745,33292,0,6070,0,0,0,15856,8862,1809,0,0,0,5185,0,36,13
2052,7984,4688,2770,0,526,0,0,0,567,184,301,0,0,0,82,0,2,1
2053,773874,351323,178798,0,23413,220340,0,0,54169,24031,15774,0,0,0,14364,0,212,82
2054,24804078,6288946,2247230,0,1899834,6852708,7515360,0,1017116,524507,177011,0,0,0,315598,0,5318,4032
2055,27932948,8354108,5725945,0,511678,6299626,7041591,0,1187462,506296,375041,0,0,0,306125,0,6612,5331
2056,797500,393372,114438,0,83307,206383,0,0,68425,39656,5456,0,0,0,23313,0,199,80
2057,19166928,4124682,1999625,0,3519715,4519039,5003867,0,556487,341808,10336,0,0,0,204343,0,6414,5117
2058,14976387,2460085,1058782,0,21758,4274066,7161696,0,367368,221465,13452,0,0,0,132451,0,3044,1770
2059,26047079,7693137,3335862,0,518218,7034236,7465626,0,1117966,513847,294165,0,0,0,309954,0,5660,4374
2060,13133994,1805935,910623,0,278077,3508903,6630456,0,302038,189153,0,0,0,0,112885,0,2862,1588
2061,26794238,4498053,2756820,0,5709133,6370132,7460100,0,438992,252243,35995,0,0,0,150754,0,5231,3935
2062,22445816,5297708,3810726,0,326294,5573092,7437996,0,757919,327693,232548,0,0,0,197678,0,4673,3384
2063,10178559,1330765,792794,0,503554,2379110,5172336,0,244079,125308,43746,0,0,0,75025,0,2019,1019
2064,24211509,6219055,3121332,0,651127,6748843,7471152,0,1049164,558037,155828,0,0,0,335299,0,5294,4006
2065,22943541,6167325,2645406,0,197205,6507036,7426569,0,772749,414208,109735,0,0,0,248806,0,4994,3708
2066,12825071,2668870,1315942,0,1272433,3431634,4136192,0,297922,186662,0,0,0,0,111260,0,5534,4248
2067,13208265,1963996,1330139,0,27634,3326462,6560034,0,443234,201211,120933,0,0,0,121090,0,2743,1484
2068,17646901,3278914,1695365,0,378858,5043652,7250112,0,332787,165194,68519,0,0,0,99074,0,3502,2225
2069,9935622,1382486,501240,0,341358,2569523,5141015,0,211901,114109,29760,0,0,0,68032,0,2258,1185
2070,15654029,2590201,1512257,0,283213,4117714,7150644,0,587408,218852,236116,0,0,0,132440,0,3179,1908
2071,23461,14821,5353,0,3287,0,0,0,3539,1907,919,0,0,0,713,0,7,3
2072,10012403,1264570,508825,0,183657,2474091,5581260,0,232906,124124,34329,0,0,0,74453,0,1981,922
2073,21724814,5026418,2710663,0,743657,5789652,7454424,0,925615,429086,237808,0,0,0,258721,0,4664,3377
2074,262911,20437,48231,0,0,85969,108274,0,2225,855,993,0,0,0,377,0,2463,1213
2075,8127268,1210107,555716,0,159963,2095978,4105504,0,216126,124917,16802,0,0,0,74407,0,2482,1342
2076,14293006,2075922,973123,0,168994,3963005,7111962,0,393509,246070,450,0,0,0,146989,0,2912,1604
2077,25444336,6477638,4019831,0,908715,6594630,7443522,0,1000135,424643,318751,0,0,0,256741,0,5354,4052
2078,23659,16265,7394,0,0,0,0,0,5050,2245,1831,0,0,0,974,0,8,3
2079,5094,3056,1234,0,804,0,0,0,898,218,566,0,0,0,114,0,2,1
2080,3140285,618131,242494,0,158771,1358301,762588,0,97228,51804,14597,0,0,0,30827,0,638,273
2081,21178217,4707693,2107071,0,2402505,5449632,6511316,0,581876,296761,106873,0,0,0,178242,0,5074,3788
2082,15659045,2743943,1570161,0,178323,4032552,7134066,0,495067,163804,231685,0,0,0,99578,0,3129,1859
2083,2046229,432527,342961,0,142909,973104,154728,0,39228,17020,12130,0,0,0,10078,0,404,161
2084,0,0,0,0,0,0,0,0,0,0,0,0,0,0,0,0,0,0
2085,0,0,0,0,0,0,0,0,0,0,0,0,0,0,0,0,0,0
2086,6416108,707810,482980,0,248215,2114635,2862468,0,111351,47172,36035,0,0,0,28144,0,1235,533
2087,0,0,0,0,0,0,0,0,0,0,0,0,0,0,0,0,0,0
2088,9716442,1538516,774015,0,581268,2793014,4029629,0,213978,134067,218,0,0,0,79693,0,3663,2360
2089,15231748,2203562,1331926,0,179676,4343836,7172748,0,518895,309040,24866,0,0,0,184989,0,3149,1819
2090,12959268,1689171,1004927,0,555975,3452263,6256932,0,340711,201211,19284,0,0,0,120216,0,2981,1716
2091,5902641,778864,482201,0,43787,2050303,2547486,0,105522,56174,15883,0,0,0,33465,0,1155,485
2092,24100426,5773346,2960994,0,1339451,6577587,7449048,0,1245318,651851,201491,0,0,0,391976,0,5356,4069
2093,12631123,1475018,1090482,0,171675,3069338,6824610,0,350036,195049,38245,0,0,0,116742,0,2532,1302
2094,1855755,407373,346688,0,0,897801,203893,0,130143,63887,28323,0,0,0,37933,0,458,192
2095,1240175,375954,280123,0,69528,514570,0,0,111442,51700,29093,0,0,0,30649,0,290,117
2096,0,0,0,0,0,0,0,0,0,0,0,0,0,0,0,0,0,0
2097,0,0,0,0,0,0,0,0,0,0,0,0,0,0,0,0,0,0
2098,0,0,0,0,0,0,0,0,0,0,0,0,0,0,0,0,0,0
2099,0,0,0,0,0,0,0,0,0,0,0,0,0,0,0,0,0,0
