"Year","AFem","AFemDeath","AMal","AMalDeath","Eggs","EggsDeath","FryGrad","FryExit","FryDeath","FryInStr","allMortAF","baseMortAF","tempMortAF","allMortAM","baseMortAM","tempMortAM","InVivo","Year","allMortEgg","baseMortEgg","tempMortEgg","denMortEgg","incMortEgg","superMortEgg","lostMortEgg","catMortEgg","allMortFry","baseMortFry","tempMortFry","denMortFry","habMortFry","freshMortFry","seasMortFry","catMortFry","allMortSF","allMortSM"
2010,7568,7568,7578,6310,39185039,31608164,7576875,3618715,1418622,2539538,291,185,106,333,226,107,1028015,2010,31608164,11011671,3424427,0,1652971,7988565,7530530,0,1418622,741029,231917,0,0,0,445676,0,7277,5977
2011,7568,7568,7578,6322,32470776,26684723,5786053,2758611,1133814,1893628,1692,195,1497,1731,231,1500,0,2011,26684723,7500081,2525550,0,2253653,6939813,7465626,0,1133814,635672,116468,0,0,0,381674,0,5876,4591
2012,7568,7568,7578,6321,34786170,28576783,6209387,3014691,1297680,1897016,1273,191,1082,1312,227,1085,0,2012,28576783,8429582,5959933,0,125635,6579429,7482204,0,1297680,620791,302710,0,0,0,374179,0,6295,5009
2013,7568,7568,7578,6340,22511191,20682909,1828282,246724,263665,1317893,3222,185,3037,3265,221,3044,1507598,2013,20682909,4461839,3797511,0,184357,5205615,7033587,0,263665,140852,38440,0,0,0,84373,0,4346,3075
2014,7568,7568,7578,6324,21985181,19980087,2005094,453628,313617,1237849,2354,181,2173,2395,217,2178,6845441,2014,19980087,4338524,3076471,0,1166713,5324463,6073916,0,313617,161483,55244,0,0,0,96890,0,5214,3929
2015,7568,7568,7578,6322,29276748,26177081,3099667,751409,630130,1718128,2270,200,2070,2312,236,2076,0,2015,26177081,6750149,3587603,0,1273246,7105983,7460100,0,630130,280664,180078,0,0,0,169388,0,5298,4010
2016,7568,7568,7578,6332,21045237,18213896,2831341,699584,616653,1515104,3215,164,3051,3261,203,3058,3017799,2016,18213896,4521823,1939578,0,18329,5113058,6621108,0,616653,275191,175521,0,0,0,165941,0,4353,3071
2017,7568,7568,7578,6815,6921119,6429639,491480,23708,90255,377517,6098,111,5987,6117,122,5995,1207729,2017,6429639,832893,381387,0,296815,1778414,3140130,0,90255,54184,3880,0,0,0,32191,0,1470,698
2018,7568,7568,7578,6268,26248500,23334433,2914067,682719,574208,1657140,2818,160,2658,2867,204,2663,0,2018,23334433,5680131,2842072,0,1253360,6115348,7443522,0,574208,280265,125216,0,0,0,168727,0,4750,3401
2019,7568,7568,7578,6309,29232540,24832904,4399636,1466955,882388,2050293,2278,190,2088,2320,229,2091,0,2019,24832904,6843109,3169311,0,462526,6886806,7471152,0,882388,434613,186123,0,0,0,261652,0,5290,3989
2020,7568,7568,7578,6478,13826052,13101105,724947,91874,143278,489795,5066,121,4945,5104,149,4955,0,2020,13101105,1778802,816741,0,1021610,3361144,6122808,0,143278,84797,8117,0,0,0,50364,0,2502,1374
2021,7568,7568,7578,6322,25181330,20858691,4322639,2083174,848588,1390877,338,190,148,373,226,147,14801885,2021,20858691,6042838,3446860,0,1106161,4917235,5345597,0,848588,446515,133992,0,0,0,268081,0,7230,5949
2022,7568,7568,7578,6322,31282686,25989255,5293431,1922368,996751,2374312,1907,196,1711,1948,232,1716,0,2022,25989255,7949550,3316277,0,122110,7146744,7454574,0,996751,504379,188727,0,0,0,303645,0,5661,4374
2023,7568,7568,7578,6322,38512556,32408077,6104479,2301976,1041671,2760832,495,198,297,532,234,298,572892,2023,32408077,10324350,5153104,0,890649,8310250,7729724,0,1041671,544867,169244,0,0,0,327560,0,7073,5790
2024,7568,7568,7578,6324,25745634,20396828,5348806,3247919,1070800,1030087,2909,170,2739,2951,205,2746,0,2024,20396828,4801345,1674454,0,310816,6205373,7404840,0,1070800,667173,4102,0,0,0,399525,0,4659,3373
2025,7568,7568,7578,6313,36195300,31246893,4948407,1649759,999373,2299275,1018,197,821,1057,233,824,0,2025,31246893,9323076,5929199,0,820321,7631307,7542990,0,999373,430040,309426,0,0,0,259907,0,6550,5256
2026,7568,7568,7578,7574,27630,17221,10409,352,1800,8257,7563,56,7507,7571,59,7512,0,2026,17221,12042,4977,0,202,0,0,0,1800,1019,420,0,0,0,361,0,5,3
2027,7568,7568,7578,6333,23242356,20310286,2932070,1040909,591678,1299483,3362,158,3204,3408,197,3211,0,2027,20310286,4215292,1969987,0,1236750,5516573,7371684,0,591678,324810,72023,0,0,0,194845,0,4206,2925
2028,7568,7568,7578,6288,30448180,27580635,2867545,1776030,555289,536226,617,183,434,664,229,435,7980675,2028,27580635,5384463,3046131,0,6965036,5960357,6224648,0,555289,334621,20558,0,0,0,200110,0,6951,5624
2029,7568,7568,7578,6326,20114640,17186488,2928152,1154763,701195,1072194,3928,178,3750,3972,215,3757,0,2029,17186488,3211612,1912251,0,254386,4607861,7200378,0,701195,368884,110975,0,0,0,221336,0,3640,2354
2030,7568,7568,7578,6266,38820150,30272637,8547513,5483966,1817411,1246136,543,184,359,587,228,359,0,2030,30272637,8953764,4365223,0,2255224,7127806,7570620,0,1817411,931484,325220,0,0,0,560707,0,7025,5679
2031,7568,7568,7578,6322,29763036,24096848,5666188,2896472,1189386,1580330,2182,195,1987,2224,231,1993,0,2031,24096848,6295952,3361370,0,464247,6520705,7454574,0,1189386,635678,171651,0,0,0,382057,0,5386,4098
2032,7568,7568,7578,6323,25303554,22363705,2939849,723073,498294,1718482,2989,176,2813,3032,213,2819,0,2032,22363705,5128004,3014928,0,685729,6091522,7443522,0,498294,297310,22992,0,0,0,177992,0,4579,3291
2033,7568,7568,7578,6319,30507437,26518753,3988684,1784590,739176,1464918,2046,199,1847,2086,236,1850,7135,2033,26518753,6810951,3077577,0,2341155,6828970,7460100,0,739176,442039,32231,0,0,0,264906,0,5522,4233
2034,7568,7568,7578,6312,26921006,22832115,4088891,1896401,689045,1503445,442,189,253,482,229,253,12486078,2034,22832115,6969928,3922589,0,1565757,4999032,5374809,0,689045,429342,2888,0,0,0,256815,0,7126,5830
2035,7568,7568,7578,6290,30777723,25439441,5338282,2223706,945632,2168944,1457,189,1268,1505,232,1273,2997363,2035,25439441,7727632,2700046,0,939617,6891855,7180291,0,945632,549516,66526,0,0,0,329590,0,6111,4785
2036,7568,7568,7578,6310,26613808,22675637,3938171,1644237,647312,1646622,1180,188,992,1220,227,993,8705441,2036,22675637,6548659,2514582,0,1570542,5856972,6184882,0,647312,405068,0,0,0,0,242244,0,6388,5090
2037,7568,7568,7578,6294,31978962,26991400,4987562,1638601,864318,2484643,1781,186,1595,1830,231,1599,0,2037,26991400,7954140,3713904,0,633871,7196229,7493256,0,864318,469334,112992,0,0,0,281992,0,5787,4464
2038,7568,7568,7578,7318,2580642,2190837,389805,3635,96080,290090,7101,76,7025,7100,69,7031,0,2038,2190837,636528,235694,0,124653,1044760,149202,0,96080,38853,33878,0,0,0,23349,0,467,218
2039,7568,7568,7578,6352,18273392,17115026,1158366,123015,216920,818431,4260,164,4096,4305,203,4102,6616,2039,17115026,2512608,1480101,0,1039836,4782635,7299846,0,216920,105504,48133,0,0,0,63283,0,3308,2047
2040,7568,7568,7578,6322,19667056,17117305,2549751,836442,484477,1228832,2685,187,2498,2726,223,2503,7338076,2040,17117305,3773581,2396595,0,616612,4667629,5662888,0,484477,279811,37141,0,0,0,167525,0,4883,3596
2041,7568,7568,7578,6323,30330068,26886569,3443499,1634321,615916,1193262,1184,192,992,1220,228,992,4959547,2041,26886569,7591040,2796271,0,3600254,6270323,6628681,0,615916,371355,22347,0,0,0,222214,0,6384,5103
2042,7568,7568,7578,6277,38096244,31431902,6664342,3002363,1489034,2172945,674,183,491,719,227,492,0,2042,31431902,9626506,5918533,0,970813,7373060,7542990,0,1489034,644525,454967,0,0,0,389542,0,6894,5558
2043,7568,7568,7578,6706,4869713,4554839,314874,6284,77408,231182,5970,95,5875,5993,111,5882,3979479,2043,4554839,547741,281629,0,43159,1323785,2358525,0,77408,31401,27251,0,0,0,18756,0,1598,713
2044,7568,7568,7578,6360,13689414,12798754,890660,311541,214384,364735,4548,152,4396,4595,193,4402,3010784,2044,12798754,1580145,986828,0,1008211,3214999,6008571,0,214384,121469,20562,0,0,0,72353,0,3020,1765
2045,7568,7568,7578,6290,32284447,28041569,4242878,1521342,865629,1855907,1136,184,952,1184,230,954,3263135,2045,28041569,8112124,3932898,0,1723289,6895985,7377273,0,865629,410423,208068,0,0,0,247138,0,6432,5106
2046,7568,7568,7578,6323,34117524,27381077,6736447,3067932,1305234,2363281,1394,192,1202,1432,229,1203,0,2046,27381077,8634507,2175415,0,1567768,7454871,7548516,0,1305234,708104,171672,0,0,0,425458,0,6174,4891
2047,7568,7568,7578,6325,20998800,17729695,3269105,1246186,820332,1202587,3768,184,3584,3812,219,3593,0,2047,17729695,3589620,1330548,0,302090,5130227,7377210,0,820332,406334,169562,0,0,0,244436,0,3800,2513
2048,7568,7568,7578,6310,24678379,21384827,3293552,1498288,640040,1155224,3033,177,2856,3077,216,2861,382031,2048,21384827,4302103,2288605,0,1750913,5605210,7437996,0,640040,400407,0,0,0,0,239633,0,4535,3233
2049,7568,7568,7578,6290,35255880,28079114,7176766,4115223,1697467,1364076,1188,183,1005,1236,228,1008,0,2049,28079114,7773207,4210018,0,1592356,7004751,7498782,0,1697467,795403,422108,0,0,0,479956,0,6380,5054
2050,7568,7568,7578,7571,34160,23361,10799,636,2535,7628,7558,37,7521,7567,42,7525,21100,2050,23361,13280,7954,0,2127,0,0,0,2535,1120,1022,0,0,0,393,0,10,4
2051,7568,7568,7578,7555,198936,126107,72829,4616,15856,52357,7532,34,7498,7542,39,7503,0,2051,126107,86745,33292,0,6070,0,0,0,15856,8862,1809,0,0,0,5185,0,36,13
2052,7568,7568,7578,7576,11052,7984,3068,6,567,2495,7566,67,7499,7575,71,7504,0,2052,7984,4688,2770,0,526,0,0,0,567,184,301,0,0,0,82,0,2,1
2053,7568,7568,7578,7448,1001542,773874,227668,2760,54169,170739,7356,45,7311,7366,51,7315,169970,2053,773874,351323,178798,0,23413,220340,0,0,54169,24031,15774,0,0,0,14364,0,212,82
2054,7568,7568,7578,6322,29387268,24804078,4583190,2262315,1017116,1303759,2250,200,2050,2290,236,2054,0,2054,24804078,6288946,2247230,0,1899834,6852708,7515360,0,1017116,524507,177011,0,0,0,315598,0,5318,4032
2055,7568,7568,7578,6322,33265011,27932948,5332063,2324463,1187462,1820138,956,194,762,991,229,762,3279439,2055,27932948,8354108,5725945,0,511678,6299626,7041591,0,1187462,506296,375041,0,0,0,306125,0,6612,5331
2056,7568,7568,7578,7458,1099674,797500,302174,28653,68425,205096,7369,50,7319,7378,52,7326,0,2056,797500,393372,114438,0,83307,206383,0,0,68425,39656,5456,0,0,0,23313,0,199,80
2057,7568,7568,7578,6312,21982120,19166928,2815192,1959300,556487,299405,1154,191,963,1195,229,966,13494922,2057,19166928,4124682,1999625,0,3519715,4519039,5003867,0,556487,341808,10336,0,0,0,204343,0,6414,5117
2058,7568,7568,7578,6341,16821144,14976387,1844757,255597,367368,1221792,4524,155,4369,4571,194,4377,0,2058,14976387,2460085,1058782,0,21758,4274066,7161696,0,367368,221465,13452,0,0,0,132451,0,3044,1770
2059,7568,7568,7578,6322,31277160,26047079,5230081,1920847,1117966,2191268,1908,193,1715,1948,229,1719,0,2059,26047079,7693137,3335862,0,518218,7034236,7465626,0,1117966,513847,294165,0,0,0,309954,0,5660,4374
2060,7568,7568,7578,6346,14556786,13133994,1422792,337955,302038,782799,4706,149,4557,4758,191,4567,1263952,2060,13133994,1805935,910623,0,278077,3508903,6630456,0,302038,189153,0,0,0,0,112885,0,2862,1588
2061,7568,7568,7578,6313,28852753,26794238,2058515,1114376,438992,505147,2337,196,2141,2378,233,2145,53778,2061,26794238,4498053,2756820,0,5709133,6370132,7460100,0,438992,252243,35995,0,0,0,150754,0,5231,3935
2062,7568,7568,7578,6320,25747475,22445816,3301659,966958,757919,1576782,2895,183,2712,2936,218,2718,75523,2062,22445816,5297708,3810726,0,326294,5573092,7437996,0,757919,327693,232548,0,0,0,197678,0,4673,3384
2063,7568,7568,7578,6590,11156444,10178559,977885,183038,244079,550768,5549,131,5418,5571,148,5423,550,2063,10178559,1330765,792794,0,503554,2379110,5172336,0,244079,125308,43746,0,0,0,75025,0,2019,1019
2064,7568,7568,7578,6322,29254644,24211509,5043135,2247081,1049164,1746890,2274,196,2078,2316,232,2084,0,2064,24211509,6219055,3121332,0,651127,6748843,7471152,0,1049164,558037,155828,0,0,0,335299,0,5294,4006
2065,7568,7568,7578,6325,27020625,22943541,4077084,1310889,772749,1993446,2574,175,2399,2617,214,2403,576219,2065,22943541,6167325,2645406,0,197205,6507036,7426569,0,772749,414208,109735,0,0,0,248806,0,4994,3708
2066,7568,7568,7578,6324,14478594,12825071,1653523,905942,297922,449659,2034,195,1839,2076,232,1844,16145875,2066,12825071,2668870,1315942,0,1272433,3431634,4136192,0,297922,186662,0,0,0,0,111260,0,5534,4248
2067,7568,7568,7578,6350,14816108,13208265,1607843,311953,443234,852656,4825,165,4660,4866,199,4667,342410,2067,13208265,1963996,1330139,0,27634,3326462,6560034,0,443234,201211,120933,0,0,0,121090,0,2743,1484
2068,7568,7568,7578,6335,19352052,17646901,1705151,196840,332787,1175524,4066,161,3905,4110,199,3911,0,2068,17646901,3278914,1695365,0,378858,5043652,7250112,0,332787,165194,68519,0,0,0,99074,0,3502,2225
2069,7568,7568,7578,6518,10915396,9935622,979774,94485,211901,673388,5310,103,5207,5333,123,5210,1569495,2069,9935622,1382486,501240,0,341358,2569523,5141015,0,211901,114109,29760,0,0,0,68032,0,2258,1185
2070,7568,7568,7578,6343,17567154,15654029,1913125,344923,587408,980794,4389,158,4231,4435,198,4237,0,2070,15654029,2590201,1512257,0,283213,4117714,7150644,0,587408,218852,236116,0,0,0,132440,0,3179,1908
2071,7568,7568,7578,7573,38682,23461,15221,2884,3539,8798,7561,46,7515,7570,51,7519,0,2071,23461,14821,5353,0,3287,0,0,0,3539,1907,919,0,0,0,713,0,7,3
2072,7568,7568,7578,6536,10947006,10012403,934603,176980,232906,524717,5587,138,5449,5614,159,5455,0,2072,10012403,1264570,508825,0,183657,2474091,5581260,0,232906,124124,34329,0,0,0,74453,0,1981,922
2073,7568,7568,7578,6321,25482638,21724814,3757824,1521371,925615,1310838,2904,184,2720,2944,220,2724,290626,2073,21724814,5026418,2710663,0,743657,5789652,7454424,0,925615,429086,237808,0,0,0,258721,0,4664,3377
2074,7568,7568,7578,6372,275632,262911,12721,6060,2225,4436,5105,115,4990,5159,161,4998,13399986,2074,262911,20437,48231,0,0,85969,108274,0,2225,855,993,0,0,0,377,0,2463,1213
2075,7568,7568,7578,6467,9080055,8127268,952787,213663,216126,522998,5086,122,4964,5125,158,4967,4655651,2075,8127268,1210107,555716,0,159963,2095978,4105504,0,216126,124917,16802,0,0,0,74407,0,2482,1342
2076,7568,7568,7578,6311,16091712,14293006,1798706,543378,393509,861819,4656,160,4496,4707,205,4502,0,2076,14293006,2075922,973123,0,168994,3963005,7111962,0,393509,246070,450,0,0,0,146989,0,2912,1604
2077,7568,7568,7578,6308,29586204,25444336,4141868,1448017,1000135,1693716,2214,197,2017,2256,235,2021,0,2077,25444336,6477638,4019831,0,908715,6594630,7443522,0,1000135,424643,318751,0,0,0,256741,0,5354,4052
2078,7568,7568,7578,7573,41192,23659,17533,4116,5050,8367,7560,32,7528,7570,36,7534,3016,2078,23659,16265,7394,0,0,0,0,0,5050,2245,1831,0,0,0,974,0,8,3
2079,7568,7568,7578,7576,8640,5094,3546,1143,898,1505,7566,10,7556,7575,12,7563,2412,2079,5094,3056,1234,0,804,0,0,0,898,218,566,0,0,0,114,0,2,1
2080,7568,7568,7578,7217,3523663,3140285,383378,56018,97228,230132,6930,75,6855,6944,82,6862,1925,2080,3140285,618131,242494,0,158771,1358301,762588,0,97228,51804,14597,0,0,0,30827,0,638,273
2081,7568,7568,7578,6322,23699517,21178217,2521300,1520651,581876,418773,2494,189,2305,2534,225,2309,4345157,2081,21178217,4707693,2107071,0,2402505,5449632,6511316,0,581876,296761,106873,0,0,0,178242,0,5074,3788
2082,7568,7568,7578,6347,17290854,15659045,1631809,187824,495067,948918,4439,154,4285,4488,195,4293,0,2082,15659045,2743943,1570161,0,178323,4032552,7134066,0,495067,163804,231685,0,0,0,99578,0,3129,1859
2083,7568,7568,7578,7327,2232504,2046229,186275,519,39228,146528,7164,66,7098,7166,60,7106,0,2083,2046229,432527,342961,0,142909,973104,154728,0,39228,17020,12130,0,0,0,10078,0,404,161
2084,7568,7568,7578,7578,0,0,0,0,0,0,7568,10,7558,7578,12,7566,0,2084,0,0,0,0,0,0,0,0,0,0,0,0,0,0,0,0,0,0
2085,7568,7568,7578,7578,0,0,0,0,0,0,7568,60,7508,7578,65,7513,0,2085,0,0,0,0,0,0,0,0,0,0,0,0,0,0,0,0,0,0
2086,7568,7568,7578,6889,6824610,6416108,408502,24441,111351,272710,6333,93,6240,6356,109,6247,0,2086,6416108,707810,482980,0,248215,2114635,2862468,0,111351,47172,36035,0,0,0,28144,0,1235,533
2087,7568,7568,7578,7578,0,0,0,0,0,0,7568,46,7522,7578,50,7528,0,2087,0,0,0,0,0,0,0,0,0,0,0,0,0,0,0,0,0,0
2088,7568,7568,7578,6311,10758802,9716442,1042360,332310,213978,496072,3905,169,3736,3951,208,3743,9523503,2088,9716442,1538516,774015,0,581268,2793014,4029629,0,213978,134067,218,0,0,0,79693,0,3663,2360
2089,7568,7568,7578,6289,17401374,15231748,2169626,915349,518895,735382,4419,163,4256,4470,205,4265,0,2089,15231748,2203562,1331926,0,179676,4343836,7172748,0,518895,309040,24866,0,0,0,184989,0,3149,1819
2090,7568,7568,7578,6352,14366031,12959268,1406763,626224,340711,439828,4587,147,4440,4636,187,4449,2115590,2090,12959268,1689171,1004927,0,555975,3452263,6256932,0,340711,201211,19284,0,0,0,120216,0,2981,1716
2091,7568,7568,7578,6922,6382530,5902641,479889,30952,105522,343415,6413,114,6299,6437,129,6308,0,2091,5902641,778864,482201,0,43787,2050303,2547486,0,105522,56174,15883,0,0,0,33465,0,1155,485
2092,7568,7568,7578,6323,29597256,24100426,5496830,3204090,1245318,1047422,2212,193,2019,2254,231,2023,0,2092,24100426,5773346,2960994,0,1339451,6577587,7449048,0,1245318,651851,201491,0,0,0,391976,0,5356,4069
2093,7568,7568,7578,6386,13991832,12631123,1360709,475540,350036,535133,5036,129,4907,5084,172,4912,0,2093,12631123,1475018,1090482,0,171675,3069338,6824610,0,350036,195049,38245,0,0,0,116742,0,2532,1302
2094,7568,7568,7578,7291,2283563,1855755,427808,131975,130143,165690,7110,81,7029,7099,64,7035,247898,2094,1855755,407373,346688,0,0,897801,203893,0,130143,63887,28323,0,0,0,37933,0,458,192
2095,7568,7568,7578,7402,1602540,1240175,362365,89328,111442,161595,7278,49,7229,7285,49,7236,0,2095,1240175,375954,280123,0,69528,514570,0,0,111442,51700,29093,0,0,0,30649,0,290,117
2096,7568,7568,7578,7578,0,0,0,0,0,0,7568,13,7555,7578,16,7562,0,2096,0,0,0,0,0,0,0,0,0,0,0,0,0,0,0,0,0,0
2097,7568,7568,7578,7578,0,0,0,0,0,0,7568,34,7534,7578,43,7535,0,2097,0,0,0,0,0,0,0,0,0,0,0,0,0,0,0,0,0,0
2098,7568,7568,7578,7578,0,0,0,0,0,0,7568,30,7538,7578,33,7545,0,2098,0,0,0,0,0,0,0,0,0,0,0,0,0,0,0,0,0,0
2099,7568,7568,7578,7578,0,0,0,0,0,0,7568,11,7557,7578,17,7561,0,2099,0,0,0,0,0,0,0,0,0,0,0,0,0,0,0,0,0,0
