"Year","AFem","AFemDeath","AMal","AMalDeath","Eggs","EggsDeath","FryGrad","FryExit","FryDeath","FryInStr","allMortAF","baseMortAF","tempMortAF","allMortAM","baseMortAM","tempMortAM","InVivo","Year","allMortEgg","baseMortEgg","tempMortEgg","denMortEgg","incMortEgg","superMortEgg","lostMortEgg","catMortEgg","allMortFry","baseMortFry","tempMortFry","denMortFry","habMortFry","freshMortFry","seasMortFry","catMortFry","allMortSF","allMortSM"
2010,7568,7568,7578,6340,18313164,16525000,1788164,330553,376376,1081235,4254,153,4101,4301,193,4108,0,2010,16525000,2612018,1489409,0,557443,4682330,7183800,0,376376,205250,48432,0,0,0,122694,0,3314,2039
2011,7568,7568,7578,6339,21579030,19491651,2087379,282674,349695,1455010,3663,163,3500,3710,204,3506,0,2011,19491651,4196675,2284772,0,257459,5165547,7587198,0,349695,168620,79722,0,0,0,101353,0,3905,2629
2012,7568,7568,7578,6322,29293326,24500127,4793199,2503361,934236,1355602,2267,205,2062,2307,241,2066,0,2012,24500127,5719885,2597973,0,2288586,6433583,7460100,0,934236,563750,32692,0,0,0,337794,0,5301,4015
2013,7568,7568,7578,6322,27551893,23518401,4033492,1199924,893936,1939632,2559,185,2374,2602,222,2380,127841,2013,23518401,6122537,2833096,0,475743,6615873,7471152,0,893936,391738,265641,0,0,0,236557,0,5009,3720
2014,7568,7568,7578,6609,10432611,9808082,624529,15537,102783,506209,5680,130,5550,5706,149,5557,477,2014,9808082,1170301,919280,0,341749,2270728,5106024,0,102783,63978,767,0,0,0,38038,0,1888,903
2015,7568,7568,7578,6322,40710042,35029708,5680334,1769798,960751,2949785,201,190,11,237,226,11,0,2015,35029708,11382643,6525800,0,892818,8525203,7703244,0,960751,444550,247982,0,0,0,268219,0,7367,6085
2016,7568,7568,7578,6585,11093722,10183052,910670,128542,205478,576650,5560,125,5435,5583,143,5440,2486,2016,10183052,1295875,763845,0,454359,2408221,5260752,0,205478,112074,26531,0,0,0,66873,0,2008,1002
2017,7568,7568,7578,7578,0,0,0,0,0,0,7568,34,7534,7578,39,7539,0,2017,0,0,0,0,0,0,0,0,0,0,0,0,0,0,0,0,0,0
2018,7568,7568,7578,6322,26712684,23801220,2911464,725710,476777,1708977,2734,180,2554,2773,215,2558,0,2018,23801220,5435150,4073219,0,730481,6113322,7449048,0,476777,284178,22416,0,0,0,170183,0,4834,3549
2019,7568,7568,7578,6286,16324616,14098536,2226080,918741,360921,946418,380,183,197,425,229,196,23445902,2019,14098536,3738237,2681618,0,408648,3330303,3939730,0,360921,222812,5452,0,0,0,132657,0,7188,5861
2020,7568,7568,7578,6267,32503932,27698046,4805886,1873854,945802,1986230,1686,182,1504,1732,226,1506,0,2020,27698046,7994268,4719840,0,595244,6889912,7498782,0,945802,470193,192548,0,0,0,283061,0,5882,4535
2021,7568,7568,7578,6335,19556514,16806340,2750174,1150111,651388,948675,4029,160,3869,4078,201,3877,0,2021,16806340,2963228,2262002,0,179588,4267456,7134066,0,651388,347037,96187,0,0,0,208164,0,3539,2257
2022,7568,7568,7578,6326,19689138,17798167,1890971,474220,380279,1036472,4005,165,3840,4051,204,3847,0,2022,17798167,2933501,1947624,0,438247,5107111,7371684,0,380279,231234,10685,0,0,0,138360,0,3563,2275
2023,7568,7568,7578,6316,22993686,20211544,2782142,672608,544316,1565218,3407,161,3246,3454,200,3254,0,2023,20211544,4466583,2398096,0,494000,5420395,7432470,0,544316,294959,72429,0,0,0,176928,0,4161,2862
2024,7568,7568,7578,6299,34979580,28614770,6364810,2893461,1034141,2437208,1238,188,1050,1282,230,1052,0,2024,28614770,8730060,4338175,0,810478,7237275,7498782,0,1034141,644844,2965,0,0,0,386332,0,6330,5017
2025,7568,7568,7578,6322,33313634,27844180,5469454,2207320,1222914,2039220,1016,193,823,1054,229,825,2896665,2025,27844180,8071981,4068227,0,1036640,7246325,7421007,0,1222914,519559,389153,0,0,0,314202,0,6552,5268
2026,7568,7568,7578,6723,8659242,7967758,691484,71964,150539,468981,6001,129,5872,6016,137,5879,0,2026,7967758,974631,519664,0,159841,2268590,4045032,0,150539,83768,16969,0,0,0,49802,0,1567,707
2027,7568,7568,7578,6317,40312170,33022765,7289405,3975770,1323554,1990081,273,190,83,310,227,83,0,2027,33022765,10198319,5527562,0,2259531,7394895,7642458,0,1323554,753569,117710,0,0,0,452275,0,7295,6007
2028,7568,7568,7578,6344,19241532,18831608,409924,137029,90202,182693,4086,157,3929,4135,198,3937,0,2028,18831608,2364040,1091159,0,3628653,4597112,7150644,0,90202,53323,5483,0,0,0,31396,0,3482,2209
2029,7568,7568,7578,6321,18489996,16534040,1955956,330233,503850,1121873,4222,174,4048,4269,212,4057,0,2029,16534040,2682769,1572616,0,112441,4838738,7327476,0,503850,228622,137625,0,0,0,137603,0,3346,2052
2030,7568,7568,7578,7148,4448430,3968730,479700,33392,127005,319303,6763,85,6678,6797,113,6684,0,2030,3968730,696590,686610,0,6759,1545409,1033362,0,127005,56723,36330,0,0,0,33952,0,805,351
2031,7568,7568,7578,6330,23723118,19972318,3750800,1110539,779519,1860742,3275,165,3110,3322,202,3120,0,2031,19972318,5125527,1536413,0,257495,5708829,7344054,0,779519,395885,145462,0,0,0,238172,0,4293,3008
2032,7568,7568,7578,6303,37283922,31366507,5917415,3181429,1388093,1347893,821,188,633,866,229,637,0,2032,31366507,7954198,2321816,0,5002449,8506372,7581672,0,1388093,639517,362903,0,0,0,385673,0,6747,5437
2033,7568,7568,7578,6922,6084126,5598652,485474,64487,117538,303449,6467,108,6359,6489,125,6364,0,2033,5598652,627897,342764,0,20077,2077006,2530908,0,117538,65153,13697,0,0,0,38688,0,1101,433
2034,7568,7568,7578,6322,39632472,33277764,6354708,3376371,1107264,1871073,396,191,205,430,227,203,0,2034,33277764,10331796,4020297,0,3923158,7520309,7482204,0,1107264,667827,38984,0,0,0,400453,0,7172,5892
2035,7568,7568,7578,6309,36626328,28226768,8399560,4603628,1578233,2217699,940,188,752,983,228,755,0,2035,28226768,9606187,3791323,0,290750,7056304,7482204,0,1578233,864415,194309,0,0,0,519509,0,6628,5326
2036,7568,7568,7578,6438,14339970,12797980,1541990,305544,351199,885247,4973,125,4848,5028,174,4854,0,2036,12797980,2033538,698813,0,248302,3368485,6448842,0,351199,197342,35784,0,0,0,118073,0,2595,1410
2037,7568,7568,7578,6322,38273076,31536555,6736521,3101274,1171047,2464200,642,192,450,679,227,452,0,2037,31536555,9895470,5294265,0,1530582,7328508,7487730,0,1171047,675399,90377,0,0,0,405271,0,6926,5643
2038,7568,7568,7578,6332,23013624,20850752,2162872,505215,364852,1292805,2855,166,2689,2899,203,2696,3037947,2038,20850752,4608499,2627598,0,1545643,5386479,6682533,0,364852,203414,39656,0,0,0,121782,0,4713,3433
2039,7568,7568,7578,6396,18346320,16174420,2171900,625028,446518,1100354,4248,164,4084,4293,204,4089,0,2039,16174420,2837275,2528482,0,477152,3567687,6763824,0,446518,250212,46581,0,0,0,149725,0,3320,2103
2040,7568,7568,7578,6365,14240502,13005233,1235269,148863,295262,791144,4991,157,4834,5037,193,4844,0,2040,13005233,1680308,946462,0,54391,3350260,6973812,0,295262,148348,57917,0,0,0,88997,0,2577,1328
2041,7568,7568,7578,6360,14721264,13526800,1194464,211913,245015,737536,4904,156,4748,4952,194,4758,0,2041,13526800,1664975,1401229,0,150704,3280820,7029072,0,245015,153554,0,0,0,0,91461,0,2664,1408
2042,7568,7568,7578,6292,21931992,19047703,2884289,804265,677138,1402886,3533,155,3378,3586,201,3385,366293,2042,19047703,3856930,2622097,0,205642,4976860,7386174,0,677138,316663,169750,0,0,0,190725,0,4035,2706
2043,7568,7568,7578,6510,11489516,10491453,998063,174473,228678,594912,5267,96,5171,5296,119,5177,1228672,2043,10491453,1387466,780969,0,312342,2709226,5301450,0,228678,125503,28291,0,0,0,74884,0,2301,1214
2044,7568,7568,7578,6306,33161526,27821840,5339686,2299661,1040676,1999349,1567,193,1374,1612,234,1378,0,2044,27821840,7795810,4550818,0,1279533,6713475,7482204,0,1040676,574496,121281,0,0,0,344899,0,6001,4694
2045,7568,7568,7578,6322,28840194,23564269,5275925,3060967,1079492,1135466,2349,195,2154,2388,231,2157,0,2045,23564269,5218353,4063674,0,805508,6011108,7465626,0,1079492,633679,65900,0,0,0,379913,0,5219,3934
2046,7568,7568,7578,6322,30995334,25085103,5910231,3404672,1437638,1067921,1959,195,1764,1999,231,1768,0,2046,25085103,5988873,4872951,0,604537,6158642,7460100,0,1437638,669953,363381,0,0,0,404304,0,5609,4323
2047,7568,7568,7578,7578,0,0,0,0,0,0,7568,21,7547,7578,24,7554,0,2047,0,0,0,0,0,0,0,0,0,0,0,0,0,0,0,0,0,0
2048,7568,7568,7578,6322,40068459,31676369,8392090,4645552,1690035,2056503,190,190,0,226,226,0,702621,2048,31676369,10065639,5512022,0,1458772,7157932,7482004,0,1690035,838674,346333,0,0,0,505028,0,7378,6096
2049,7568,7568,7578,6322,39726414,35059317,4667097,2685401,875847,1105849,379,192,187,415,228,187,0,2049,35059317,9322716,3916738,0,6542121,7690544,7587198,0,875847,518296,47027,0,0,0,310524,0,7189,5907
2050,7568,7568,7578,6324,21213196,18302371,2910825,884664,654030,1372131,2913,175,2738,2953,212,2741,4524223,2050,18302371,4395495,2281854,0,356519,4973353,6295150,0,654030,297671,177109,0,0,0,179250,0,4655,3371
2051,7568,7568,7578,6365,9802306,8923451,878855,175397,227137,476321,4945,155,4790,4990,192,4798,4713488,2051,8923451,1117034,559754,0,170033,2313878,4762752,0,227137,115973,41773,0,0,0,69391,0,2623,1375
2052,7568,7568,7578,6500,11825640,10600849,1224791,214384,283798,726609,5428,126,5302,5458,153,5305,0,2052,10600849,1449800,706335,0,0,2576102,5868612,0,283798,157745,31660,0,0,0,94393,0,2140,1042
2053,7568,7568,7578,6322,23900383,20713744,3186639,1234946,578932,1372761,2696,176,2520,2736,212,2524,3029574,2053,20713744,4596516,1970304,0,1703308,5565097,6878519,0,578932,362279,0,0,0,0,216653,0,4872,3586
2054,7568,7568,7578,6285,40008240,33162025,6846215,3537987,1325784,1982444,328,182,146,375,229,146,0,2054,33162025,10147800,5815974,0,2365069,7339926,7493256,0,1325784,710191,188900,0,0,0,426693,0,7240,5910
2055,7568,7568,7578,7334,1166238,937051,229187,48277,64442,116468,7164,64,7100,7163,58,7105,1071540,2055,937051,245904,130350,0,28154,477752,54891,0,64442,32267,13268,0,0,0,18907,0,404,171
2056,7568,7568,7578,6347,16069608,14684910,1384698,285759,344949,753990,4660,141,4519,4711,183,4528,0,2056,14684910,1976175,1453690,0,447696,3673283,7134066,0,344949,177085,61744,0,0,0,106120,0,2908,1636
2057,7568,7568,7578,6324,20151301,17343577,2807724,842307,783767,1181650,3061,169,2892,3104,206,2898,4769223,2057,17343577,3906616,2253001,0,243523,4723128,6217309,0,783767,291701,315173,0,0,0,176893,0,4507,3220
2058,7568,7568,7578,7578,0,0,0,0,0,0,7568,35,7533,7578,40,7538,0,2058,0,0,0,0,0,0,0,0,0,0,0,0,0,0,0,0,0,0
2059,7568,7568,7578,7578,0,0,0,0,0,0,7568,37,7531,7578,40,7538,0,2059,0,0,0,0,0,0,0,0,0,0,0,0,0,0,0,0,0,0
2060,7568,7568,7578,6593,10952532,10159494,793038,105704,227967,459367,5586,109,5477,5608,122,5486,0,2060,10159494,1140967,886299,0,383796,2332952,5415480,0,227967,96508,73664,0,0,0,57795,0,1982,985
2061,7568,7568,7578,6354,13057704,12338476,719228,48132,189102,481994,4659,147,4512,4707,190,4517,3030320,2061,12338476,1476248,1050910,0,696966,3218190,5896162,0,189102,72213,73630,0,0,0,43259,0,2909,1647
2062,7568,7568,7578,7443,1237824,888290,349534,28455,111820,209259,7344,46,7298,7353,47,7306,0,2062,888290,406407,178141,0,6828,296914,0,0,111820,43294,42628,0,0,0,25898,0,224,90
2063,7568,7568,7578,7567,99468,67003,32465,2356,7147,22962,7550,69,7481,7560,74,7486,0,2063,67003,40512,12698,0,13793,0,0,0,7147,3958,1060,0,0,0,2129,0,18,7
2064,7568,7568,7578,6322,19182576,17403817,1778759,495192,490643,792924,3354,177,3177,3396,213,3183,4110971,2064,17403817,3161631,2096112,0,1171761,4676915,6297398,0,490643,190666,184845,0,0,0,115132,0,4214,2926
2065,7568,7568,7578,7578,0,0,0,0,0,0,7568,33,7535,7578,38,7540,0,2065,0,0,0,0,0,0,0,0,0,0,0,0,0,0,0,0,0,0
2066,7568,7568,7578,6322,35398268,28625937,6772331,3699731,1396912,1675688,895,192,703,932,227,705,1477459,2066,28625937,8682564,3924422,0,1404844,6920773,7693334,0,1396912,712121,256305,0,0,0,428486,0,6673,5390
2067,7568,7568,7578,7399,1558332,1134238,424094,124709,125666,173719,7286,80,7206,7294,76,7218,0,2067,1134238,382037,239225,0,0,512976,0,0,125666,63151,24752,0,0,0,37763,0,282,105
2068,7568,7568,7578,7468,953199,589054,364145,79049,83523,201573,7389,50,7339,7400,56,7344,35955,2068,589054,341910,140660,0,13560,92924,0,0,83523,52424,0,0,0,0,31099,0,179,68
2069,7568,7568,7578,6285,31878619,26434413,5444206,3215345,1124273,1104588,1799,184,1615,1849,231,1618,875,2069,26434413,6396641,4877901,0,1706818,5965323,7487730,0,1124273,638156,103112,0,0,0,383005,0,5769,4436
2070,7568,7568,7578,6771,5314006,4936349,377657,60715,117467,199475,6224,117,6107,6244,130,6114,2124012,2070,4936349,457476,350880,0,0,1509177,2618816,0,117467,50337,37207,0,0,0,29923,0,1344,527
2071,7568,7568,7578,7282,2468319,2211229,257090,1916,61717,193457,7100,67,7033,7097,53,7044,118602,2071,2211229,475749,380639,0,25994,1049272,279575,0,61717,27848,17283,0,0,0,16586,0,468,185
2072,7568,7568,7578,6341,19633878,16909597,2724281,814994,692296,1216991,4015,154,3861,4064,195,3869,0,2072,16909597,3331293,1834182,0,84024,4503928,7156170,0,692296,318573,181690,0,0,0,192033,0,3553,2277
2073,7568,7568,7578,6359,19180746,16648815,2531931,674674,676123,1181134,4097,164,3933,4146,205,3941,0,2073,16648815,3331311,1640680,0,170822,4471404,7034598,0,676123,292501,207248,0,0,0,176374,0,3471,2213
2074,7568,7568,7578,7578,0,0,0,0,0,0,7568,51,7517,7578,54,7524,0,2074,0,0,0,0,0,0,0,0,0,0,0,0,0,0,0,0,0,0
2075,7568,7568,7578,7578,0,0,0,0,0,0,7568,32,7536,7578,37,7541,0,2075,0,0,0,0,0,0,0,0,0,0,0,0,0,0,0,0,0,0
2076,7568,7568,7578,6322,18353581,14843208,3510373,1609042,845524,1055807,1887,195,1692,1926,231,1695,13078059,2076,14843208,4222195,1628059,0,184813,4127766,4680375,0,845524,372491,248205,0,0,0,224828,0,5681,4396
2077,7568,7568,7578,7578,0,0,0,0,0,0,7568,9,7559,7578,13,7565,0,2077,0,0,0,0,0,0,0,0,0,0,0,0,0,0,0,0,0,0
2078,7568,7568,7578,7514,563652,350404,213248,59219,51486,102543,7466,50,7416,7476,53,7423,0,2078,350404,187876,108081,0,54447,0,0,0,51486,31724,955,0,0,0,18807,0,102,38
2079,7568,7568,7578,6374,15544638,13757525,1787113,573421,503831,709861,4755,161,4594,4805,203,4602,0,2079,13757525,2060323,1065921,0,397327,3558546,6675408,0,503831,237704,123286,0,0,0,142841,0,2813,1569
2080,7568,7568,7578,6349,17373744,15409509,1964235,520140,568065,876030,4424,142,4282,4470,183,4287,0,2080,15409509,2552918,1187470,0,506790,4050369,7111962,0,568065,245977,173887,0,0,0,148201,0,3144,1879
2081,7568,7568,7578,6494,7048657,6381475,667182,138697,173901,354584,5397,118,5279,5430,146,5284,4962155,2081,6381475,810102,492174,0,68522,1564197,3446480,0,173901,88524,32484,0,0,0,52893,0,2171,1064
2082,7568,7568,7578,6325,21048534,17911462,3137072,1087904,827109,1222059,3759,165,3594,3804,202,3602,0,2082,17911462,3561751,1500133,0,134841,5282267,7432470,0,827109,383810,212033,0,0,0,231266,0,3809,2521
2083,7568,7568,7578,6576,5201444,4639788,561656,152548,177216,231892,5458,131,5327,5481,148,5333,6488306,2083,4639788,641579,388165,0,100406,1091877,2417761,0,177216,74710,57844,0,0,0,44662,0,2110,1095
2084,7568,7568,7578,7578,0,0,0,0,0,0,7568,25,7543,7578,27,7551,0,2084,0,0,0,0,0,0,0,0,0,0,0,0,0,0,0,0,0,0
2085,7568,7568,7578,6339,14044355,12714599,1329756,298010,373985,657761,4591,151,4440,4637,186,4451,2408557,2085,12714599,1611934,1657172,0,15073,3301867,6128553,0,373985,173283,96585,0,0,0,104117,0,2977,1702
2086,7568,7568,7578,6856,6968286,6345899,622387,162919,173022,286446,6307,85,6222,6329,100,6229,0,2086,6345899,696867,472966,0,60225,2065489,3050352,0,173022,87863,32698,0,0,0,52461,0,1261,527
2087,7568,7568,7578,7576,16810,8544,8266,1946,2222,4098,7563,58,7505,7575,63,7512,10820,2087,8544,6683,1640,0,221,0,0,0,2222,658,1304,0,0,0,260,0,5,1
2088,7568,7568,7578,7578,0,0,0,0,0,0,7568,34,7534,7578,38,7540,0,2088,0,0,0,0,0,0,0,0,0,0,0,0,0,0,0,0,0,0
2089,7568,7568,7578,6365,10663705,9524229,1139476,448232,325883,365361,5053,124,4929,5105,168,4937,3249257,2089,9524229,1073106,748141,0,1196,2458226,5243560,0,325883,165044,61983,0,0,0,98856,0,2515,1260
2090,7568,7568,7578,7578,3517,2359,1158,14,183,961,7567,48,7519,7578,52,7526,2009,2090,2359,1440,633,0,286,0,0,0,183,66,83,0,0,0,34,0,1,0
2091,7568,7568,7578,6494,5679799,5158626,521173,133445,208301,179427,5455,121,5334,5481,142,5339,6027582,2091,5158626,576488,461340,0,88393,1134921,2897484,0,208301,68661,98272,0,0,0,41368,0,2113,1013
2092,7568,7568,7578,7578,0,0,0,0,0,0,7568,29,7539,7578,33,7545,0,2092,0,0,0,0,0,0,0,0,0,0,0,0,0,0,0,0,0,0
2093,7568,7568,7578,7578,0,0,0,0,0,0,7568,49,7519,7578,53,7525,0,2093,0,0,0,0,0,0,0,0,0,0,0,0,0,0,0,0,0,0
2094,7568,7568,7578,7578,0,0,0,0,0,0,7568,22,7546,7578,25,7553,0,2094,0,0,0,0,0,0,0,0,0,0,0,0,0,0,0,0,0,0
2095,7568,7568,7578,7578,0,0,0,0,0,0,7568,18,7550,7578,22,7556,0,2095,0,0,0,0,0,0,0,0,0,0,0,0,0,0,0,0,0,0
2096,7568,7568,7578,7578,0,0,0,0,0,0,7568,13,7555,7578,3,7575,0,2096,0,0,0,0,0,0,0,0,0,0,0,0,0,0,0,0,0,0
2097,7568,7568,7578,7578,0,0,0,0,0,0,7568,8,7560,7578,12,7566,0,2097,0,0,0,0,0,0,0,0,0,0,0,0,0,0,0,0,0,0
2098,7568,7568,7578,7578,0,0,0,0,0,0,7568,48,7520,7578,54,7524,0,2098,0,0,0,0,0,0,0,0,0,0,0,0,0,0,0,0,0,0
2099,7568,7568,7578,7578,0,0,0,0,0,0,7568,27,7541,7578,33,7545,0,2099,0,0,0,0,0,0,0,0,0,0,0,0,0,0,0,0,0,0
