"Year","AFem","AFemDeath","AMal","AMalDeath","Eggs","EggsDeath","FryGrad","FryExit","FryDeath","FryInStr","allMortAF","baseMortAF","tempMortAF","allMortAM","baseMortAM","tempMortAM","InVivo"
2010,7568,7568,7578,6310,39696386,31991342,7705044,3664193,1440190,2600661,360,185,175,402,226,176,135022
2011,7568,7568,7578,6322,32592348,26774431,5817917,2769205,1139001,1909711,1670,198,1472,1707,233,1474,0
2012,7568,7568,7578,6321,32807862,27120936,5686926,2620114,1211826,1854986,1631,195,1436,1671,231,1440,0
2013,7568,7568,7578,6327,26875226,24513591,2361635,381287,337065,1643283,2550,187,2363,2591,223,2368,854242
2014,7568,7568,7578,6324,22298325,20315304,1983021,430310,311263,1241448,2537,180,2357,2578,216,2362,5517498
2015,7568,7568,7578,6322,30238272,26999708,3238564,802312,655846,1780406,2096,202,1894,2137,238,1899,0
2016,7568,7568,7578,6333,21381775,18508377,2873398,701381,625840,1546177,3227,165,3062,3273,204,3069,2613449
2017,7568,7568,7578,6813,7462962,6916753,546209,27884,100004,418321,6077,112,5965,6097,122,5975,779818
2018,7568,7568,7578,6267,26143506,23253547,2889959,656208,569407,1664344,2837,161,2676,2884,205,2679,0
2019,7568,7568,7578,6309,31724766,26747885,4976881,1760921,982061,2233899,1827,192,1635,1870,231,1639,0
2020,7568,7568,7578,6482,13759740,13032956,726784,92074,143535,491175,5078,120,4958,5113,147,4966,0
2021,7568,7568,7578,6322,29416563,24345570,5070993,2431717,992531,1646745,318,190,128,357,226,131,10665470
2022,7568,7568,7578,6322,35471394,29029838,6441556,2585306,1178633,2677617,1149,195,954,1189,232,957,0
2023,7568,7568,7578,6322,39172472,32904865,6267607,2396819,1064960,2805828,445,196,249,483,232,251,189226
2024,7568,7568,7578,6324,26486118,20872528,5613590,3448529,1111859,1053202,2775,169,2606,2817,204,2613,0
2025,7568,7568,7578,6313,36443970,31452393,4991577,1670546,1006871,2314160,973,198,775,1011,234,777,0
2026,7568,7568,7578,7574,27630,17188,10442,353,1802,8287,7563,55,7508,7571,58,7513,0
2027,7568,7568,7578,6331,23684436,20659279,3025157,1079321,605221,1340615,3282,157,3125,3323,196,3127,0
2028,7568,7568,7578,6288,34196631,30960722,3235909,2009349,622063,604497,507,186,321,554,232,322,4831145
2029,7568,7568,7578,6315,23828112,19804389,4023723,1854689,910314,1258720,3256,177,3079,3300,212,3088,0
2030,7568,7568,7578,6266,38659896,30146779,8513117,5446667,1809413,1257037,572,184,388,617,228,389,0
2031,7568,7568,7578,6322,33161526,26374467,6787059,3675633,1379128,1732298,1567,195,1372,1605,230,1375,0
2032,7568,7568,7578,6323,26707158,23539901,3167257,825494,533130,1808633,2735,181,2554,2777,217,2560,0
2033,7568,7568,7578,6319,33399144,28802857,4596287,2186310,833552,1576425,1524,193,1331,1561,229,1332,0
2034,7568,7568,7578,6312,27416313,23273801,4142512,1892521,702569,1547422,605,187,418,646,227,419,11087003
2035,7568,7568,7578,6290,32460978,26805488,5655490,2368928,999835,2286727,1426,189,1237,1473,232,1241,1480818
2036,7568,7568,7578,6310,28291713,24129032,4162681,1718374,684302,1760005,1223,188,1035,1265,227,1038,6784145
2037,7568,7568,7578,6294,32465250,27351789,5113461,1710105,882589,2520767,1693,186,1507,1742,232,1510,0
2038,7568,7568,7578,7317,2597220,2214086,383134,4473,94560,284101,7098,74,7024,7098,68,7030,0
2039,7568,7568,7578,6345,19055483,17782428,1273055,162102,236748,874205,4119,168,3951,4166,207,3959,3691
2040,7568,7568,7578,6331,14590175,13194201,1395974,177990,286357,931627,4304,170,4134,4348,209,4139,3461689
2041,7568,7568,7578,6323,33898156,30022148,3876008,1840853,686096,1349059,961,194,767,998,231,767,2616246
2042,7568,7568,7578,6277,37891782,31263557,6628225,2965190,1483499,2179536,711,183,528,756,227,529,0
2043,7568,7568,7578,6699,5603915,5219060,384855,8439,95130,281286,5918,93,5825,5945,112,5833,3530045
2044,7568,7568,7578,6352,15386543,14373182,1013361,366929,240323,406109,4380,156,4224,4428,197,4231,2237810
2045,7568,7568,7578,6290,34159189,29618546,4540643,1646057,919176,1975410,1020,183,837,1068,229,839,2026238
2046,7568,7568,7578,6322,34791696,27901630,6890066,3154148,1321736,2414182,1272,193,1079,1312,229,1083,0
2047,7568,7568,7578,6325,21556926,18103551,3453375,1360431,857594,1235350,3667,179,3488,3712,214,3498,0
2048,7568,7568,7578,6310,24348148,21124732,3223416,1445019,626484,1151913,3135,180,2955,3177,217,2960,148610
2049,7568,7568,7578,6290,34609338,27627606,6981732,3943662,1665034,1373036,1305,186,1119,1353,231,1122,0
2050,7568,7568,7578,7571,42804,29265,13539,944,3260,9335,7556,37,7519,7567,42,7525,23508
2051,7568,7568,7578,7554,209988,133056,76932,4885,16853,55194,7530,34,7496,7541,39,7502,0
2052,7568,7568,7578,7578,11052,7966,3086,6,562,2518,7566,66,7500,7578,70,7508,0
2053,7568,7568,7578,7446,1063721,824994,238727,2568,56850,179309,7353,45,7308,7363,51,7312,124369
2054,7568,7568,7578,6322,29459106,24849313,4609793,2269303,1019685,1320805,2237,197,2040,2278,233,2045,0
2055,7568,7568,7578,6322,34726467,29195123,5531344,2326373,1249495,1955476,1160,195,965,1197,231,966,684493
2056,7568,7568,7578,7453,1132830,831390,301440,27896,67873,205671,7363,50,7313,7370,52,7318,0
2057,7568,7568,7578,6312,26427390,23101735,3325655,2334914,648812,341929,777,190,587,817,229,588,11122630
2058,7568,7568,7578,6342,16638786,14856512,1782274,209839,349697,1222738,4557,154,4403,4605,194,4411,0
2059,7568,7568,7578,6322,32907330,27261100,5646230,2140365,1195430,2310435,1613,196,1417,1653,232,1421,0
2060,7568,7568,7578,6347,15238886,13776704,1462182,345277,310495,806410,4745,147,4598,4794,191,4603,362138
2061,7568,7568,7578,6313,32724972,30242693,2482279,1426848,515074,540357,1646,191,1455,1690,230,1460,0
2062,7568,7568,7578,6320,28210130,24394729,3815401,1227470,861395,1726536,2463,192,2271,2505,228,2277,100
2063,7568,7568,7578,6574,11704068,10659693,1044375,203765,258393,582217,5450,131,5319,5474,148,5326,0
2064,7568,7568,7578,6324,21943746,18693646,3250100,1095923,731321,1422856,3597,179,3418,3640,215,3425,0
2065,7568,7568,7578,6324,28407355,23990865,4416490,1479274,830583,2106633,2390,184,2206,2433,224,2209,206273
2066,7568,7568,7578,6323,16083270,14222640,1860630,1022333,334385,503912,1994,197,1797,2032,233,1799,14757159
2067,7568,7568,7578,6333,15550164,13845443,1704721,328699,467523,908499,4754,167,4587,4797,204,4593,0
2068,7568,7568,7578,6335,18904446,17276011,1628435,165078,318626,1144731,4147,158,3989,4191,196,3995,0
2069,7568,7568,7578,6517,11557724,10490713,1067011,111428,229922,725661,5269,104,5165,5294,126,5168,1151522
2070,7568,7568,7578,6342,17561628,15650333,1911295,351314,583852,976129,4390,158,4232,4436,198,4238,0
2071,7568,7568,7578,7572,55260,33415,21845,2154,5360,14331,7558,45,7513,7568,50,7518,0
2072,7568,7568,7578,6340,16191180,14703873,1487307,306609,367188,813510,4638,155,4483,4684,193,4491,0
2073,7568,7568,7578,6323,25780357,21963682,3816675,1551989,939062,1325624,2890,184,2706,2931,220,2711,70271
2074,7568,7568,7578,6469,687337,661550,25787,3377,7041,15369,5459,96,5363,5506,138,5368,11023525
2075,7568,7568,7578,6467,9581267,8600285,980982,207082,221790,552110,5097,124,4973,5138,158,4980,4091167
2076,7568,7568,7578,6308,16964820,14955679,2009141,614601,432596,961944,4498,164,4334,4553,210,4343,0
2077,7568,7568,7578,6307,33001272,28122115,4879157,1866798,1147738,1864621,1596,194,1402,1642,235,1407,0
2078,7568,7568,7578,7573,41800,24239,17561,3459,5187,8915,7560,32,7528,7570,36,7534,2408
2079,7568,7568,7578,7576,9194,5404,3790,1212,971,1607,7566,10,7556,7575,12,7563,1858
2080,7568,7568,7578,7209,3636108,3246692,389416,57668,98606,233142,6910,75,6835,6926,84,6842,0
2081,7568,7568,7578,6322,26596651,23800582,2796069,1658653,651500,485916,2424,191,2233,2468,227,2241,1830451
2082,7568,7568,7578,6346,17384796,15733593,1651203,194288,499842,957073,4422,153,4269,4473,195,4278,0
2083,7568,7568,7578,7319,2293290,2106818,186472,520,39209,146743,7153,69,7084,7153,61,7092,0
2084,7568,7568,7578,7578,0,0,0,0,0,0,7568,10,7558,7578,12,7566,0
2085,7568,7568,7578,7578,0,0,0,0,0,0,7568,60,7508,7578,65,7513,0
2086,7568,7568,7578,6801,7642458,7209753,432705,26228,118134,288343,6185,100,6085,6201,106,6095,0
2087,7568,7568,7578,7578,0,0,0,0,0,0,7568,46,7522,7578,50,7528,0
2088,7568,7568,7578,6311,12780763,11486505,1294258,433669,261491,599098,3759,169,3590,3806,209,3597,8301181
2089,7568,7568,7578,6287,17799246,15534121,2265125,975107,536534,753484,4347,162,4185,4398,206,4192,0
2090,7568,7568,7578,6353,15153603,13689957,1463646,641465,355846,466335,4618,147,4471,4668,185,4483,1152498
2091,7568,7568,7578,6696,9151056,8421015,730041,58400,162346,509295,5912,128,5784,5934,141,5793,0
2092,7568,7568,7578,6322,30746664,24862447,5884217,3495897,1313162,1075158,2004,193,1811,2044,229,1815,0
2093,7568,7568,7578,6366,14693634,13229849,1463785,514862,376056,572867,4909,136,4773,4959,178,4781,0
2094,7568,7568,7578,7309,2243055,1805730,437325,135928,133048,168349,7137,78,7059,7131,66,7065,138978
2095,7568,7568,7578,7404,1597014,1238407,358607,77397,110322,170888,7279,49,7230,7288,50,7238,0
2096,7568,7568,7578,7578,0,0,0,0,0,0,7568,13,7555,7578,16,7562,0
2097,7568,7568,7578,7578,0,0,0,0,0,0,7568,36,7532,7578,46,7532,0
2098,7568,7568,7578,7578,0,0,0,0,0,0,7568,31,7537,7578,33,7545,0
2099,7568,7568,7578,7578,0,0,0,0,0,0,7568,14,7554,7578,20,7558,0
