"Year","allMortEgg","baseMortEgg","tempMortEgg","denMortEgg","incMortEgg","superMortEgg","lostMortEgg","catMortEgg","allMortFry","baseMortFry","tempMortFry","denMortFry","habMortFry","freshMortFry","seasMortFry","catMortFry","allMortSF","allMortSM"
2010,31991342,11229956,3466666,0,1681514,8081268,7531938,0,1440190,751468,236754,0,0,0,451968,0,7208,5908
2011,26774431,7552007,2488006,0,2270424,6998368,7465626,0,1139001,638908,116478,0,0,0,383615,0,5898,4615
2012,27120936,7754897,5294194,0,111824,6488869,7471152,0,1211826,575028,290215,0,0,0,346583,0,5937,4650
2013,24513591,5775974,4910972,0,277050,6178289,7371306,0,337065,180139,48910,0,0,0,108016,0,5018,3736
2014,20315304,4308940,3035344,0,1158008,5471797,6341215,0,311263,160109,55117,0,0,0,96037,0,5031,3746
2015,26999708,7075455,3722007,0,1355484,7375610,7471152,0,655846,292214,187233,0,0,0,176399,0,5472,4185
2016,18508377,4598941,1954900,0,18368,5182560,6753608,0,625840,278720,179085,0,0,0,168035,0,4341,3060
2017,6916753,923183,418921,0,332472,1891169,3351008,0,100004,60069,4351,0,0,0,35584,0,1491,716
2018,23253547,5659550,2786128,0,1244480,6125393,7437996,0,569407,277096,125566,0,0,0,166745,0,4731,3383
2019,26747885,7796327,3578319,0,563423,7322086,7487730,0,982061,484252,206329,0,0,0,291480,0,5741,4439
2020,13032956,1779039,805798,0,1021029,3348490,6078600,0,143535,85115,7888,0,0,0,50532,0,2490,1369
2021,24345570,7125395,3915667,0,1312689,5728352,6263467,0,992531,521496,157751,0,0,0,313284,0,7250,5965
2022,29029838,9678658,4105033,0,162439,7507562,7576146,0,1178633,599297,218543,0,0,0,360793,0,6419,5133
2023,32904865,10598744,5265096,0,918709,8391442,7730874,0,1064960,557427,172316,0,0,0,335217,0,7123,5839
2024,20872528,5048844,1710962,0,342620,6354210,7415892,0,1111859,692951,3779,0,0,0,415129,0,4793,3507
2025,31452393,9414191,5919686,0,831306,7733168,7554042,0,1006871,433162,311935,0,0,0,261774,0,6595,5302
2026,17188,12063,4921,0,204,0,0,0,1802,1025,421,0,0,0,356,0,5,3
2027,20659279,4367814,1963136,0,1294833,5650760,7382736,0,605221,332855,72591,0,0,0,199775,0,4286,3008
2028,30960722,6135970,3356054,0,8033843,6524972,6909883,0,622063,374730,23205,0,0,0,224128,0,7061,5734
2029,19804389,4417515,2370258,0,556029,5055747,7404840,0,910314,485088,133842,0,0,0,291384,0,4312,3015
2030,30146779,8934785,4250297,0,2242761,7148316,7570620,0,1809413,928160,322669,0,0,0,558584,0,6996,5649
2031,26374467,7546753,3906282,0,619308,6786764,7515360,0,1379128,741132,192399,0,0,0,445597,0,6001,4717
2032,23539901,5560576,3244126,0,796993,6489158,7449048,0,533130,318044,24638,0,0,0,190448,0,4833,3546
2033,28802857,7930359,3496647,0,2854376,7000589,7520886,0,833552,500832,32611,0,0,0,300109,0,6044,4758
2034,23273801,7047322,3844617,0,1570654,5204182,5607026,0,702569,437784,2782,0,0,0,262003,0,6963,5666
2035,26805488,8190372,2841603,0,1001191,7249190,7523132,0,999835,581214,69995,0,0,0,348626,0,6142,4817
2036,24129032,6933749,2633945,0,1657094,6277878,6626366,0,684302,428173,0,0,0,0,256129,0,6345,5045
2037,27351789,8161196,3750951,0,661769,7279091,7498782,0,882589,479499,114988,0,0,0,288102,0,5875,4552
2038,2214086,631910,232852,0,126131,1073991,149202,0,94560,38320,33316,0,0,0,22924,0,470,219
2039,17782428,2737124,1600880,0,1137389,4902195,7404840,0,236748,115389,52121,0,0,0,69238,0,3449,2179
2040,13194201,2042036,1296318,0,82034,3810061,5963752,0,286357,163131,25674,0,0,0,97552,0,3264,1983
2041,30022148,8668342,3083579,0,4129489,6921795,7218943,0,686096,413764,24566,0,0,0,247766,0,6607,5325
2042,31263557,9594384,5767108,0,966738,7392337,7542990,0,1483499,640656,455668,0,0,0,387175,0,6857,5521
2043,5219060,659044,327678,0,53446,1481457,2697435,0,95130,38610,33325,0,0,0,23195,0,1650,754
2044,14373182,1840330,1117918,0,1205086,3700743,6509105,0,240323,136609,22259,0,0,0,81455,0,3188,1924
2045,29618546,8736039,4178433,0,1866178,7242043,7595853,0,919176,435446,221343,0,0,0,262387,0,6548,5222
2046,27901630,8894730,2220299,0,1634214,7581767,7570620,0,1321736,716734,174239,0,0,0,430763,0,6296,5010
2047,18103551,3787599,1361755,0,351156,5214779,7388262,0,857594,426302,174880,0,0,0,256412,0,3901,2613
2048,21124732,4234754,2190382,0,1722808,5544318,7432470,0,626484,391977,0,0,0,0,234507,0,4433,3133
2049,27627606,7585299,4034113,0,1534180,6986284,7487730,0,1665034,775480,421598,0,0,0,467956,0,6263,4937
2050,29265,16651,10001,0,2613,0,0,0,3260,1475,1254,0,0,0,531,0,12,4
2051,133056,91637,34988,0,6431,0,0,0,16853,9413,1917,0,0,0,5523,0,38,13
2052,7966,4716,2724,0,526,0,0,0,562,183,297,0,0,0,82,0,2,0
2053,824994,369667,186480,0,24680,244167,0,0,56850,25195,16609,0,0,0,15046,0,215,83
2054,24849313,6350412,2210545,0,1925483,6858565,7504308,0,1019685,525388,178219,0,0,0,316078,0,5331,4044
2055,29195123,8709566,5771625,0,552389,6679691,7481852,0,1249495,527730,402536,0,0,0,319229,0,6408,5125
2056,831390,396370,113795,0,84886,236339,0,0,67873,39429,5304,0,0,0,23140,0,205,83
2057,23101735,5092389,2394024,0,4509525,5295308,5810489,0,648812,398755,11580,0,0,0,238477,0,6791,5495
2058,14856512,2420915,1014518,0,17750,4241633,7161696,0,349697,210910,12601,0,0,0,126186,0,3011,1737
2059,27261100,8325683,3604937,0,581087,7256137,7493256,0,1195430,549952,313670,0,0,0,331808,0,5955,4669
2060,13776704,1856379,907097,0,276943,3699044,7037241,0,310495,194462,0,0,0,0,116033,0,2823,1553
2061,30242693,5466810,3167136,0,7179853,6941164,7487730,0,515074,296392,41423,0,0,0,177259,0,5922,4623
2062,24394729,6128359,4339500,0,427537,6039233,7460100,0,861395,374575,260687,0,0,0,226133,0,5105,3815
2063,10659693,1426898,828054,0,542382,2557399,5304960,0,258393,133150,45488,0,0,0,79755,0,2118,1100
2064,18693646,3971574,1909247,0,237879,5170106,7404840,0,731321,381034,121321,0,0,0,228966,0,3971,2684
2065,23990865,6686782,2873989,0,224889,6767209,7437996,0,830583,445500,117437,0,0,0,267646,0,5178,3891
2066,14222640,3000240,1432236,0,1431675,3810881,4547608,0,334385,209380,0,0,0,0,125005,0,5574,4291
2067,13845443,2100212,1354988,0,37175,3550562,6802506,0,467523,211826,128162,0,0,0,127535,0,2814,1536
2068,17276011,3139984,1612620,0,348531,4935816,7239060,0,318626,157824,66197,0,0,0,94605,0,3421,2144
2069,10490713,1502013,532175,0,373653,2714580,5368292,0,229922,123790,32283,0,0,0,73849,0,2299,1223
2070,15650333,2601531,1482243,0,289411,4126504,7150644,0,583852,217552,234709,0,0,0,131591,0,3178,1906
2071,33415,22453,6644,0,4318,0,0,0,5360,2647,1322,0,0,0,1391,0,10,4
2072,14703873,2129562,841863,0,392114,4178638,7161696,0,367188,195901,53787,0,0,0,117500,0,2930,1656
2073,21963682,5114183,2714932,0,762874,5922645,7449048,0,939062,435518,240946,0,0,0,262598,0,4678,3392
2074,661550,43535,56121,0,0,190266,371628,0,7041,2749,2835,0,0,0,1457,0,2109,963
2075,8600285,1260925,570099,0,167529,2237080,4364652,0,221790,128007,17499,0,0,0,76284,0,2471,1329
2076,14955679,2346205,1026703,0,215076,4222577,7145118,0,432596,270594,371,0,0,0,161631,0,3070,1755
2077,28122115,7694790,4660250,0,1196387,7099536,7471152,0,1147738,490534,360592,0,0,0,296612,0,5972,4665
2078,24239,16788,7451,0,0,0,0,0,5187,2289,1892,0,0,0,1006,0,8,3
2079,5404,3264,1278,0,862,0,0,0,971,238,607,0,0,0,126,0,2,1
2080,3246692,633676,244376,0,166863,1389455,812322,0,98606,52682,14643,0,0,0,31281,0,658,283
2081,23800582,5376089,2247359,0,2804610,6116231,7256293,0,651500,330341,122618,0,0,0,198541,0,5144,3854
2082,15733593,2776760,1569027,0,182893,4070847,7134066,0,499842,165548,233601,0,0,0,100693,0,3146,1873
2083,2106818,435237,342541,0,143591,1003091,182358,0,39209,17042,12096,0,0,0,10071,0,415,166
2084,0,0,0,0,0,0,0,0,0,0,0,0,0,0,0,0,0,0
2085,0,0,0,0,0,0,0,0,0,0,0,0,0,0,0,0,0,0
2086,7209753,746595,499209,0,265285,2189654,3509010,0,118134,50118,38108,0,0,0,29908,0,1383,600
2087,0,0,0,0,0,0,0,0,0,0,0,0,0,0,0,0,0,0
2088,11486505,1919322,904783,0,768529,3243588,4650283,0,261491,163736,191,0,0,0,97564,0,3809,2505
2089,15534121,2309766,1357744,0,200597,4482214,7183800,0,536534,319756,25318,0,0,0,191460,0,3221,1889
2090,13689957,1761698,1026304,0,573915,3662922,6665118,0,355846,209975,20371,0,0,0,125500,0,2950,1685
2091,8421015,1126900,652620,0,65625,2249012,4326858,0,162346,86223,24728,0,0,0,51395,0,1656,762
2092,24862447,6162153,3025243,0,1466365,6743060,7465626,0,1313162,691373,206114,0,0,0,415675,0,5564,4278
2093,13229849,1601241,1149234,0,207807,3281177,6990390,0,376056,209357,41469,0,0,0,125230,0,2659,1407
2094,1805730,414065,341282,0,1211,888003,161169,0,133048,65304,28839,0,0,0,38905,0,431,178
2095,1238407,382171,272008,0,69890,514338,0,0,110322,50408,30054,0,0,0,29860,0,289,116
2096,0,0,0,0,0,0,0,0,0,0,0,0,0,0,0,0,0,0
2097,0,0,0,0,0,0,0,0,0,0,0,0,0,0,0,0,0,0
2098,0,0,0,0,0,0,0,0,0,0,0,0,0,0,0,0,0,0
2099,0,0,0,0,0,0,0,0,0,0,0,0,0,0,0,0,0,0
