"Year","allMortEgg","baseMortEgg","tempMortEgg","denMortEgg","incMortEgg","superMortEgg","lostMortEgg","catMortEgg","allMortFry","baseMortFry","tempMortFry","denMortFry","habMortFry","freshMortFry","seasMortFry","catMortFry","allMortSF","allMortSM"
2010,31725864,11078402,3452978,0,1662806,8000948,7530730,0,1415395,739246,231529,0,0,0,444620,0,7283,5983
2011,26857253,7594445,2542827,0,2286958,6967397,7465626,0,1141503,640548,116342,0,0,0,384613,0,5918,4632
2012,28806522,8540905,6000987,0,126269,6656157,7482204,0,1297919,619783,304611,0,0,0,373525,0,6340,5056
2013,21753125,4805584,4087359,0,209694,5473786,7176702,0,273172,145628,40183,0,0,0,87361,0,4526,3248
2014,21152339,4671674,3287535,0,1261675,5641427,6290028,0,330749,170509,57990,0,0,0,102250,0,5395,4112
2015,26778987,6998151,3721692,0,1342750,7250768,7465626,0,636987,284763,180440,0,0,0,171784,0,5421,4135
2016,19783845,5083897,2195521,0,22860,5616303,6865264,0,660288,293755,189423,0,0,0,177110,0,4616,3333
2017,8943735,1138288,517277,0,424288,2194235,4669647,0,119854,72255,4830,0,0,0,42769,0,1940,976
2018,24386207,6045903,3058805,0,1394369,6438082,7449048,0,577749,282352,125506,0,0,0,169891,0,4954,3603
2019,25541020,7231140,3281718,0,500714,7056296,7471152,0,887185,439335,183374,0,0,0,264476,0,5444,4142
2020,15512981,2276583,1010433,0,1389278,3923661,6913026,0,167719,99467,8920,0,0,0,59332,0,2965,1728
2021,22088357,6492666,3597089,0,1180249,5201517,5616836,0,882236,463713,140151,0,0,0,278372,0,7261,5980
2022,27058200,8468348,3644745,0,133837,7306962,7504308,0,1019729,518443,189189,0,0,0,312097,0,5898,4613
2023,33388517,10820474,5384455,0,941304,8511410,7730874,0,1027829,541711,160422,0,0,0,325696,0,7197,5915
2024,22272681,5772059,1786232,0,459470,6756138,7498782,0,1191444,742983,3295,0,0,0,445166,0,5142,3856
2025,32260518,9782378,6203860,0,870045,7844667,7559568,0,998754,434290,302134,0,0,0,262330,0,6758,5466
2026,66263,43034,21546,0,1683,0,0,0,9310,4966,1541,0,0,0,2803,0,19,8
2027,23069811,5281869,2244994,0,1593493,6472777,7476678,0,693200,383437,79635,0,0,0,230128,0,4826,3537
2028,30658384,6134291,3180934,0,8032474,6468629,6842056,0,606292,365336,22396,0,0,0,218560,0,7059,5731
2029,18500247,3792448,2087700,0,372456,4909115,7338528,0,778948,411839,119805,0,0,0,247304,0,3958,2666
2030,30749107,9294039,4226630,0,2342940,7309352,7576146,0,1821057,933338,325927,0,0,0,561792,0,7127,5781
2031,25256393,6981368,3386552,0,531481,6841632,7515360,0,1247831,665530,182132,0,0,0,400169,0,5671,4383
2032,23960175,5750191,3382691,0,841710,6525483,7460100,0,525916,314077,23583,0,0,0,188256,0,4914,3626
2033,28013010,7520535,3167307,0,2711361,7087395,7526412,0,767353,460080,31623,0,0,0,275650,0,5835,4546
2034,24894010,7634292,4288453,0,1731187,5424412,5815666,0,719462,448603,2407,0,0,0,268452,0,7192,5895
2035,28305239,8921480,3159973,0,1130130,7554428,7539228,0,1042486,607150,71089,0,0,0,364247,0,6414,5089
2036,24958804,7319334,2837931,0,1774897,6367351,6659291,0,690956,432285,0,0,0,0,258671,0,6572,5273
2037,28020970,8474523,4016121,0,702989,7323029,7504308,0,864954,469825,113011,0,0,0,282118,0,5998,4674
2038,5962558,944719,390888,0,199645,2167172,2260134,0,126035,51308,43916,0,0,0,30811,0,1175,540
2039,19775680,3331420,1966719,0,1415255,5430880,7631406,0,267637,131308,57498,0,0,0,78831,0,3852,2573
2040,19679661,4465990,2780337,0,780287,5409786,6243261,0,544380,315821,39270,0,0,0,189289,0,5134,3847
2041,30189606,8700407,3104853,0,4198996,6971657,7213693,0,661588,399685,22600,0,0,0,239303,0,6618,5336
2042,32080083,10001903,6007054,0,1021861,7506275,7542990,0,1461097,628092,453283,0,0,0,379722,0,7008,5671
2043,7153819,943489,462664,0,82590,1841252,3823824,0,130663,53458,45157,0,0,0,32048,0,2219,1116
2044,15945341,2230400,1222402,0,1590076,4117323,6785140,0,246889,141313,21438,0,0,0,84138,0,3520,2244
2045,30009831,8876922,4306667,0,1899726,7318040,7608476,0,898385,426995,214165,0,0,0,257225,0,6586,5260
2046,28651425,9297906,2299144,0,1715628,7718393,7620354,0,1328763,722077,172781,0,0,0,433905,0,6461,5176
2047,18742323,4141846,1438838,0,430337,5326462,7404840,0,898404,449358,178624,0,0,0,270422,0,4064,2778
2048,23203322,5002573,2446602,0,2260781,6038792,7454574,0,682144,426713,0,0,0,0,255431,0,4888,3584
2049,28778111,8226534,4205612,0,1680553,7161104,7504308,0,1728050,808515,431631,0,0,0,487904,0,6544,5218
2050,131455,73518,46618,0,11319,0,0,0,15895,7115,4643,0,0,0,4137,0,50,18
2051,712312,398387,152265,0,29390,132270,0,0,63615,35398,7239,0,0,0,20978,0,184,71
2052,55611,33490,19116,0,3005,0,0,0,5019,2180,1693,0,0,0,1146,0,14,6
2053,2962140,570765,303592,0,55340,1366971,665472,0,67339,29308,20427,0,0,0,17604,0,630,274
2054,26294511,6999999,2364830,0,2174415,7134913,7620354,0,1080677,560011,183791,0,0,0,336875,0,5663,4378
2055,30644568,9416602,6326205,0,557549,6852260,7491952,0,1251378,529333,401913,0,0,0,320132,0,6774,5491
2056,3916312,628418,195838,0,208641,1734007,1149408,0,59236,34378,4535,0,0,0,20323,0,762,313
2057,21306600,4605327,2088860,0,4331879,4875345,5405189,0,527840,324877,8749,0,0,0,194214,0,6571,5274
2058,16150669,2791303,1182860,0,43875,4888045,7244586,0,375733,227729,11975,0,0,0,136029,0,3282,1999
2059,27397606,8359843,3684329,0,609216,7256488,7487730,0,1143239,525528,300576,0,0,0,317135,0,5953,4667
2060,14935929,2237815,1017700,0,371331,4114231,7194852,0,358464,224426,0,0,0,0,134038,0,3047,1770
2061,28027730,4910076,2717053,0,6336674,6592775,7471152,0,466307,269333,35901,0,0,0,161073,0,5475,4179
2062,23950208,5930273,4237958,0,403367,5929562,7449048,0,802415,350838,239789,0,0,0,211788,0,4986,3698
2063,13505511,1825982,1013851,0,736825,3568427,6360426,0,294634,150929,53272,0,0,0,90433,0,2666,1497
2064,25272370,6736916,3229560,0,734666,7061394,7509834,0,1094373,583127,160633,0,0,0,350613,0,5542,4257
2065,25466161,7350425,3240515,0,262183,7163990,7449048,0,859830,463812,117359,0,0,0,278659,0,5473,4183
2066,14929492,3310884,1466274,0,1603763,3951214,4597357,0,352969,220999,0,0,0,0,131970,0,6010,4725
2067,14817329,2370919,1499480,0,67555,3800569,7078806,0,500101,227668,135405,0,0,0,137028,0,3021,1699
2068,19714404,4105703,2165056,0,575152,5485757,7382736,0,380427,191659,73638,0,0,0,115130,0,3943,2657
2069,13604636,2009391,675452,0,500621,3817272,6601900,0,283794,152745,39639,0,0,0,91410,0,2839,1619
2070,17027232,3023516,1681925,0,352836,4740947,7228008,0,621035,233249,246477,0,0,0,141309,0,3467,2187
2071,141419,91427,30201,0,19791,0,0,0,24512,12384,4817,0,0,0,7311,0,42,16
2072,11300659,1523432,585013,0,239021,2786177,6167016,0,266624,142911,38200,0,0,0,85513,0,2242,1098
2073,23559490,5831007,3016160,0,983929,6273820,7454574,0,986608,458411,251820,0,0,0,276377,0,5016,3727
2074,779360,47328,65566,0,0,217448,449018,0,6958,2758,2753,0,0,0,1447,0,2652,1379
2075,10893770,1765082,749813,0,274783,2860605,5243487,0,288991,167337,21761,0,0,0,99893,0,3023,1764
2076,15280244,2370299,1035212,0,232284,4458649,7183800,0,421070,263326,369,0,0,0,157375,0,3120,1802
2077,26942180,7150633,4284181,0,1076260,6976532,7454574,0,1037854,442330,328120,0,0,0,267404,0,5675,4371
2078,281487,203193,78294,0,0,0,0,0,59613,25057,19551,0,0,0,15005,0,86,32
2079,17625,10816,4163,0,2646,0,0,0,3428,1236,1701,0,0,0,491,0,6,3
2080,7855185,1000856,379394,0,367610,2029137,4078188,0,130655,70326,18412,0,0,0,41917,0,1516,685
2081,23978404,5561517,2264334,0,3074775,6048488,7029290,0,603005,308123,109742,0,0,0,185140,0,5322,4035
2082,17225745,3224191,1874477,0,247625,4679074,7200378,0,534625,179398,246102,0,0,0,109125,0,3449,2171
2083,6427527,661902,545942,0,237232,2064723,2917728,0,46910,20407,14393,0,0,0,12110,0,1207,506
2084,0,0,0,0,0,0,0,0,0,0,0,0,0,0,0,0,0,0
2085,6928,3762,2906,0,260,0,0,0,639,254,249,0,0,0,136,0,2,1
2086,9879411,1079457,666983,0,427601,2411462,5293908,0,180771,78280,55535,0,0,0,46956,0,1908,898
2087,0,0,0,0,0,0,0,0,0,0,0,0,0,0,0,0,0,0
2088,11345208,1952506,898172,0,829779,3173394,4491357,0,256943,160897,83,0,0,0,95963,0,3924,2619
2089,16149438,2463399,1387124,0,208732,4768233,7321950,0,544032,324237,25780,0,0,0,194015,0,3345,2007
2090,15360103,2184224,1184731,0,933965,4277837,6779346,0,381173,225253,21323,0,0,0,134597,0,3321,2042
2091,8695685,1077015,624172,0,61733,2301977,4630788,0,143624,76769,21116,0,0,0,45739,0,1694,756
2092,25511712,6461143,3033182,0,1602777,6943458,7471152,0,1315912,692902,206307,0,0,0,416703,0,5696,4411
2093,13974914,1857029,1229469,0,263119,3585173,7040124,0,409614,227946,45338,0,0,0,136330,0,2824,1568
2094,4825435,610137,517326,0,8844,1811278,1877850,0,166578,79798,38940,0,0,0,47840,0,1008,415
2095,3049517,574560,423236,0,106668,1381401,563652,0,133903,59723,38430,0,0,0,35750,0,634,285
2096,16686,9928,4881,0,1877,0,0,0,1823,477,1141,0,0,0,205,0,5,3
2097,61798,40113,14086,0,7599,0,0,0,12751,3892,6601,0,0,0,2258,0,18,7
2098,0,0,0,0,0,0,0,0,0,0,0,0,0,0,0,0,0,0
2099,0,0,0,0,0,0,0,0,0,0,0,0,0,0,0,0,0,0
