"Year","AFem","AFemDeath","AMal","AMalDeath","Eggs","EggsDeath","FryGrad","FryExit","FryDeath","FryInStr","allMortAF","baseMortAF","tempMortAF","allMortAM","baseMortAM","tempMortAM","InVivo"
2010,7568,7568,7578,6302,23982291,20710864,3271427,1779282,682413,809732,2786,172,2614,2835,213,2622,2448648
2011,7568,7568,7578,6322,32947416,26418830,6528586,3744285,1108693,1675608,200,190,10,236,226,10,7783851
2012,7568,7568,7578,6998,36401582,30486909,5914673,2353945,1507465,2053263,522,182,340,552,209,343,2540600
2013,7568,7568,7578,6322,33070016,26179053,6890963,4064258,1240245,1586460,190,190,0,226,226,0,7716861
2014,7568,7568,7578,6320,25497873,20986223,4511650,2498570,777359,1235721,191,190,1,227,226,1,15300943
2015,7568,7568,7578,6266,40815036,33950275,6864761,3572776,1156264,2135721,182,182,0,226,226,0,0
2016,7568,7568,7578,6272,7967118,7245666,721452,495780,137458,88214,183,183,0,227,227,0,32921224
2017,7568,7568,7578,6993,40810989,33849003,6961986,2815544,1378566,2767876,182,182,0,213,213,0,4047
2018,7568,7568,7578,6323,29385373,23861451,5523922,2768925,917807,1837190,815,193,622,849,227,622,7949109
2019,7568,7568,7578,6288,40820562,35733139,5087423,2018906,908220,2160297,181,181,0,227,227,0,0
2020,7568,7568,7578,6313,40317696,37220280,3097416,1429307,547371,1120738,272,192,80,308,229,79,0
2021,7568,7568,7578,6317,26881720,22507838,4373882,2557867,764903,1051112,189,189,0,226,226,0,13926380
2022,7568,7568,7578,6268,25230834,20389640,4841194,3306863,879134,655197,183,183,0,227,227,0,15612027
2023,7568,7568,7578,6310,40798458,37800188,2998270,1599149,586101,813020,185,185,0,226,226,0,0
2024,7568,7568,7578,6267,31619881,31460842,159039,60156,34212,64671,186,184,2,230,228,2,9191280
2025,7568,7568,7578,6285,35320800,30325921,4994879,3115979,944645,934255,181,181,0,228,228,0,5510718
2026,7568,7568,7578,6267,24980820,20733229,4247591,1933420,772675,1541496,262,183,79,304,226,78,15429391
2027,7568,7568,7578,6287,30393000,26642742,3750258,965197,761998,2023063,2068,178,1890,2117,221,1896,0
2028,7568,7568,7578,7569,71838,46986,24852,685,5365,18802,7555,22,7533,7564,25,7539,0
2029,7568,7568,7578,6327,21534822,18947254,2587568,691988,506017,1389563,3671,149,3522,3719,191,3528,0
2030,7568,7568,7578,6267,28294741,22815558,5479183,2775323,1030500,1673360,182,182,0,226,226,0,12548901
2031,7568,7568,7578,6286,40818204,32783781,8034423,4309905,1813459,1911059,181,181,0,227,227,0,2358
2032,7568,7568,7578,6275,35665244,28449699,7215545,4347825,1254671,1613049,615,194,421,658,238,420,2761104
2033,7568,7568,7578,6312,40798458,33211347,7587111,3851042,1673789,2062280,185,185,0,226,226,0,0
2034,7568,7568,7578,6527,19341000,16640532,2700468,1063625,559926,1076917,4068,135,3933,4088,152,3936,0
2035,7568,7568,7578,6280,40748858,32300468,8448390,4309153,1671880,2467357,183,183,0,227,227,0,60652
2036,7568,7568,7578,6323,40477950,34475030,6002920,2539370,1005486,2458064,243,196,47,279,232,47,0
2037,7568,7568,7578,6309,18346961,16310373,2036588,585409,412085,1039094,3049,161,2888,3096,203,2893,6643944
2038,7568,7568,7578,6310,40693464,32278054,8415410,4385308,1517144,2512958,204,189,15,244,229,15,0
2039,7568,7568,7578,6290,40301118,31107519,9193599,5273705,1718545,2201349,275,195,80,318,238,80,0
2040,7568,7568,7578,6332,22879708,19621554,3258154,1258259,741400,1258495,1673,190,1483,1713,228,1485,9717764
2041,7568,7568,7578,6316,30321162,26484916,3836246,1423780,843678,1568788,2081,195,1886,2122,233,1889,0
2042,7568,7568,7578,7486,878634,517637,360997,48875,81327,230795,7409,15,7394,7419,16,7403,0
2043,7568,7568,7578,6386,22186890,18868702,3318188,1220192,863659,1234337,3553,166,3387,3600,209,3391,0
2044,7568,7568,7578,7437,1250606,1007644,242962,7220,66524,169218,7321,38,7283,7332,41,7291,114316
2045,7568,7568,7578,7578,0,0,0,0,0,0,7568,23,7545,7578,27,7551,0
2046,7568,7568,7578,7172,3978720,3783886,194834,1451,45728,147655,6848,73,6775,6877,99,6778,0
2047,7568,7568,7578,7398,1718586,1404771,313815,7594,80590,225631,7257,87,7170,7262,88,7174,0
2048,7568,7568,7578,6327,32440300,28029002,4411298,2119635,948893,1342770,1688,192,1496,1727,227,1500,52580
2049,7568,7568,7578,6323,40337275,33802135,6535140,3276775,1159277,2099088,268,200,68,303,235,68,2525
2050,7568,7568,7578,6321,38912413,34438642,4473771,2762278,878818,832675,204,178,26,242,216,26,1782278
2051,7568,7568,7578,6326,39328542,33020888,6307654,3271930,1226454,1809270,451,197,254,487,232,255,0
2052,7568,7568,7578,6322,40483476,32697315,7786161,4763955,1352331,1669875,242,199,43,276,234,42,0
2053,7568,7568,7578,6308,34609338,29021065,5588273,2298538,1069645,2220090,1305,189,1116,1347,230,1117,0
2054,7568,7568,7578,7576,16578,9712,6866,273,836,5757,7565,42,7523,7575,43,7532,0
2055,7568,7568,7578,6305,33650872,28873425,4777447,2768132,925225,1084090,187,185,2,230,228,2,7149470
2056,7568,7568,7578,6322,31054073,25392718,5661355,2542163,1345401,1773791,190,190,0,226,226,0,9738513
2057,7568,7568,7578,6303,20026567,17328978,2697589,959473,802894,935222,2379,175,2204,2424,215,2209,8671287
2058,7568,7568,7578,7297,2597220,2366682,230538,689,43129,186720,7098,53,7045,7098,44,7054,0
2059,7568,7568,7578,7578,0,0,0,0,0,0,7568,49,7519,7578,58,7520,0
2060,7568,7568,7578,7578,0,0,0,0,0,0,7568,5,7563,7578,8,7570,0
2061,7568,7568,7578,7578,0,0,0,0,0,0,7568,6,7562,7578,0,7578,0
2062,7568,7568,7578,7578,0,0,0,0,0,0,7568,25,7543,7578,29,7549,0
2063,7568,7568,7578,7548,668646,440355,228291,18049,52548,157694,7447,32,7415,7463,35,7428,0
2064,7568,7568,7578,7555,154220,148437,5783,1862,1399,2522,7530,53,7477,7541,60,7481,55768
2065,7568,7568,7578,6326,28204472,23638397,4566075,2186318,958377,1421380,948,196,752,984,231,753,8396815
2066,7568,7568,7578,7578,0,0,0,0,0,0,7568,17,7551,7578,23,7555,0
2067,7568,7568,7578,6271,40792932,33628418,7164514,3696411,1794209,1673894,186,184,2,230,228,2,0
2068,7568,7568,7578,7578,0,0,0,0,0,0,7568,17,7551,7578,19,7559,0
2069,7568,7568,7578,7578,0,0,0,0,0,0,7568,0,7568,7578,1,7577,0
2070,7568,7568,7578,7578,0,0,0,0,0,0,7568,16,7552,7578,21,7557,0
2071,7568,7568,7578,7486,566172,401002,165170,9252,59314,96604,7417,49,7368,7428,50,7378,268254
2072,7568,7568,7578,7578,0,0,0,0,0,0,7568,11,7557,7578,15,7563,0
2073,7568,7568,7578,7320,5912112,5263501,648611,160726,187218,300667,6403,82,6321,6423,96,6327,527813
2074,7568,7568,7578,7484,889686,527201,362485,102563,125260,134662,7407,47,7360,7416,51,7365,0
2075,7568,7568,7578,7571,61464,37842,23622,5362,6915,11345,7544,47,7497,7553,49,7504,71160
2076,7568,7568,7578,6830,3808735,3466208,342527,87547,109508,145472,6012,107,5905,6036,120,5916,4810994
2077,7568,7568,7578,6499,4361928,3838675,523253,203010,130857,189386,4867,123,4744,4897,145,4752,10601728
2078,7568,7568,7578,7003,6166893,5829148,337745,36543,77901,223301,2332,182,2150,2364,210,2154,30626865
2079,7568,7568,7578,7162,5558895,4983005,575890,290345,180419,105126,5608,95,5513,5628,103,5525,5287618
2080,7568,7568,7578,6942,7067754,6399093,668661,41260,225188,402213,6289,101,6188,6315,116,6199,0
2081,7568,7568,7578,7578,0,0,0,0,0,0,7568,5,7563,7578,9,7569,0
2082,7568,7568,7578,7578,0,0,0,0,0,0,7568,40,7528,7578,46,7532,0
2083,7568,7568,7578,7576,16578,12837,3741,645,686,2410,7565,24,7541,7575,29,7546,0
2084,7568,7568,7578,6345,17793740,14696019,3097721,1811960,610187,675574,1971,190,1781,2008,228,1780,13167985
2085,7568,7568,7578,6996,5601260,5003436,597824,79013,212930,305881,6297,137,6160,6324,160,6164,1427686
2086,7568,7568,7578,7578,0,0,0,0,0,0,7568,1,7567,7578,3,7575,0
2087,7568,7568,7578,7578,0,0,0,0,0,0,7568,22,7546,7578,28,7550,0
2088,7568,7568,7578,7237,3376386,2809065,567321,143313,205857,218151,6957,90,6867,6971,99,6872,0
2089,7568,7568,7578,7578,0,0,0,0,0,0,7568,33,7535,7578,36,7542,0
2090,7568,7568,7578,7578,0,0,0,0,0,0,7568,22,7546,7578,24,7554,0
2091,7568,7568,7578,6398,14080676,12443471,1637205,492929,471326,672950,4593,138,4455,4631,174,4457,2367910
2092,7568,7568,7578,7079,3844928,3363503,481425,162087,137199,182139,6562,62,6500,6594,86,6508,1720896
2093,7568,7568,7578,6676,6373620,5552435,821185,380334,235524,205327,5386,139,5247,5415,163,5252,5704408
2094,7568,7568,7578,7578,0,0,0,0,0,0,7568,34,7534,7578,39,7539,0
2095,7568,7568,7578,7578,0,0,0,0,0,0,7568,25,7543,7578,30,7548,0
2096,7568,7568,7578,7578,0,0,0,0,0,0,7568,8,7560,7578,12,7566,0
2097,7568,7568,7578,7578,0,0,0,0,0,0,7568,35,7533,7578,40,7538,0
2098,7568,7568,7578,7578,0,0,0,0,0,0,7568,21,7547,7578,24,7554,0
2099,7568,4799,7578,4769,642176,165338,0,0,0,0,4682,124,4558,4700,142,4558,12069942
