"Year","AFem","AFemDeath","AMal","AMalDeath","Eggs","EggsDeath","FryGrad","FryExit","FryDeath","FryInStr","allMortAF","baseMortAF","tempMortAF","allMortAM","baseMortAM","tempMortAM","InVivo","Year","allMortEgg","baseMortEgg","tempMortEgg","denMortEgg","incMortEgg","superMortEgg","lostMortEgg","catMortEgg","allMortFry","baseMortFry","tempMortFry","denMortFry","habMortFry","freshMortFry","seasMortFry","catMortFry","allMortSF","allMortSM"
2010,7568,7568,7578,6302,23982291,20710864,3271427,1779282,682413,809732,2786,172,2614,2835,213,2622,2448648,2010,20710864,3952184,2908007,0,2147836,4956185,6746652,0,682413,387613,62405,0,0,0,232395,0,4782,3467
2011,7568,7568,7578,6322,32947416,26418830,6528586,3744285,1108693,1675608,200,190,10,236,226,10,7783851,2011,26418830,8254991,2712551,0,2712887,6364212,6374189,0,1108693,693460,0,0,0,0,415233,0,7368,6086
2012,7568,7568,7578,6998,36401582,30486909,5914673,2353945,1507465,2053263,522,182,340,552,209,343,2540600,2012,30486909,9400487,5809952,0,2795816,5841806,6638848,0,1507465,559405,608193,0,0,0,339867,0,7046,6446
2013,7568,7568,7578,6322,33070016,26179053,6890963,4064258,1240245,1586460,190,190,0,226,226,0,7716861,2013,26179053,8565517,3610726,0,1589369,6037234,6376207,0,1240245,728893,74206,0,0,0,437146,0,7378,6096
2014,7568,7568,7578,6320,25497873,20986223,4511650,2498570,777359,1235721,191,190,1,227,226,1,15300943,2014,20986223,6683557,2248468,0,2156815,4868665,5028718,0,777359,480845,8791,0,0,0,287723,0,7377,6093
2015,7568,7568,7578,6266,40815036,33950275,6864761,3572776,1156264,2135721,182,182,0,226,226,0,0,2015,33950275,10429230,4115264,0,5433879,6826784,7145118,0,1156264,712073,17678,0,0,0,426513,0,7386,6040
2016,7568,7568,7578,6272,7967118,7245666,721452,495780,137458,88214,183,183,0,227,227,0,32921224,2016,7245666,1558873,993140,0,1721896,1387055,1584702,0,137458,81340,8224,0,0,0,47894,0,7385,6045
2017,7568,7568,7578,6993,40810989,33849003,6961986,2815544,1378566,2767876,182,182,0,213,213,0,4047,2017,33849003,11461557,6171002,0,1113284,7648586,7454574,0,1378566,613064,395165,0,0,0,370337,0,7386,6780
2018,7568,7568,7578,6323,29385373,23861451,5523922,2768925,917807,1837190,815,193,622,849,227,622,7949109,2018,23861451,7484850,2621678,0,1916601,5707753,6130569,0,917807,573245,1295,0,0,0,343267,0,6753,5474
2019,7568,7568,7578,6288,40820562,35733139,5087423,2018906,908220,2160297,181,181,0,227,227,0,0,2019,35733139,10470698,7159337,0,4617660,6478476,7006968,0,908220,461637,169133,0,0,0,277450,0,7387,6061
2020,7568,7568,7578,6313,40317696,37220280,3097416,1429307,547371,1120738,272,192,80,308,229,79,0,2020,37220280,8598649,3423759,0,10167522,7559198,7471152,0,547371,320534,34957,0,0,0,191880,0,7296,6005
2021,7568,7568,7578,6317,26881720,22507838,4373882,2557867,764903,1051112,189,189,0,226,226,0,13926380,2021,22507838,5850469,4618176,0,3100823,4538490,4399880,0,764903,447348,49575,0,0,0,267980,0,7379,6091
2022,7568,7568,7578,6268,25230834,20389640,4841194,3306863,879134,655197,183,183,0,227,227,0,15612027,2022,20389640,5299470,2100490,0,3545885,4482318,4961477,0,879134,542671,11637,0,0,0,324826,0,7385,6041
2023,7568,7568,7578,6310,40798458,37800188,2998270,1599149,586101,813020,185,185,0,226,226,0,0,2023,37800188,9750187,3890812,0,9884010,7041645,7233534,0,586101,327401,62512,0,0,0,196188,0,7383,6084
2024,7568,7568,7578,6267,31619881,31460842,159039,60156,34212,64671,186,184,2,230,228,2,9191280,2024,31460842,4896457,2329279,0,12413793,5807844,6013469,0,34212,20106,2805,0,0,0,11301,0,7382,6037
2025,7568,7568,7578,6285,35320800,30325921,4994879,3115979,944645,934255,181,181,0,228,228,0,5510718,2025,30325921,7181375,4492682,0,6730841,5550499,6370524,0,944645,557061,53800,0,0,0,333784,0,7387,6057
2026,7568,7568,7578,6267,24980820,20733229,4247591,1933420,772675,1541496,262,183,79,304,226,78,15429391,2026,20733229,6743902,3584668,0,1087869,4632108,4684682,0,772675,422770,96373,0,0,0,253532,0,7306,5963
2027,7568,7568,7578,6287,30393000,26642742,3750258,965197,761998,2023063,2068,178,1890,2117,221,1896,0,2027,26642742,7621444,4888073,0,365168,6473737,7294320,0,761998,310154,264076,0,0,0,187768,0,5500,4170
2028,7568,7568,7578,7569,71838,46986,24852,685,5365,18802,7555,22,7533,7564,25,7539,0,2028,46986,31882,10095,0,5009,0,0,0,5365,2621,1342,0,0,0,1402,0,13,5
2029,7568,7568,7578,6327,21534822,18947254,2587568,691988,506017,1389563,3671,149,3522,3719,191,3528,0,2029,18947254,4321455,1439336,0,1358002,4915435,6913026,0,506017,267415,78203,0,0,0,160399,0,3897,2608
2030,7568,7568,7578,6267,28294741,22815558,5479183,2775323,1030500,1673360,182,182,0,226,226,0,12548901,2030,22815558,7378473,3814977,0,1898115,4615261,5108732,0,1030500,544764,158445,0,0,0,327291,0,7386,6041
2031,7568,7568,7578,6286,40818204,32783781,8034423,4309905,1813459,1911059,181,181,0,227,227,0,2358,2031,32783781,10156624,5538432,0,1721460,7697177,7670088,0,1813459,815664,505209,0,0,0,492586,0,7387,6059
2032,7568,7568,7578,6275,35665244,28449699,7215545,4347825,1254671,1613049,615,194,421,658,238,420,2761104,2032,28449699,8773363,3230749,0,2548317,6539615,7357655,0,1254671,774932,15410,0,0,0,464329,0,6953,5617
2033,7568,7568,7578,6312,40798458,33211347,7587111,3851042,1673789,2062280,185,185,0,226,226,0,0,2033,33211347,10569157,6358662,0,2110292,6867864,7305372,0,1673789,743302,481633,0,0,0,448854,0,7383,6086
2034,7568,7568,7578,6527,19341000,16640532,2700468,1063625,559926,1076917,4068,135,3933,4088,152,3936,0,2034,16640532,3635476,1895723,0,1620092,3935611,5553630,0,559926,318141,51303,0,0,0,190482,0,3500,2439
2035,7568,7568,7578,6280,40748858,32300468,8448390,4309153,1671880,2467357,183,183,0,227,227,0,60652,2035,32300468,10819948,4488962,0,2920183,6876523,7194852,0,1671880,836103,332317,0,0,0,503460,0,7385,6053
2036,7568,7568,7578,6323,40477950,34475030,6002920,2539370,1005486,2458064,243,196,47,279,232,47,0,2036,34475030,10022693,8262099,0,1227057,7375983,7587198,0,1005486,538107,143991,0,0,0,323388,0,7325,6044
2037,7568,7568,7578,6309,18346961,16310373,2036588,585409,412085,1039094,3049,161,2888,3096,203,2893,6643944,2037,16310373,3532839,1596360,0,1017166,4484135,5679873,0,412085,204669,84673,0,0,0,122743,0,4519,3213
2038,7568,7568,7578,6310,40693464,32278054,8415410,4385308,1517144,2512958,204,189,15,244,229,15,0,2038,32278054,10733340,4460594,0,2048975,7503207,7531938,0,1517144,841210,170640,0,0,0,505294,0,7364,6066
2039,7568,7568,7578,6290,40301118,31107519,9193599,5273705,1718545,2201349,275,195,80,318,238,80,0,2039,31107519,11340192,3254204,0,1553817,7499206,7460100,0,1718545,959463,182693,0,0,0,576389,0,7293,5972
2040,7568,7568,7578,6332,22879708,19621554,3258154,1258259,741400,1258495,1673,190,1483,1713,228,1485,9717764,2040,19621554,5069644,3190692,0,1154642,4690287,5516289,0,741400,314394,237139,0,0,0,189867,0,5895,4619
2041,7568,7568,7578,6316,30321162,26484916,3836246,1423780,843678,1568788,2081,195,1886,2122,233,1889,0,2041,26484916,6399061,3206600,0,2173653,6797896,7907706,0,843678,370660,249415,0,0,0,223603,0,5487,4194
2042,7568,7568,7578,7486,878634,517637,360997,48875,81327,230795,7409,15,7394,7419,16,7403,0,2042,517637,378430,119715,0,4101,15391,0,0,81327,47863,5397,0,0,0,28067,0,159,67
2043,7568,7568,7578,6386,22186890,18868702,3318188,1220192,863659,1234337,3553,166,3387,3600,209,3391,0,2043,18868702,4318983,1594415,0,1171186,4843462,6940656,0,863659,373998,263834,0,0,0,225827,0,4015,2786
2044,7568,7568,7578,7437,1250606,1007644,242962,7220,66524,169218,7321,38,7283,7332,41,7291,114316,2044,1007644,366249,180043,0,122219,339133,0,0,66524,26613,24179,0,0,0,15732,0,247,105
2045,7568,7568,7578,7578,0,0,0,0,0,0,7568,23,7545,7578,27,7551,0,2045,0,0,0,0,0,0,0,0,0,0,0,0,0,0,0,0,0,0
2046,7568,7568,7578,7172,3978720,3783886,194834,1451,45728,147655,6848,73,6775,6877,99,6778,0,2046,3783886,411221,426428,0,171048,1310799,1464390,0,45728,18126,16908,0,0,0,10694,0,720,295
2047,7568,7568,7578,7398,1718586,1404771,313815,7594,80590,225631,7257,87,7170,7262,88,7174,0,2047,1404771,473243,289572,0,68758,501360,71838,0,80590,34609,25431,0,0,0,20550,0,311,136
2048,7568,7568,7578,6327,32440300,28029002,4411298,2119635,948893,1342770,1688,192,1496,1727,227,1500,52580,2048,28029002,6240212,3152166,0,3661081,7161779,7813764,0,948893,455861,218458,0,0,0,274574,0,5880,4600
2049,7568,7568,7578,6323,40337275,33802135,6535140,3276775,1159277,2099088,268,200,68,303,235,68,2525,2049,33802135,10284924,3272465,0,4312061,8279175,7653510,0,1159277,655609,110250,0,0,0,393418,0,7300,6020
2050,7568,7568,7578,6321,38912413,34438642,4473771,2762278,878818,832675,204,178,26,242,216,26,1782278,2050,34438642,8209331,5508070,0,7440488,6135897,7144856,0,878818,488195,97832,0,0,0,292791,0,7364,6079
2051,7568,7568,7578,6326,39328542,33020888,6307654,3271930,1226454,1809270,451,197,254,487,232,255,0,2051,33020888,9948713,6019086,0,3607553,6328048,7117488,0,1226454,639047,203247,0,0,0,384160,0,7117,5839
2052,7568,7568,7578,6322,40483476,32697315,7786161,4763955,1352331,1669875,242,199,43,276,234,42,0,2052,32697315,9885124,3740666,0,3901815,7571460,7598250,0,1352331,836473,14607,0,0,0,501251,0,7326,6046
2053,7568,7568,7578,6308,34609338,29021065,5588273,2298538,1069645,2220090,1305,189,1116,1347,230,1117,0,2053,29021065,8472663,5443711,0,1810570,6171107,7123014,0,1069645,534475,213461,0,0,0,321709,0,6263,4961
2054,7568,7568,7578,7576,16578,9712,6866,273,836,5757,7565,42,7523,7575,43,7532,0,2054,9712,6937,1548,0,1227,0,0,0,836,605,0,0,0,0,231,0,3,1
2055,7568,7568,7578,6305,33650872,28873425,4777447,2768132,925225,1084090,187,185,2,230,228,2,7149470,2055,28873425,7468986,3651883,0,5218296,6108283,6425977,0,925225,510676,108200,0,0,0,306349,0,7381,6075
2056,7568,7568,7578,6322,31054073,25392718,5661355,2542163,1345401,1773791,190,190,0,226,226,0,9738513,2056,25392718,8182612,4322190,0,1858026,5340440,5689450,0,1345401,528157,497155,0,0,0,320089,0,7378,6096
2057,7568,7568,7578,6303,20026567,17328978,2697589,959473,802894,935222,2379,175,2204,2424,215,2209,8671287,2057,17328978,4200634,3159296,0,706852,4083286,5178910,0,802894,260001,384537,0,0,0,158356,0,5189,3879
2058,7568,7568,7578,7297,2597220,2366682,230538,689,43129,186720,7098,53,7045,7098,44,7054,0,2058,2366682,473940,377366,0,128272,1066596,320508,0,43129,21789,8501,0,0,0,12839,0,470,199
2059,7568,7568,7578,7578,0,0,0,0,0,0,7568,49,7519,7578,58,7520,0,2059,0,0,0,0,0,0,0,0,0,0,0,0,0,0,0,0,0,0
2060,7568,7568,7578,7578,0,0,0,0,0,0,7568,5,7563,7578,8,7570,0,2060,0,0,0,0,0,0,0,0,0,0,0,0,0,0,0,0,0,0
2061,7568,7568,7578,7578,0,0,0,0,0,0,7568,6,7562,7578,0,7578,0,2061,0,0,0,0,0,0,0,0,0,0,0,0,0,0,0,0,0,0
2062,7568,7568,7578,7578,0,0,0,0,0,0,7568,25,7543,7578,29,7549,0,2062,0,0,0,0,0,0,0,0,0,0,0,0,0,0,0,0,0,0
2063,7568,7568,7578,7548,668646,440355,228291,18049,52548,157694,7447,32,7415,7463,35,7428,0,2063,440355,267919,86135,0,86301,0,0,0,52548,28598,7208,0,0,0,16742,0,121,85
2064,7568,7568,7578,7555,154220,148437,5783,1862,1399,2522,7530,53,7477,7541,60,7481,55768,2064,148437,35977,17272,0,95188,0,0,0,1399,292,969,0,0,0,138,0,38,14
2065,7568,7568,7578,6326,28204472,23638397,4566075,2186318,958377,1421380,948,196,752,984,231,753,8396815,2065,23638397,6342359,4599858,0,1551154,5237216,5907810,0,958377,449706,237705,0,0,0,270966,0,6620,5342
2066,7568,7568,7578,7578,0,0,0,0,0,0,7568,17,7551,7578,23,7555,0,2066,0,0,0,0,0,0,0,0,0,0,0,0,0,0,0,0,0,0
2067,7568,7568,7578,6271,40792932,33628418,7164514,3696411,1794209,1673894,186,184,2,230,228,2,0,2067,33628418,9785969,5056513,0,2812253,8275965,7697718,0,1794209,705010,661899,0,0,0,427300,0,7382,6041
2068,7568,7568,7578,7578,0,0,0,0,0,0,7568,17,7551,7578,19,7559,0,2068,0,0,0,0,0,0,0,0,0,0,0,0,0,0,0,0,0,0
2069,7568,7568,7578,7578,0,0,0,0,0,0,7568,0,7568,7578,1,7577,0,2069,0,0,0,0,0,0,0,0,0,0,0,0,0,0,0,0,0,0
2070,7568,7568,7578,7578,0,0,0,0,0,0,7568,16,7552,7578,21,7557,0,2070,0,0,0,0,0,0,0,0,0,0,0,0,0,0,0,0,0,0
2071,7568,7568,7578,7486,566172,401002,165170,9252,59314,96604,7417,49,7368,7428,50,7378,268254,2071,401002,203952,142889,0,20448,33713,0,0,59314,19583,27928,0,0,0,11803,0,151,58
2072,7568,7568,7578,7578,0,0,0,0,0,0,7568,11,7557,7578,15,7563,0,2072,0,0,0,0,0,0,0,0,0,0,0,0,0,0,0,0,0,0
2073,7568,7568,7578,7320,5912112,5263501,648611,160726,187218,300667,6403,82,6321,6423,96,6327,527813,2073,5263501,817889,897483,0,366414,1657114,1524601,0,187218,87658,47164,0,0,0,52396,0,1165,897
2074,7568,7568,7578,7484,889686,527201,362485,102563,125260,134662,7407,47,7360,7416,51,7365,0,2074,527201,314307,147797,0,48852,16245,0,0,125260,52383,41638,0,0,0,31239,0,161,68
2075,7568,7568,7578,7571,61464,37842,23622,5362,6915,11345,7544,47,7497,7553,49,7504,71160,2075,37842,21611,11386,0,4845,0,0,0,6915,2758,3022,0,0,0,1135,0,24,18
2076,7568,7568,7578,6830,3808735,3466208,342527,87547,109508,145472,6012,107,5905,6036,120,5916,4810994,2076,3466208,463266,279037,0,279966,986557,1457382,0,109508,46172,36104,0,0,0,27232,0,1556,794
2077,7568,7568,7578,6499,4361928,3838675,523253,203010,130857,189386,4867,123,4744,4897,145,4752,10601728,2077,3838675,579586,408566,0,272711,938394,1639418,0,130857,70488,18735,0,0,0,41634,0,2701,1602
2078,7568,7568,7578,7003,6166893,5829148,337745,36543,77901,223301,2332,182,2150,2364,210,2154,30626865,2078,5829148,537327,442784,0,136149,1580987,3131901,0,77901,36373,20381,0,0,0,21147,0,5236,4639
2079,7568,7568,7578,7162,5558895,4983005,575890,290345,180419,105126,5608,95,5513,5628,103,5525,5287618,2079,4983005,731018,701355,0,401518,1162228,1986886,0,180419,85243,44329,0,0,0,50847,0,1960,1534
2080,7568,7568,7578,6942,7067754,6399093,668661,41260,225188,402213,6289,101,6188,6315,116,6199,0,2080,6399093,1106521,852534,0,253137,1993079,2193822,0,225188,69015,114373,0,0,0,41800,0,1279,627
2081,7568,7568,7578,7578,0,0,0,0,0,0,7568,5,7563,7578,9,7569,0,2081,0,0,0,0,0,0,0,0,0,0,0,0,0,0,0,0,0,0
2082,7568,7568,7578,7578,0,0,0,0,0,0,7568,40,7528,7578,46,7532,0,2082,0,0,0,0,0,0,0,0,0,0,0,0,0,0,0,0,0,0
2083,7568,7568,7578,7576,16578,12837,3741,645,686,2410,7565,24,7541,7575,29,7546,0,2083,12837,6178,1523,0,5136,0,0,0,686,237,340,0,0,0,109,0,3,1
2084,7568,7568,7578,6345,17793740,14696019,3097721,1811960,610187,675574,1971,190,1781,2008,228,1780,13167985,2084,14696019,3345615,2278816,0,1487836,3366154,4217598,0,610187,357862,38144,0,0,0,214181,0,5597,4337
2085,7568,7568,7578,6996,5601260,5003436,597824,79013,212930,305881,6297,137,6160,6324,160,6164,1427686,2085,5003436,938382,952326,0,213239,1498999,1400490,0,212930,62511,112550,0,0,0,37869,0,1271,672
2086,7568,7568,7578,7578,0,0,0,0,0,0,7568,1,7567,7578,3,7575,0,2086,0,0,0,0,0,0,0,0,0,0,0,0,0,0,0,0,0,0
2087,7568,7568,7578,7578,0,0,0,0,0,0,7568,22,7546,7578,28,7550,0,2087,0,0,0,0,0,0,0,0,0,0,0,0,0,0,0,0,0,0
2088,7568,7568,7578,7237,3376386,2809065,567321,143313,205857,218151,6957,90,6867,6971,99,6872,0,2088,2809065,574239,434937,0,31002,1243917,524970,0,205857,79833,77952,0,0,0,48072,0,611,266
2089,7568,7568,7578,7578,0,0,0,0,0,0,7568,33,7535,7578,36,7542,0,2089,0,0,0,0,0,0,0,0,0,0,0,0,0,0,0,0,0,0
2090,7568,7568,7578,7578,0,0,0,0,0,0,7568,22,7546,7578,24,7554,0,2090,0,0,0,0,0,0,0,0,0,0,0,0,0,0,0,0,0,0
2091,7568,7568,7578,6398,14080676,12443471,1637205,492929,471326,672950,4593,138,4455,4631,174,4457,2367910,2091,12443471,2060605,1228350,0,676275,2984531,5493710,0,471326,200049,150765,0,0,0,120512,0,2975,1767
2092,7568,7568,7578,7079,3844928,3363503,481425,162087,137199,182139,6562,62,6500,6594,86,6508,1720896,2092,3363503,546844,437199,0,160491,1229519,989450,0,137199,68537,28001,0,0,0,40661,0,1006,485
2093,7568,7568,7578,6676,6373620,5552435,821185,380334,235524,205327,5386,139,5247,5415,163,5252,5704408,2093,5552435,882244,935046,0,527283,1169364,2038498,0,235524,111486,57408,0,0,0,66630,0,2182,1261
2094,7568,7568,7578,7578,0,0,0,0,0,0,7568,34,7534,7578,39,7539,0,2094,0,0,0,0,0,0,0,0,0,0,0,0,0,0,0,0,0,0
2095,7568,7568,7578,7578,0,0,0,0,0,0,7568,25,7543,7578,30,7548,0,2095,0,0,0,0,0,0,0,0,0,0,0,0,0,0,0,0,0,0
2096,7568,7568,7578,7578,0,0,0,0,0,0,7568,8,7560,7578,12,7566,0,2096,0,0,0,0,0,0,0,0,0,0,0,0,0,0,0,0,0,0
2097,7568,7568,7578,7578,0,0,0,0,0,0,7568,35,7533,7578,40,7538,0,2097,0,0,0,0,0,0,0,0,0,0,0,0,0,0,0,0,0,0
2098,7568,7568,7578,7578,0,0,0,0,0,0,7568,21,7547,7578,24,7554,0,2098,0,0,0,0,0,0,0,0,0,0,0,0,0,0,0,0,0,0
2099,7568,4799,7578,4769,642176,165338,0,0,0,0,4682,124,4558,4700,142,4558,12069942,2099,165338,22894,142098,0,346,0,0,0,0,0,0,0,0,0,0,0,117,69
