"Year","allMortEgg","baseMortEgg","tempMortEgg","denMortEgg","incMortEgg","superMortEgg","lostMortEgg","catMortEgg","allMortFry","baseMortFry","tempMortFry","denMortFry","habMortFry","freshMortFry","seasMortFry","catMortFry","allMortSF","allMortSM"
2010,9803842,1121446,763415,0,358476,2465533,5094972,0,64617,38619,3144,0,0,0,22854,0,1855,866
2011,13523311,1884368,868889,0,274217,3533077,6962760,0,342361,171422,68126,0,0,0,102813,0,2690,1434
2012,24257962,6314726,3301589,0,823246,6352950,7465451,0,1038702,530140,189724,0,0,0,318838,0,5357,4067
2013,8847308,1376721,689067,0,2288,2367430,4411802,0,123300,65833,18349,0,0,0,39118,0,1745,835
2014,12126212,1667124,938160,0,418608,3101084,6001236,0,259744,140754,34890,0,0,0,84100,0,2410,1313
2015,126569,69052,20852,0,36665,0,0,0,17582,10534,868,0,0,0,6180,0,52,19
2016,8578438,1003942,525891,0,318844,2375273,4354488,0,115829,46198,41836,0,0,0,27795,0,1643,752
2017,7277672,778675,608144,0,470895,1750964,3668994,0,58068,35528,1736,0,0,0,20804,0,1631,787
2018,33346575,9481977,6876878,0,1743122,7685030,7559568,0,975363,400022,333254,0,0,0,242087,0,6901,5633
2019,8753046,1317512,437923,0,37123,2036822,4923666,0,319871,111336,141093,0,0,0,67442,0,1759,846
2020,958453,306847,180857,0,125651,345098,0,0,42548,18504,13028,0,0,0,11016,0,206,79
2021,2197852,462793,216411,0,83506,1033028,402114,0,84390,37797,24193,0,0,0,22400,0,547,239
2022,22531028,5463772,1827574,0,1539499,6245609,7454574,0,844019,462926,103145,0,0,0,277948,0,4814,3527
2023,17007541,2886167,1654662,0,1472016,4214294,6780402,0,550066,301817,67510,0,0,0,180739,0,3492,2270
2024,20924761,5155696,2725545,0,836357,5487505,6719658,0,1269388,638991,245991,0,0,0,384406,0,5244,3935
2025,23439953,6473479,2904372,0,490410,6422623,7149069,0,848602,387622,227287,0,0,0,233693,0,5306,4020
2026,19630519,4452665,2102475,0,456366,5230751,7388262,0,982652,342644,431605,0,0,0,208403,0,4139,2863
2027,0,0,0,0,0,0,0,0,0,0,0,0,0,0,0,0,0,0
2028,13350628,2499857,1074709,0,2007906,3287904,4480252,0,231762,115389,47531,0,0,0,68842,0,4200,2955
2029,337865,30144,97615,0,6244,106256,97606,0,1326,739,228,0,0,0,359,0,6347,5061
2030,379323,216047,103286,0,59990,0,0,0,65814,31485,15555,0,0,0,18774,0,107,40
2031,19085533,4514880,1742657,0,221888,5273106,7333002,0,1222219,362364,637971,0,0,0,221884,0,4072,2790
2032,3341,2349,755,0,237,0,0,0,396,142,183,0,0,0,71,0,1,0
2033,11414036,1872369,968586,0,240618,3082763,5249700,0,396040,205761,66902,0,0,0,123377,0,2377,1358
2034,5899739,862438,526477,0,1226,1799061,2710537,0,142260,57355,50563,0,0,0,34342,0,1354,607
2035,4945745,697942,506930,0,51092,1707416,1982365,0,137763,47115,62427,0,0,0,28221,0,1049,440
2036,5972781,898440,484035,0,54444,1511587,3024275,0,224897,114448,42142,0,0,0,68307,0,1565,782
2037,9368512,1669983,1225984,0,481952,2325964,3664629,0,237203,118032,48780,0,0,0,70391,0,3196,2076
2038,429090,150791,65339,0,12141,200819,0,0,30735,14192,8252,0,0,0,8291,0,318,136
2039,19077818,3890747,2909263,0,748940,4394802,7134066,0,492835,236665,114015,0,0,0,142155,0,3866,2600
2040,813622,439619,247813,0,18603,107587,0,0,77812,32771,25544,0,0,0,19497,0,223,109
2041,6267573,731306,505523,0,168965,1916421,2945358,0,107283,45930,33717,0,0,0,27636,0,1213,517
2042,0,0,0,0,0,0,0,0,0,0,0,0,0,0,0,0,0,0
2043,1892328,413488,189857,0,77668,963739,247576,0,72441,42846,4365,0,0,0,25230,0,498,213
2044,17017103,3162125,1727160,0,626129,4362097,7139592,0,659904,225484,297345,0,0,0,137075,0,3449,2149
2045,9657013,1394773,660889,0,0,2357177,5244174,0,330825,143224,101488,0,0,0,86113,0,1955,940
2046,9042548,1209524,445181,0,457579,2371314,4558950,0,337968,143688,107824,0,0,0,86456,0,1825,904
2047,6296,4668,960,0,668,0,0,0,1300,320,834,0,0,0,146,0,2,1
2048,4474152,608023,330792,0,126728,1253040,2155569,0,132495,44350,61586,0,0,0,26559,0,1684,820
2049,4690327,644474,348813,0,97656,1797908,1801476,0,111650,36972,52496,0,0,0,22182,0,916,379
2050,8458071,1010269,330142,0,280346,2283890,4553424,0,180983,98316,24090,0,0,0,58577,0,1669,764
2051,4282446,439314,375138,0,346,1126329,2341319,0,52154,25725,11360,0,0,0,15069,0,1661,701
2052,7426038,1567167,1066149,0,94021,1913166,2785535,0,268733,109245,94040,0,0,0,65448,0,4042,2756
2053,9795745,1445320,653000,0,496479,2393326,4807620,0,255997,146972,21225,0,0,0,87800,0,1974,1016
2054,18162728,3232711,2014110,0,556416,4954651,7404840,0,729396,422087,54359,0,0,0,252950,0,3859,2557
2055,2097052,235675,268127,0,532,503294,1089424,0,60651,35734,4286,0,0,0,20631,0,2374,1212
2056,6163985,727495,625409,0,5919,1937168,2867994,0,152344,66766,45556,0,0,0,40022,0,1214,504
2057,1489387,475802,252752,0,34215,682410,44208,0,163705,76276,41755,0,0,0,45674,0,363,163
2058,8964158,2333571,1575809,0,104914,2137769,2812095,0,556850,232284,184696,0,0,0,139870,0,5024,3763
2059,0,0,0,0,0,0,0,0,0,0,0,0,0,0,0,0,0,0
2060,8197301,1144934,475503,0,141149,2285689,4150026,0,224591,103670,58868,0,0,0,62053,0,1633,765
2061,13607011,3954393,1630916,0,132322,3705542,4183838,0,780231,416088,114272,0,0,0,249871,0,6039,4761
2062,5496417,638887,433631,0,56557,1652951,2714391,0,130418,60112,34527,0,0,0,35779,0,1369,588
2063,7859378,991113,591863,0,29099,2145247,4102056,0,226132,94646,74672,0,0,0,56814,0,1592,714
2064,11690456,1548291,868477,0,1975,3070713,6201000,0,446534,210195,110040,0,0,0,126299,0,2502,1318
2065,37008,25854,7718,0,3436,0,0,0,5311,2503,1540,0,0,0,1268,0,13,4
2066,9592224,1324783,640967,0,210237,2254953,5161284,0,347085,162005,87833,0,0,0,97247,0,1951,955
2067,852139,388871,175834,0,45912,241522,0,0,103106,48079,26372,0,0,0,28655,0,219,85
2068,11685996,1992176,1098793,0,248466,3304498,5042063,0,340719,185548,44170,0,0,0,111001,0,3519,2240
2069,11742716,1453521,637146,0,359017,3142594,6150438,0,414776,209852,79027,0,0,0,125897,0,2388,1245
2070,7646802,1229413,631085,0,1076,2112328,3672900,0,280523,106610,109541,0,0,0,64372,0,1618,785
2071,0,0,0,0,0,0,0,0,0,0,0,0,0,0,0,0,0,0
2072,1393200,256143,196528,0,11614,630497,298418,0,56039,27577,12332,0,0,0,16130,0,688,292
2073,1853339,257298,126675,0,30175,511268,927923,0,67882,29979,20421,0,0,0,17482,0,1846,929
2074,140332,94279,34718,0,11335,0,0,0,33273,11716,14614,0,0,0,6943,0,42,15
2075,1918292,240260,122895,0,156720,690178,708239,0,27451,17038,743,0,0,0,9670,0,1071,462
2076,137658,12788,76406,0,786,47678,0,0,628,467,1,0,0,0,160,0,3770,2479
2077,419650,254461,141795,0,0,23394,0,0,98296,40336,33840,0,0,0,24120,0,154,60
2078,793360,332403,232134,0,65123,163700,0,0,117000,46350,42946,0,0,0,27704,0,204,79
2079,0,0,0,0,0,0,0,0,0,0,0,0,0,0,0,0,0,0
2080,8265773,1025153,764919,0,339597,2201592,3934512,0,274545,96232,120082,0,0,0,58231,0,1631,785
2081,111804,59034,39224,0,13546,0,0,0,11979,5175,3812,0,0,0,2992,0,38,14
2082,15386476,2858133,1491776,0,1101325,4090864,5844378,0,576352,246366,181525,0,0,0,148461,0,4075,2798
2083,0,0,0,0,0,0,0,0,0,0,0,0,0,0,0,0,0,0
2084,21728461,4746295,3735517,0,363379,5472904,7410366,0,729614,275063,287698,0,0,0,166853,0,4444,3158
2085,0,0,0,0,0,0,0,0,0,0,0,0,0,0,0,0,0,0
2086,0,0,0,0,0,0,0,0,0,0,0,0,0,0,0,0,0,0
2087,0,0,0,0,0,0,0,0,0,0,0,0,0,0,0,0,0,0
2088,7065120,804136,653281,0,140511,1729447,3737745,0,132602,37509,72402,0,0,0,22691,0,1777,767
2089,0,0,0,0,0,0,0,0,0,0,0,0,0,0,0,0,0,0
2090,778771,111650,78712,0,26952,284817,276640,0,27981,13061,7645,0,0,0,7275,0,1255,622
2091,3062576,355931,251253,0,0,960106,1495286,0,88470,40612,23857,0,0,0,24001,0,1297,546
2092,948523,393782,154773,0,2953,397015,0,0,155117,65737,49944,0,0,0,39436,0,252,96
2093,7658,2122,5536,0,0,0,0,0,316,214,0,0,0,0,102,0,195,76
2094,8124025,1183223,1000479,0,281179,2092368,3566776,0,323975,154473,76978,0,0,0,92524,0,3388,2585
2095,880177,119958,137803,0,396,235100,386920,0,21488,8553,8328,0,0,0,4607,0,2782,1526
2096,0,0,0,0,0,0,0,0,0,0,0,0,0,0,0,0,0,0
2097,6839649,976152,593526,0,1040,1594315,3674616,0,135885,56416,45828,0,0,0,33641,0,2060,999
2098,1554854,454437,170813,0,10424,841816,77364,0,122454,62869,22076,0,0,0,37509,0,361,142
2099,99962,27578,72384,0,0,0,0,0,0,0,0,0,0,0,0,0,129,76
