"Year","allMortEgg","baseMortEgg","tempMortEgg","denMortEgg","incMortEgg","superMortEgg","lostMortEgg","catMortEgg","allMortFry","baseMortFry","tempMortFry","denMortFry","habMortFry","freshMortFry","seasMortFry","catMortFry","allMortSF","allMortSM"
2010,27705733,7318686,4135596,0,2149013,6697598,7404840,0,930652,517184,103086,0,0,0,310382,0,5943,4664
2011,22743872,5592280,3098262,0,335720,6030944,7686666,0,420852,222395,64935,0,0,0,133522,0,4620,3342
2012,29237158,7806593,3468039,0,4349262,6434990,7178274,0,1188114,718836,38404,0,0,0,430874,0,6460,5177
2013,33200803,11240981,5429434,0,1162410,7813936,7554042,0,1484914,661806,423372,0,0,0,399736,0,7377,6095
2014,11991795,1692447,1320567,0,529890,2867631,5581260,0,144027,89607,1137,0,0,0,53283,0,2334,1288
2015,35083303,11401921,6536838,0,894150,8547150,7703244,0,961722,444943,248341,0,0,0,268438,0,7378,6096
2016,14502375,2401515,1427367,0,895052,3732997,6045444,0,349760,192236,42468,0,0,0,115056,0,2934,1820
2017,0,0,0,0,0,0,0,0,0,0,0,0,0,0,0,0,0,0
2018,35308262,10318676,7708173,0,3488117,6648178,7145118,0,827529,494198,37240,0,0,0,296091,0,7374,6093
2019,17434818,5101390,3610752,0,744758,3734333,4243585,0,481683,296829,7673,0,0,0,177181,0,7387,6792
2020,34013775,11364614,6728886,0,966539,7394168,7559568,0,1251908,627793,246335,0,0,0,377780,0,7386,6041
2021,26429131,6668915,5080141,0,1633095,5912914,7134066,0,1253979,688888,151210,0,0,0,413881,0,5901,4612
2022,32052962,9070004,6164960,0,2800619,6651221,7366158,0,951170,582982,18918,0,0,0,349270,0,6804,5523
2023,34213800,10861139,5965652,0,2669936,7317759,7399314,0,1063298,618696,73558,0,0,0,371044,0,7362,6071
2024,32815625,11042941,5577792,0,1096599,7593985,7504308,0,1242169,774451,3732,0,0,0,463986,0,7383,6072
2025,30686014,9604054,4850733,0,1295685,7561220,7374322,0,1398051,597893,438587,0,0,0,361571,0,7376,6094
2026,10276368,1611340,839678,0,577575,2594883,4652892,0,257790,143890,28041,0,0,0,85859,0,2073,1122
2027,33463128,10266890,5607102,0,3319556,6942104,7327476,0,1317006,750690,115793,0,0,0,450523,0,7378,6090
2028,31395766,5422416,2369436,0,9708581,6578909,7316424,0,155107,92584,7695,0,0,0,54828,0,5818,4538
2029,33524396,10139572,6208525,0,2270924,7423171,7482204,0,1464517,688194,361351,0,0,0,414972,0,7315,6027
2030,9118838,1451362,1455541,0,729358,2376965,3105612,0,248543,114392,65598,0,0,0,68553,0,1826,988
2031,30841546,10948232,3402696,0,912001,7936159,7642458,0,1383771,755574,174176,0,0,0,454021,0,6993,5711
2032,34078768,9086206,2648258,0,5931270,8831362,7581672,0,1526879,704956,396759,0,0,0,425164,0,7382,6076
2033,32408133,9608880,4409827,0,3506565,7417235,7465626,0,1377796,801080,95990,0,0,0,480726,0,7209,5867
2034,34290613,10691441,4205715,0,5143910,7043643,7205904,0,1111735,672000,36942,0,0,0,402793,0,7378,6096
2035,30976434,11290016,4457980,0,600688,7145546,7482204,0,1774700,975973,212174,0,0,0,586553,0,7382,6083
2036,24950624,7129690,2422258,0,1796563,6318845,7283268,0,956324,549837,76651,0,0,0,329836,0,5417,4143
2037,33577428,10444437,5723388,0,4001527,6583466,6824610,0,1173994,677938,89291,0,0,0,406765,0,7333,6052
2038,26153474,6863787,3947028,0,2541666,6168881,6632112,0,520830,290673,55715,0,0,0,174442,0,6196,4915
2039,19563504,3991420,3579241,0,831041,4276406,6885396,0,595369,336953,56538,0,0,0,201878,0,4091,2859
2040,33567077,9837879,5444884,0,4641057,6564451,7078806,0,1314356,699452,194406,0,0,0,420498,0,7345,6062
2041,28186723,6877585,5643817,0,3557496,5371631,6736194,0,822428,514467,0,0,0,0,307961,0,5961,4690
2042,30038666,8420736,6155621,0,3626754,5922695,5912860,0,1155401,564939,250380,0,0,0,340082,0,7385,6061
2043,16652594,3286503,1740341,0,919745,4264375,6441630,0,500938,279749,53715,0,0,0,167474,0,3859,2620
2044,33849643,10459128,6145210,0,3987595,6250742,7006968,0,1260430,705418,131565,0,0,0,423447,0,7383,6079
2045,32283749,8469019,6698895,0,3176519,6832880,7106436,0,1520915,906836,70169,0,0,0,543910,0,7362,6080
2046,32569946,8608900,7331753,0,3299920,6582127,6747246,0,1689027,846769,332353,0,0,0,509905,0,7386,6041
2047,6250,3992,1314,0,944,0,0,0,479,248,99,0,0,0,132,0,2,0
2048,30771298,9774363,5414683,0,1688396,6684881,7208975,0,1637164,812424,335495,0,0,0,489245,0,7378,6096
2049,35946724,9674820,4070702,0,6844951,7763527,7592724,0,898770,531643,48478,0,0,0,318649,0,7378,6096
2050,27704398,9010205,4772026,0,1930416,5845704,6146047,0,1101184,542699,231753,0,0,0,326732,0,7378,6096
2051,20949875,5841791,2824755,0,2464932,4505352,5313045,0,884640,481478,114179,0,0,0,288983,0,6886,5607
2052,32203252,10505764,4863672,0,2157168,7199970,7476678,0,1473735,846414,119255,0,0,0,508066,0,7318,6039
2053,30499145,8872492,3775753,0,4114966,6661404,7074530,0,974566,609559,0,0,0,0,365007,0,7374,6092
2054,33909267,10350657,5972571,0,3685642,6716597,7183800,0,1323764,709999,187098,0,0,0,426667,0,7387,6057
2055,2387297,383501,230052,0,84463,966609,722672,0,89318,44312,18902,0,0,0,26104,0,940,427
2056,30700590,7449411,5281148,0,4315500,6630985,7023546,0,1019431,557205,127669,0,0,0,334557,0,6496,5211
2057,25379328,7771316,4507138,0,1223761,5794773,6082340,0,1349529,519887,514425,0,0,0,315217,0,7342,6002
2058,0,0,0,0,0,0,0,0,0,0,0,0,0,0,0,0,0,0
2059,0,0,0,0,0,0,0,0,0,0,0,0,0,0,0,0,0,0
2060,12887748,1699389,1305604,0,584553,3120134,6178068,0,330865,141374,104629,0,0,0,84862,0,2549,1448
2061,19132555,3588840,2469240,0,1810638,5046537,6217300,0,432811,176644,149595,0,0,0,106572,0,4784,3505
2062,893791,406772,178949,0,6914,301156,0,0,108486,43351,39208,0,0,0,25927,0,225,89
2063,67003,40512,12698,0,13793,0,0,0,7147,3958,1060,0,0,0,2129,0,18,7
2064,28444405,7428407,4725517,0,3598893,6279000,6412588,0,1004277,407707,349944,0,0,0,246626,0,7359,6015
2065,0,0,0,0,0,0,0,0,0,0,0,0,0,0,0,0,0,0
2066,31576452,10080054,4566434,0,2434809,7062831,7432324,0,1538030,789710,273348,0,0,0,474972,0,7380,6038
2067,5682858,1153275,705296,0,38650,1906797,1878840,0,325298,163340,64022,0,0,0,97936,0,1242,648
2068,1473940,504981,237712,0,149040,582207,0,0,100594,63205,0,0,0,0,37389,0,362,161
2069,33629224,8461703,6799622,0,6582143,5348125,6437631,0,1237682,711203,99882,0,0,0,426597,0,7387,6055
2070,16271613,4058879,2302549,0,1391286,3579583,4939316,0,914670,438487,212100,0,0,0,264083,0,4979,3663
2071,7985939,1200039,946776,0,219097,2069027,3551000,0,162139,73181,45112,0,0,0,43846,0,1641,781
2072,28174861,8685863,4584003,0,992820,6446549,7465626,0,1513151,739855,327444,0,0,0,445852,0,6397,5114
2073,21952624,5694854,2810556,0,651348,5578910,7216956,0,1042280,468274,291316,0,0,0,282690,0,4756,3458
2074,0,0,0,0,0,0,0,0,0,0,0,0,0,0,0,0,0,0
2075,0,0,0,0,0,0,0,0,0,0,0,0,0,0,0,0,0,0
2076,19246582,6706825,2584803,0,476602,4623518,4854834,0,1211399,542039,342194,0,0,0,327166,0,7386,6040
2077,0,0,0,0,0,0,0,0,0,0,0,0,0,0,0,0,0,0
2078,600683,275503,167369,0,81235,76576,0,0,71318,44013,1259,0,0,0,26046,0,163,63
2079,25226763,6293407,3100732,0,3372870,5646196,6813558,0,1181126,599639,220755,0,0,0,360732,0,5529,4222
2080,25680278,6845829,2986768,0,2201199,6313480,7333002,0,1160594,568472,249776,0,0,0,342346,0,5586,4310
2081,11676921,2359464,1260704,0,728044,2982646,4346063,0,432198,228389,66918,0,0,0,136891,0,4224,2909
2082,31493031,10760657,4400031,0,2021047,6956190,7355106,0,1906487,953025,379416,0,0,0,574046,0,7375,6093
2083,7085020,1299940,756024,0,411501,1682574,2934981,0,302143,137207,82828,0,0,0,82108,0,3369,2215
2084,0,0,0,0,0,0,0,0,0,0,0,0,0,0,0,0,0,0
2085,24516044,5859141,5664678,0,1880126,5070459,6041640,0,1048717,520736,214681,0,0,0,313300,0,6461,5177
2086,10213032,1599480,979717,0,398851,2477098,4757886,0,422193,225275,61946,0,0,0,134972,0,2139,1170
2087,10866,8185,2308,0,373,0,0,0,2647,1025,1253,0,0,0,369,0,6,3
2088,0,0,0,0,0,0,0,0,0,0,0,0,0,0,0,0,0,0
2089,20679890,5515974,3391203,0,1935059,4478543,5359111,0,1237636,679094,150816,0,0,0,407726,0,6755,5442
2090,34930,20373,10042,0,4515,0,0,0,3582,1785,1045,0,0,0,752,0,14,8
2091,7733978,1228909,950103,0,510613,1753620,3290733,0,372201,132976,159125,0,0,0,80100,0,3372,2156
2092,0,0,0,0,0,0,0,0,0,0,0,0,0,0,0,0,0,0
2093,0,0,0,0,0,0,0,0,0,0,0,0,0,0,0,0,0,0
2094,0,0,0,0,0,0,0,0,0,0,0,0,0,0,0,0,0,0
2095,0,0,0,0,0,0,0,0,0,0,0,0,0,0,0,0,0,0
2096,0,0,0,0,0,0,0,0,0,0,0,0,0,0,0,0,0,0
2097,0,0,0,0,0,0,0,0,0,0,0,0,0,0,0,0,0,0
2098,0,0,0,0,0,0,0,0,0,0,0,0,0,0,0,0,0,0
2099,0,0,0,0,0,0,0,0,0,0,0,0,0,0,0,0,0,0
