"Year","allMortEgg","baseMortEgg","tempMortEgg","denMortEgg","incMortEgg","superMortEgg","lostMortEgg","catMortEgg","allMortFry","baseMortFry","tempMortFry","denMortFry","habMortFry","freshMortFry","seasMortFry","catMortFry","allMortSF","allMortSM"
2010,22997491,5447038,2323866,0,1953016,6009581,7263990,0,763564,472543,8188,0,0,0,282833,0,5114,3830
2011,23429561,5669723,1875811,0,2190787,6382342,7310898,0,689513,428056,5198,0,0,0,256259,0,4901,3618
2012,21272299,5549041,3982673,0,488102,5178387,6074096,0,916379,435716,218243,0,0,0,262420,0,5676,4379
2013,23813389,6344681,3318158,0,480905,6253753,7415892,0,1352273,392333,719394,0,0,0,240546,0,5060,3776
2014,9740,7070,1372,0,1298,0,0,0,1712,548,941,0,0,0,223,0,3,0
2015,11195058,2050800,859413,0,523030,3059189,4702626,0,244168,135164,28191,0,0,0,80813,0,2234,1290
2016,38682,2891,15324,0,0,20467,0,0,0,0,0,0,0,0,0,0,942,371
2017,32579423,8625465,4177713,0,5293893,7001423,7480929,0,1200341,654500,152745,0,0,0,393096,0,7183,5902
2018,19700634,4456691,3052756,0,1788403,4761324,5641460,0,837740,381841,225717,0,0,0,230182,0,5329,4039
2019,8643357,1206607,554196,0,3666,2314412,4564476,0,284143,120219,91566,0,0,0,72358,0,1740,817
2020,605823,317882,95541,0,90449,101951,0,0,78356,40853,13363,0,0,0,24140,0,164,64
2021,15756606,2946064,1465002,0,96419,4250721,6998400,0,399320,148437,161124,0,0,0,89759,0,3210,1937
2022,8465524,1149309,492727,0,279753,2255559,4288176,0,276061,126330,73770,0,0,0,75961,0,1706,827
2023,17152593,4272087,2471274,0,365630,4401247,5642355,0,528645,311109,31370,0,0,0,186166,0,4747,3485
2024,17607155,3066312,2019992,0,1064153,4466308,6990390,0,280306,122726,83779,0,0,0,73801,0,3427,2174
2025,6516746,1308539,473680,0,128516,1887034,2718977,0,241646,115822,56616,0,0,0,69208,0,4550,3271
2026,26564085,7381718,2383710,0,2115162,7173661,7509834,0,1164243,576844,240010,0,0,0,347389,0,5807,4525
2027,19350935,4697948,1564064,0,165079,5568738,7355106,0,1073073,471983,315844,0,0,0,285246,0,4246,2963
2028,1281879,511223,214294,0,0,556362,0,0,98573,38248,37399,0,0,0,22926,0,296,120
2029,4642716,747558,378692,0,176611,1869939,1469916,0,92171,37678,32023,0,0,0,22470,0,910,409
2030,0,0,0,0,0,0,0,0,0,0,0,0,0,0,0,0,0,0
2031,25023441,7134516,2953433,0,681177,6810793,7443522,0,1202884,685220,106300,0,0,0,411364,0,5658,4374
2032,5520942,819406,413224,0,0,2094490,2193822,0,122129,50895,40687,0,0,0,30547,0,1086,462
2033,983628,326388,230522,0,90410,336308,0,0,72675,41414,6714,0,0,0,24547,0,232,88
2034,14046916,2446956,1395862,0,26493,3834695,6342910,0,575664,226711,211915,0,0,0,137038,0,3311,2030
2035,24627,17165,5778,0,1684,0,0,0,5332,2762,1300,0,0,0,1270,0,8,3
2036,7184717,970455,354445,0,274345,1752640,3832832,0,190449,81037,60930,0,0,0,48482,0,2120,1066
2037,10636992,1995034,814870,0,139969,3117065,4570054,0,354429,189765,50984,0,0,0,113680,0,3598,2321
2038,15319105,2943515,1319517,0,211024,4103329,6741720,0,616557,314017,114044,0,0,0,188496,0,3233,2013
2039,7378510,891268,495444,0,263022,2080570,3648206,0,148679,91022,3582,0,0,0,54075,0,1590,742
2040,21582052,5495187,2201506,0,478015,6002504,7404840,0,1222839,436770,520394,0,0,0,265675,0,4640,3356
2041,14514,9526,3932,0,1056,0,0,0,2136,1399,304,0,0,0,433,0,10,4
2042,12643074,1792225,860732,0,4386,3376156,6609575,0,486167,187399,185481,0,0,0,113287,0,2683,1439
2043,3146434,555252,297596,0,41099,1550685,701802,0,117927,47486,42092,0,0,0,28349,0,641,250
2044,6122,3904,1110,0,1108,0,0,0,569,217,238,0,0,0,114,0,2,0
2045,0,0,0,0,0,0,0,0,0,0,0,0,0,0,0,0,0,0
2046,8164024,1011325,767237,0,385840,1790150,4209472,0,241081,120937,47883,0,0,0,72261,0,1944,979
2047,75882,35571,28695,0,11616,0,0,0,5940,3080,1309,0,0,0,1551,0,109,42
2048,14692150,2173930,1446830,0,67233,3875617,7128540,0,315445,117516,126881,0,0,0,71048,0,2869,1599
2049,0,0,0,0,0,0,0,0,0,0,0,0,0,0,0,0,0,0
2050,0,0,0,0,0,0,0,0,0,0,0,0,0,0,0,0,0,0
2051,7747780,1323352,507974,0,276516,2202766,3437172,0,371943,140243,146967,0,0,0,84733,0,1603,817
2052,703201,236088,111703,0,44612,310798,0,0,65090,33321,12186,0,0,0,19583,0,288,121
2053,13942384,2821781,1077401,0,120615,3628473,6294114,0,597508,312151,98087,0,0,0,187270,0,2979,1824
2054,371820,177258,101159,0,28371,65032,0,0,33004,15200,8817,0,0,0,8987,0,194,74
2055,7577068,810557,457623,0,0,2219648,4089240,0,194430,85992,56727,0,0,0,51711,0,1491,627
2056,5476225,808489,510363,0,231987,1963656,1961730,0,153966,73996,35735,0,0,0,44235,0,1098,504
2057,250955,161667,49003,0,40285,0,0,0,49303,22666,13115,0,0,0,13522,0,75,28
2058,5490,2870,2142,0,478,0,0,0,875,154,643,0,0,0,78,0,2,1
2059,0,0,0,0,0,0,0,0,0,0,0,0,0,0,0,0,0,0
2060,0,0,0,0,0,0,0,0,0,0,0,0,0,0,0,0,0,0
2061,3304040,284107,316311,0,70608,841749,1791265,0,78735,31545,28595,0,0,0,18595,0,1648,711
2062,1099639,376989,168547,0,42946,511157,0,0,82594,42597,14847,0,0,0,25150,0,290,115
2063,657778,385561,139864,0,9348,123005,0,0,113942,54936,26286,0,0,0,32720,0,191,74
2064,11424115,1717878,967150,0,348749,2978890,5411448,0,683835,205029,353510,0,0,0,125296,0,2759,1598
2065,0,0,0,0,0,0,0,0,0,0,0,0,0,0,0,0,0,0
2066,3476,2524,952,0,0,0,0,0,698,214,382,0,0,0,102,0,2,0
2067,3546,2512,958,0,76,0,0,0,471,182,207,0,0,0,82,0,2,1
2068,226127,109106,102112,0,14909,0,0,0,48475,22762,12261,0,0,0,13452,0,138,54
2069,696428,136183,140500,0,8327,319298,92120,0,29601,8806,15657,0,0,0,5138,0,533,223
2070,0,0,0,0,0,0,0,0,0,0,0,0,0,0,0,0,0,0
2071,1686,1074,612,0,0,0,0,0,187,62,95,0,0,0,30,0,2,0
2072,0,0,0,0,0,0,0,0,0,0,0,0,0,0,0,0,0,0
2073,0,0,0,0,0,0,0,0,0,0,0,0,0,0,0,0,0,0
2074,0,0,0,0,0,0,0,0,0,0,0,0,0,0,0,0,0,0
2075,0,0,0,0,0,0,0,0,0,0,0,0,0,0,0,0,0,0
2076,0,0,0,0,0,0,0,0,0,0,0,0,0,0,0,0,0,0
2077,0,0,0,0,0,0,0,0,0,0,0,0,0,0,0,0,0,0
2078,0,0,0,0,0,0,0,0,0,0,0,0,0,0,0,0,0,0
2079,0,0,0,0,0,0,0,0,0,0,0,0,0,0,0,0,0,0
2080,0,0,0,0,0,0,0,0,0,0,0,0,0,0,0,0,0,0
2081,0,0,0,0,0,0,0,0,0,0,0,0,0,0,0,0,0,0
2082,0,0,0,0,0,0,0,0,0,0,0,0,0,0,0,0,0,0
2083,0,0,0,0,0,0,0,0,0,0,0,0,0,0,0,0,13,4
2084,1127,806,321,0,0,0,0,0,222,66,122,0,0,0,34,0,1,0
2085,10209,4640,4014,0,1555,0,0,0,1600,372,1050,0,0,0,178,0,7,3
2086,0,0,0,0,0,0,0,0,0,0,0,0,0,0,0,0,0,0
2087,0,0,0,0,0,0,0,0,0,0,0,0,0,0,0,0,0,0
2088,0,0,0,0,0,0,0,0,0,0,0,0,0,0,0,0,0,0
2089,0,0,0,0,0,0,0,0,0,0,0,0,0,0,0,0,0,0
2090,0,0,0,0,0,0,0,0,0,0,0,0,0,0,0,0,0,0
2091,0,0,0,0,0,0,0,0,0,0,0,0,0,0,0,0,0,0
2092,0,0,0,0,0,0,0,0,0,0,0,0,0,0,0,0,0,0
2093,0,0,0,0,0,0,0,0,0,0,0,0,0,0,0,0,0,0
2094,0,0,0,0,0,0,0,0,0,0,0,0,0,0,0,0,0,0
2095,0,0,0,0,0,0,0,0,0,0,0,0,0,0,0,0,0,0
2096,0,0,0,0,0,0,0,0,0,0,0,0,0,0,0,0,0,0
2097,0,0,0,0,0,0,0,0,0,0,0,0,0,0,0,0,0,0
2098,0,0,0,0,0,0,0,0,0,0,0,0,0,0,0,0,0,0
2099,0,0,0,0,0,0,0,0,0,0,0,0,0,0,0,0,0,0
