"Year","AFem","AFemDeath","AMal","AMalDeath","Eggs","EggsDeath","FryGrad","FryExit","FryDeath","FryInStr","allMortAF","baseMortAF","tempMortAF","allMortAM","baseMortAM","tempMortAM","InVivo","Year","allMortEgg","baseMortEgg","tempMortEgg","denMortEgg","incMortEgg","superMortEgg","lostMortEgg","catMortEgg","allMortFry","baseMortFry","tempMortFry","denMortFry","habMortFry","freshMortFry","seasMortFry","catMortFry","allMortSF","allMortSM"
2010,7568,7568,7578,6324,27219374,22997491,4221883,1892847,763564,1565472,2454,183,2271,2494,218,2276,1042343,2010,22997491,5447038,2323866,0,1953016,6009581,7263990,0,763564,472543,8188,0,0,0,282833,0,5114,3830
2011,7568,7568,7578,6324,27082926,23429561,3653365,1626495,689513,1337357,2667,183,2484,2706,217,2489,0,2011,23429561,5669723,1875811,0,2190787,6382342,7310898,0,689513,428056,5198,0,0,0,256259,0,4901,3618
2012,7568,7568,7578,6314,25438746,21272299,4166447,1804871,916379,1445197,1892,194,1698,1935,232,1703,5945470,2012,21272299,5549041,3982673,0,488102,5178387,6074096,0,916379,435716,218243,0,0,0,262420,0,5676,4379
2013,7568,7568,7578,6323,27961560,23813389,4148171,1259463,1352273,1536435,2508,183,2325,2547,217,2330,0,2013,23813389,6344681,3318158,0,480905,6253753,7415892,0,1352273,392333,719394,0,0,0,240546,0,5060,3776
2014,7568,7568,7578,7577,16578,9740,6838,219,1712,4907,7565,23,7542,7577,18,7559,0,2014,9740,7070,1372,0,1298,0,0,0,1712,548,941,0,0,0,223,0,3,0
2015,7568,7568,7578,6650,12345084,11195058,1150026,130957,244168,774901,5334,140,5194,5360,165,5195,0,2015,11195058,2050800,859413,0,523030,3059189,4702626,0,244168,135164,28191,0,0,0,80813,0,2234,1290
2016,7568,7568,7578,7024,38682,38682,0,0,0,0,6626,113,6513,6653,129,6524,5194440,2016,38682,2891,15324,0,0,20467,0,0,0,0,0,0,0,0,0,0,942,371
2017,7568,7568,7578,6322,38418804,32579423,5839381,3598212,1200341,1040828,385,194,191,420,230,190,1274479,2017,32579423,8625465,4177713,0,5293893,7001423,7480929,0,1200341,654500,152745,0,0,0,393096,0,7183,5902
2018,7568,7568,7578,6321,23015617,19700634,3314983,1562278,837740,914965,2239,195,2044,2282,231,2051,6445408,2018,19700634,4456691,3052756,0,1788403,4761324,5641460,0,837740,381841,225717,0,0,0,230182,0,5329,4039
2019,7568,7568,7578,6667,9615240,8643357,971883,131344,284143,556396,5828,107,5721,5850,122,5728,0,2019,8643357,1206607,554196,0,3666,2314412,4564476,0,284143,120219,91566,0,0,0,72358,0,1740,817
2020,7568,7568,7578,7479,906264,605823,300441,44804,78356,177281,7404,41,7363,7415,41,7374,0,2020,605823,317882,95541,0,90449,101951,0,0,78356,40853,13363,0,0,0,24140,0,164,64
2021,7568,7568,7578,6341,17385215,15756606,1628609,123933,399320,1105356,4358,148,4210,4404,187,4217,354857,2021,15756606,2946064,1465002,0,96419,4250721,6998400,0,399320,148437,161124,0,0,0,89759,0,3210,1937
2022,7568,7568,7578,6704,9427356,8465524,961832,193900,276061,491871,5862,117,5745,5877,124,5753,0,2022,8465524,1149309,492727,0,279753,2255559,4288176,0,276061,126330,73770,0,0,0,75961,0,1706,827
2023,7568,7568,7578,6347,20079600,17152593,2927007,1040617,528645,1357745,2821,191,2630,2862,230,2632,6169950,2023,17152593,4272087,2471274,0,365630,4401247,5642355,0,528645,311109,31370,0,0,0,186166,0,4747,3485
2024,7568,7568,7578,6366,18937602,17607155,1330447,200800,280306,849341,4141,153,3988,4192,193,3999,0,2024,17607155,3066312,2019992,0,1064153,4466308,6990390,0,280306,122726,83779,0,0,0,73801,0,3427,2174
2025,7568,7568,7578,6329,7535881,6516746,1019135,316402,241646,461087,3018,168,2850,3058,202,2856,17664256,2025,6516746,1308539,473680,0,128516,1887034,2718977,0,241646,115822,56616,0,0,0,69208,0,4550,3271
2026,7568,7568,7578,6323,32089482,26564085,5525397,2501097,1164243,1860057,1761,188,1573,1798,222,1576,0,2026,26564085,7381718,2383710,0,2115162,7173661,7509834,0,1164243,576844,240010,0,0,0,347389,0,5807,4525
2027,7568,7568,7578,6328,23463396,19350935,4112461,1664543,1073073,1374845,3322,171,3151,3365,206,3159,0,2027,19350935,4697948,1564064,0,165079,5568738,7355106,0,1073073,471983,315844,0,0,0,285246,0,4246,2963
2028,7568,7568,7578,7401,1635696,1281879,353817,7149,98573,248095,7272,47,7225,7281,55,7226,0,2028,1281879,511223,214294,0,0,556362,0,0,98573,38248,37399,0,0,0,22926,0,296,120
2029,7568,7568,7578,7102,5028660,4642716,385944,5870,92171,287903,6658,75,6583,6693,103,6590,0,2029,4642716,747558,378692,0,176611,1869939,1469916,0,92171,37678,32023,0,0,0,22470,0,910,409
2030,7568,7568,7578,7578,0,0,0,0,0,0,7568,10,7558,7578,13,7565,0,2030,0,0,0,0,0,0,0,0,0,0,0,0,0,0,0,0,0,0
2031,7568,7568,7578,6323,31266108,25023441,6242667,3171645,1202884,1868138,1910,203,1707,1949,237,1712,0,2031,25023441,7134516,2953433,0,681177,6810793,7443522,0,1202884,685220,106300,0,0,0,411364,0,5658,4374
2032,7568,7568,7578,6969,6001236,5520942,480294,10584,122129,347581,6482,86,6396,6507,104,6403,0,2032,5520942,819406,413224,0,0,2094490,2193822,0,122129,50895,40687,0,0,0,30547,0,1086,462
2033,7568,7568,7578,7434,1281832,983628,298204,53376,72675,172153,7336,49,7287,7346,50,7296,200,2033,983628,326388,230522,0,90410,336308,0,0,72675,41414,6714,0,0,0,24547,0,232,88
2034,7568,7568,7578,6339,15972164,14046916,1925248,427533,575664,922051,4257,154,4103,4309,196,4113,2332712,2034,14046916,2446956,1395862,0,26493,3834695,6342910,0,575664,226711,211915,0,0,0,137038,0,3311,2030
2035,7568,7568,7578,7573,44208,24627,19581,5521,5332,8728,7560,53,7507,7570,59,7511,0,2035,24627,17165,5778,0,1684,0,0,0,5332,2762,1300,0,0,0,1270,0,8,3
2036,7568,7568,7578,6538,7871573,7184717,686856,78264,190449,418143,5448,96,5352,5472,112,5360,3863160,2036,7184717,970455,354445,0,274345,1752640,3832832,0,190449,81037,60930,0,0,0,48482,0,2120,1066
2037,7568,7568,7578,6334,12235427,10636992,1598435,416058,354429,827948,3970,159,3811,4013,195,3818,7678321,2037,10636992,1995034,814870,0,139969,3117065,4570054,0,354429,189765,50984,0,0,0,113680,0,3598,2321
2038,7568,7568,7578,6397,17865558,15319105,2546453,839134,616557,1090762,4335,153,4182,4384,196,4188,0,2038,15319105,2943515,1319517,0,211024,4103329,6741720,0,616557,314017,114044,0,0,0,188496,0,3233,2013
2039,7568,7568,7578,6730,8059023,7378510,680513,132946,148679,398888,5978,100,5878,5988,102,5886,730933,2039,7378510,891268,495444,0,263022,2080570,3648206,0,148679,91022,3582,0,0,0,54075,0,1590,742
2040,7568,7568,7578,6325,25640640,21582052,4058588,1458838,1222839,1376911,2928,174,2754,2969,211,2758,0,2040,21582052,5495187,2201506,0,478015,6002504,7404840,0,1222839,436770,520394,0,0,0,265675,0,4640,3356
2041,7568,7568,7578,7572,26120,14514,11606,3454,2136,6016,7558,67,7491,7568,72,7496,29140,2041,14514,9526,3932,0,1056,0,0,0,2136,1399,304,0,0,0,433,0,10,4
2042,7568,7568,7578,6372,14132210,12643074,1489136,287746,486167,715223,4885,157,4728,4933,197,4736,697336,2042,12643074,1792225,860732,0,4386,3376156,6609575,0,486167,187399,185481,0,0,0,113287,0,2683,1439
2043,7568,7568,7578,7203,3542166,3146434,395732,22220,117927,255585,6927,75,6852,6953,97,6856,0,2043,3146434,555252,297596,0,41099,1550685,701802,0,117927,47486,42092,0,0,0,28349,0,641,250
2044,7568,7568,7578,7577,9646,6122,3524,294,569,2661,7566,41,7525,7577,44,7533,1406,2044,6122,3904,1110,0,1108,0,0,0,569,217,238,0,0,0,114,0,2,0
2045,7568,7568,7578,7578,0,0,0,0,0,0,7568,35,7533,7578,38,7540,0,2045,0,0,0,0,0,0,0,0,0,0,0,0,0,0,0,0,0,0
2046,7568,7568,7578,6635,9048911,8164024,884887,244704,241081,399102,5624,93,5531,5656,122,5534,1702173,2046,8164024,1011325,767237,0,385840,1790150,4209472,0,241081,120937,47883,0,0,0,72261,0,1944,979
2047,7568,7568,7578,7511,100468,75882,24586,2882,5940,15764,7459,66,7393,7469,71,7398,501866,2047,75882,35571,28695,0,11616,0,0,0,5940,3080,1309,0,0,0,1551,0,109,42
2048,7568,7568,7578,6347,15854094,14692150,1161944,67421,315445,779078,4699,134,4565,4748,175,4573,0,2048,14692150,2173930,1446830,0,67233,3875617,7128540,0,315445,117516,126881,0,0,0,71048,0,2869,1599
2049,7568,7568,7578,7578,0,0,0,0,0,0,7568,34,7534,7578,38,7540,0,2049,0,0,0,0,0,0,0,0,0,0,0,0,0,0,0,0,0,0
2050,7568,7568,7578,7578,0,0,0,0,0,0,7568,15,7553,7578,3,7575,0,2050,0,0,0,0,0,0,0,0,0,0,0,0,0,0,0,0,0,0
2051,7568,7568,7578,6804,8839970,7747780,1092190,216978,371943,503269,5965,133,5832,5987,146,5841,18208,2051,7747780,1323352,507974,0,276516,2202766,3437172,0,371943,140243,146967,0,0,0,84733,0,1603,817
2052,7568,7568,7578,7405,935442,703201,232241,59185,65090,107966,7280,44,7236,7284,36,7248,656046,2052,703201,236088,111703,0,44612,310798,0,0,65090,33321,12186,0,0,0,19583,0,288,121
2053,7568,7568,7578,6460,16461954,13942384,2519570,847505,597508,1074557,4589,141,4448,4636,183,4453,0,2053,13942384,2821781,1077401,0,120615,3628473,6294114,0,597508,312151,98087,0,0,0,187270,0,2979,1824
2054,7568,7568,7578,7457,502353,371820,130533,7057,33004,90472,7374,27,7347,7383,27,7356,569691,2054,371820,177258,101159,0,28371,65032,0,0,33004,15200,8817,0,0,0,8987,0,194,74
2055,7568,7568,7578,6719,8239266,7577068,662198,101084,194430,366684,6077,108,5969,6092,114,5978,0,2055,7577068,810557,457623,0,0,2219648,4089240,0,194430,85992,56727,0,0,0,51711,0,1491,627
2056,7568,7568,7578,7002,6067548,5476225,591323,72540,153966,364817,6470,121,6349,6498,143,6355,0,2056,5476225,808489,510363,0,231987,1963656,1961730,0,153966,73996,35735,0,0,0,44235,0,1098,504
2057,7568,7568,7578,7530,414450,250955,163495,25170,49303,89022,7493,39,7454,7502,44,7458,0,2057,250955,161667,49003,0,40285,0,0,0,49303,22666,13115,0,0,0,13522,0,75,28
2058,7568,7568,7578,7576,8326,5490,2836,436,875,1525,7566,32,7534,7575,34,7541,2726,2058,5490,2870,2142,0,478,0,0,0,875,154,643,0,0,0,78,0,2,1
2059,7568,7568,7578,7578,0,0,0,0,0,0,7568,8,7560,7578,12,7566,0,2059,0,0,0,0,0,0,0,0,0,0,0,0,0,0,0,0,0,0
2060,7568,7568,7578,7578,0,0,0,0,0,0,7568,24,7544,7578,26,7552,0,2060,0,0,0,0,0,0,0,0,0,0,0,0,0,0,0,0,0,0
2061,7568,7568,7578,6658,3537992,3304040,233952,56140,78735,99077,5920,99,5821,5947,117,5830,5602766,2061,3304040,284107,316311,0,70608,841749,1791265,0,78735,31545,28595,0,0,0,18595,0,1648,711
2062,7568,7568,7578,7398,1421276,1099639,321637,36959,82594,202084,7278,34,7244,7283,28,7255,181264,2062,1099639,376989,168547,0,42946,511157,0,0,82594,42597,14847,0,0,0,25150,0,290,115
2063,7568,7568,7578,7461,1055466,657778,397688,69574,113942,214172,7377,55,7322,7387,61,7326,0,2063,657778,385561,139864,0,9348,123005,0,0,113942,54936,26286,0,0,0,32720,0,191,74
2064,7568,7568,7578,6456,13026809,11424115,1602694,545724,683835,373135,4809,138,4671,4858,180,4678,2228573,2064,11424115,1717878,967150,0,348749,2978890,5411448,0,683835,205029,353510,0,0,0,125296,0,2759,1598
2065,7568,7568,7578,7578,0,0,0,0,0,0,7568,18,7550,7578,13,7565,0,2065,0,0,0,0,0,0,0,0,0,0,0,0,0,0,0,0,0,0
2066,7568,7568,7578,7577,6832,3476,3356,1414,698,1244,7566,39,7527,7577,44,7533,4220,2066,3476,2524,952,0,0,0,0,0,698,214,382,0,0,0,102,0,2,0
2067,7568,7568,7578,7576,6580,3546,3034,1023,471,1540,7566,27,7539,7575,29,7546,4472,2067,3546,2512,958,0,76,0,0,0,471,182,207,0,0,0,82,0,2,1
2068,7568,7568,7578,7493,374076,226127,147949,62438,48475,37036,7430,77,7353,7439,75,7364,388512,2068,226127,109106,102112,0,14909,0,0,0,48475,22762,12261,0,0,0,13452,0,138,54
2069,7568,7568,7578,7275,778567,696428,82139,2673,29601,49865,7035,77,6958,7052,86,6966,2176138,2069,696428,136183,140500,0,8327,319298,92120,0,29601,8806,15657,0,0,0,5138,0,533,223
2070,7568,7568,7578,7578,0,0,0,0,0,0,7568,24,7544,7578,27,7551,0,2070,0,0,0,0,0,0,0,0,0,0,0,0,0,0,0,0,0,0
2071,7568,7568,7578,7578,2968,1686,1282,487,187,608,7566,33,7533,7578,37,7541,8084,2071,1686,1074,612,0,0,0,0,0,187,62,95,0,0,0,30,0,2,0
2072,7568,7568,7578,7578,0,0,0,0,0,0,7568,2,7566,7578,3,7575,0,2072,0,0,0,0,0,0,0,0,0,0,0,0,0,0,0,0,0,0
2073,7568,7568,7578,7578,0,0,0,0,0,0,7568,0,7568,7578,0,7578,0,2073,0,0,0,0,0,0,0,0,0,0,0,0,0,0,0,0,0,0
2074,7568,7568,7578,7578,0,0,0,0,0,0,7568,33,7535,7578,38,7540,0,2074,0,0,0,0,0,0,0,0,0,0,0,0,0,0,0,0,0,0
2075,7568,7568,7578,7578,0,0,0,0,0,0,7568,10,7558,7578,13,7565,0,2075,0,0,0,0,0,0,0,0,0,0,0,0,0,0,0,0,0,0
2076,7568,7568,7578,7578,0,0,0,0,0,0,7568,9,7559,7578,12,7566,0,2076,0,0,0,0,0,0,0,0,0,0,0,0,0,0,0,0,0,0
2077,7568,7568,7578,7578,0,0,0,0,0,0,7568,21,7547,7578,25,7553,0,2077,0,0,0,0,0,0,0,0,0,0,0,0,0,0,0,0,0,0
2078,7568,7568,7578,7578,0,0,0,0,0,0,7568,15,7553,7578,15,7563,0,2078,0,0,0,0,0,0,0,0,0,0,0,0,0,0,0,0,0,0
2079,7568,7568,7578,7578,0,0,0,0,0,0,7568,7,7561,7578,11,7567,0,2079,0,0,0,0,0,0,0,0,0,0,0,0,0,0,0,0,0,0
2080,7568,7568,7578,7578,0,0,0,0,0,0,7568,21,7547,7578,27,7551,0,2080,0,0,0,0,0,0,0,0,0,0,0,0,0,0,0,0,0,0
2081,7568,7568,7578,7578,0,0,0,0,0,0,7568,41,7527,7578,42,7536,0,2081,0,0,0,0,0,0,0,0,0,0,0,0,0,0,0,0,0,0
2082,7568,7568,7578,7578,0,0,0,0,0,0,7568,42,7526,7578,45,7533,0,2082,0,0,0,0,0,0,0,0,0,0,0,0,0,0,0,0,0,0
2083,7568,7568,7578,7571,0,0,0,0,0,0,7555,21,7534,7567,23,7544,71838,2083,0,0,0,0,0,0,0,0,0,0,0,0,0,0,0,0,13,4
2084,7568,7568,7578,7578,2300,1127,1173,507,222,444,7567,36,7531,7578,40,7538,3226,2084,1127,806,321,0,0,0,0,0,222,66,122,0,0,0,34,0,1,0
2085,7568,7568,7578,7573,16352,10209,6143,2988,1600,1555,7561,27,7534,7570,33,7537,22330,2085,10209,4640,4014,0,1555,0,0,0,1600,372,1050,0,0,0,178,0,7,3
2086,7568,7568,7578,7578,0,0,0,0,0,0,7568,2,7566,7578,3,7575,0,2086,0,0,0,0,0,0,0,0,0,0,0,0,0,0,0,0,0,0
2087,7568,7568,7578,7578,0,0,0,0,0,0,7568,13,7555,7578,16,7562,0,2087,0,0,0,0,0,0,0,0,0,0,0,0,0,0,0,0,0,0
2088,7568,7568,7578,7578,0,0,0,0,0,0,7568,29,7539,7578,31,7547,0,2088,0,0,0,0,0,0,0,0,0,0,0,0,0,0,0,0,0,0
2089,7568,7568,7578,7578,0,0,0,0,0,0,7568,35,7533,7578,41,7537,0,2089,0,0,0,0,0,0,0,0,0,0,0,0,0,0,0,0,0,0
2090,7568,7568,7578,7578,0,0,0,0,0,0,7568,28,7540,7578,30,7548,0,2090,0,0,0,0,0,0,0,0,0,0,0,0,0,0,0,0,0,0
2091,7568,7568,7578,7578,0,0,0,0,0,0,7568,61,7507,7578,66,7512,0,2091,0,0,0,0,0,0,0,0,0,0,0,0,0,0,0,0,0,0
2092,7568,7568,7578,7578,0,0,0,0,0,0,7568,8,7560,7578,12,7566,0,2092,0,0,0,0,0,0,0,0,0,0,0,0,0,0,0,0,0,0
2093,7568,7568,7578,7578,0,0,0,0,0,0,7568,4,7564,7578,6,7572,0,2093,0,0,0,0,0,0,0,0,0,0,0,0,0,0,0,0,0,0
2094,7568,7568,7578,7578,0,0,0,0,0,0,7568,28,7540,7578,32,7546,0,2094,0,0,0,0,0,0,0,0,0,0,0,0,0,0,0,0,0,0
2095,7568,7568,7578,7578,0,0,0,0,0,0,7568,24,7544,7578,30,7548,0,2095,0,0,0,0,0,0,0,0,0,0,0,0,0,0,0,0,0,0
2096,7568,7568,7578,7578,0,0,0,0,0,0,7568,9,7559,7578,11,7567,0,2096,0,0,0,0,0,0,0,0,0,0,0,0,0,0,0,0,0,0
2097,7568,7568,7578,7578,0,0,0,0,0,0,7568,4,7564,7578,10,7568,0,2097,0,0,0,0,0,0,0,0,0,0,0,0,0,0,0,0,0,0
2098,7568,7568,7578,7578,0,0,0,0,0,0,7568,10,7558,7578,13,7565,0,2098,0,0,0,0,0,0,0,0,0,0,0,0,0,0,0,0,0,0
2099,7568,7568,7578,7578,0,0,0,0,0,0,7568,1,7567,7578,3,7575,0,2099,0,0,0,0,0,0,0,0,0,0,0,0,0,0,0,0,0,0
