"Year","AFem","AFemDeath","AMal","AMalDeath","Eggs","EggsDeath","FryGrad","FryExit","FryDeath","FryInStr","allMortAF","baseMortAF","tempMortAF","allMortAM","baseMortAM","tempMortAM","InVivo"
2010,7568,7568,7578,6310,40337154,32431548,7905606,3833077,1469275,2603254,185,185,0,226,226,0,461354
2011,7568,7568,7578,6322,40770828,32754265,8016563,4382734,1466109,2167720,190,190,0,226,226,0,0
2012,7568,7568,7578,6321,40770828,33146412,7624416,4114099,1490028,2020289,190,190,0,226,226,0,0
2013,7568,7568,7578,6326,31584061,28469711,3114350,664562,431231,2018557,1446,195,1251,1481,227,1254,2249093
2014,7568,7568,7578,6324,27174628,24407905,2766723,761322,419890,1585511,995,195,800,1032,233,799,9168892
2015,7568,7568,7578,6322,40748724,35642915,5105809,1782416,966447,2356946,194,191,3,230,227,3,0
2016,7568,7568,7578,6323,31056347,25861152,5195195,1898639,1035786,2260770,1029,191,838,1065,225,840,5088385
2017,7568,7568,7578,6809,7331590,6740586,591004,48317,108212,434475,6008,113,5895,6026,122,5904,1294598
2018,7568,7568,7578,6266,40792932,35343138,5449794,1954656,917362,2577776,186,183,3,230,227,3,0
2019,7568,7568,7578,6309,40798458,33613148,7185310,3103359,1321789,2760162,185,185,0,226,226,0,0
2020,7568,7568,7578,6406,19407292,18001742,1405550,419258,260604,725688,4056,137,3919,4111,181,3930,20
2021,7568,7568,7578,6322,27470208,22743988,4726220,2358665,910104,1457451,190,190,0,226,226,0,13328828
2022,7568,7568,7578,6322,40770828,32864166,7906662,3532878,1384161,2989623,190,190,0,226,226,0,0
2023,7568,7568,7578,6322,40128726,33652979,6475747,2533538,1090683,2851526,212,192,20,250,228,22,520530
2024,7568,7568,7578,6280,38593584,28706119,9887465,6866388,1768263,1252814,584,190,394,626,233,393,0
2025,7568,7568,7578,6313,40466898,34646285,5820613,2157743,1137395,2525475,245,198,47,281,234,47,0
2026,7568,7568,7578,7571,66312,41631,24681,1680,5663,17338,7556,58,7498,7567,63,7504,0
2027,7568,7568,7578,6324,34570656,29054761,5515895,2733027,1012444,1770424,1312,190,1122,1351,228,1123,0
2028,7568,7568,7578,6288,34206327,31086016,3120311,1968911,585903,565497,181,181,0,227,227,0,6627894
2029,7568,7568,7578,6313,40571892,31939677,8632215,5164161,1676396,1791658,226,194,32,263,231,32,0
2030,7568,7568,7578,6266,40809510,31619258,9190252,6019495,1871733,1299024,183,182,1,227,226,1,0
2031,7568,7568,7578,6322,40698990,31731765,8967225,5298782,1699649,1968794,203,191,12,239,227,12,0
2032,7568,7568,7578,6322,40350852,34476710,5874142,2345722,917007,2611413,266,195,71,302,231,71,0
2033,7568,7568,7578,6319,40739894,34738553,6001341,3209285,1036556,1755500,192,191,1,228,227,1,19882
2034,7568,7568,7578,6312,40798458,34509937,6288521,3005390,1041668,2241463,185,185,0,226,226,0,0
2035,7568,7568,7578,6290,36939673,29941687,6997986,3327795,1182176,2488015,217,184,33,262,229,33,3687778
2036,7568,7568,7578,7026,31918132,26782856,5135276,2394470,814447,1926359,193,190,3,214,211,3,8853122
2037,7568,7568,7578,6294,40815036,33680751,7134285,2895003,1156282,3083000,182,182,0,228,228,0,0
2038,7568,7568,7578,7203,4194234,3703093,491141,12828,113686,364627,6809,98,6711,6835,118,6717,0
2039,7568,7568,7578,6334,28425604,25799765,2625839,730027,459563,1436249,2406,185,2221,2449,222,2227,99608
2040,7568,7568,7578,6322,29234241,24516071,4718170,2236004,815202,1666964,190,190,0,226,226,0,11561052
2041,7568,7568,7578,6323,34997166,30844690,4152476,2125444,720539,1306493,247,194,53,283,231,52,5470036
2042,7568,7568,7578,6277,40815036,33763033,7052003,3395394,1517047,2139562,182,182,0,226,226,0,0
2043,7568,7568,7578,6530,7691300,6976084,715216,61495,166026,487695,5015,116,4899,5039,131,4908,6441186
2044,7568,7568,7578,6311,18076054,16626154,1449900,697419,316394,436087,3479,165,3314,3529,209,3320,4533072
2045,7568,7568,7578,6290,37879768,32556062,5323706,2151396,1044610,2127700,181,181,0,227,227,0,2943326
2046,7568,7568,7578,6322,40538736,32082995,8455741,4241635,1565968,2648138,232,193,39,269,229,40,0
2047,7568,7568,7578,6322,40544262,31278686,9265576,5530048,1878656,1856872,231,195,36,267,230,37,0
2048,7568,7568,7578,6309,40256883,33536211,6720672,4033550,1159902,1527220,202,190,12,241,229,12,447633
2049,7568,7568,7578,7009,40820562,32011537,8809025,5348278,1967210,1493537,181,181,0,214,214,0,0
2050,7568,7568,7578,7557,118694,82185,36509,3654,10168,22687,7534,39,7495,7545,41,7504,69190
2051,7568,7568,7578,7539,342612,216955,125657,6975,27670,91012,7506,35,7471,7516,39,7477,0
2052,7568,7568,7578,7573,38682,28009,10673,163,2316,8194,7561,69,7492,7570,73,7497,0
2053,7568,7568,7578,7403,1441820,1182523,259297,3292,55701,200304,7265,48,7217,7275,54,7221,232558
2054,7568,7568,7578,6268,40803984,33497612,7306372,4274734,1394579,1637059,184,182,2,228,226,2,0
2055,7568,7568,7578,6322,37752438,31596673,6155765,2941587,1235416,1978762,191,191,0,227,227,0,3016934
2056,7568,7568,7578,7430,1398078,1086419,311659,27538,69597,214524,7315,53,7262,7325,53,7272,0
2057,7568,7568,7578,6312,26160680,22603431,3557249,2557399,673438,326412,186,186,0,226,226,0,14664003
2058,7568,7568,7578,6323,37526216,30065444,7460772,3670367,1231062,2559343,777,189,588,814,226,588,850
2059,7568,7568,7578,6322,40743198,33089617,7653581,3428085,1515553,2709943,195,191,4,231,227,4,0
2060,7568,7568,7578,6324,33875682,27750851,6124831,3537697,1058385,1528749,777,193,584,815,232,583,3657759
2061,7568,7568,7578,6313,40779607,37422564,3357043,2129768,649000,578275,186,186,0,226,226,0,13325
2062,7568,7568,7578,6320,40595377,34060492,6534885,2842666,1331212,2361007,194,193,1,229,228,1,153347
2063,7568,7568,7578,6518,14337285,12835537,1501748,424496,331550,745702,4970,132,4838,4995,153,4842,19263
2064,7568,7568,7578,6322,40748724,32477435,8271289,4514424,1549171,2207694,194,191,3,230,227,3,0
2065,7568,7568,7578,6322,37978355,31196721,6781634,2929146,1179977,2672511,406,195,211,442,231,211,1599634
2066,7568,7568,7578,6288,19032381,16521060,2511321,1540688,425917,544716,475,197,278,518,240,278,20207019
2067,7568,7568,7578,6283,34691559,28100176,6591383,3410496,1365012,1815875,1221,185,1036,1267,229,1038,381963
2068,7568,7568,7578,6324,36316872,31323709,4993163,1750251,864766,2378146,996,203,793,1032,238,794,0
2069,7568,7568,7578,6440,15664879,13703025,1961854,522019,388369,1051466,4209,128,4081,4263,178,4085,2906882
2070,7568,7568,7578,6330,31763448,26392786,5370662,2365722,1344667,1660273,1820,194,1626,1860,229,1631,0
2071,7568,7568,7578,7569,77364,46763,30601,4299,7874,18428,7554,54,7500,7564,63,7501,0
2072,7568,7568,7578,6322,40185072,33271287,6913785,4058640,1287422,1567723,296,198,98,331,233,98,0
2073,7568,7568,7578,6322,40145874,32865105,7280769,4072111,1420790,1787868,191,191,0,227,227,0,619428
2074,7568,7568,7578,6323,1093630,1035421,58209,13931,14490,29788,994,189,805,1032,223,809,35327310
2075,7568,7568,7578,6344,17240522,14574482,2666040,1232066,519804,914170,2746,166,2580,2792,207,2585,9432973
2076,7568,7568,7578,6276,39124080,31609567,7514513,4676930,1306481,1531102,488,186,302,533,230,303,0
2077,7568,7568,7578,7023,40815036,34196578,6618458,3004615,1457145,2156698,182,182,0,214,214,0,0
2078,7568,7568,7578,7520,484400,285302,199098,31526,62701,104871,7472,37,7435,7482,41,7441,46096
2079,7568,7568,7578,7576,13188,7633,5555,423,1599,3533,7565,10,7555,7575,13,7562,3390
2080,7568,7568,7578,7207,3672457,3278479,393978,59691,99954,234333,6903,75,6828,6921,87,6834,2333
2081,7568,7568,7578,6322,34761717,30383525,4378192,2985084,881944,511164,193,190,3,229,226,3,5997457
2082,7568,7568,7578,6330,32012118,27394334,4617784,1634065,1032846,1950873,1775,187,1588,1818,225,1593,0
2083,7568,7568,7578,7202,3685842,3466854,218988,538,45468,172982,6901,80,6821,6929,99,6830,0
2084,7568,7568,7578,7578,0,0,0,0,0,0,7568,10,7558,7578,12,7566,0
2085,7568,7568,7578,7578,0,0,0,0,0,0,7568,66,7502,7578,72,7506,0
2086,7568,7568,7578,6542,12588228,11508273,1079955,190060,286498,603397,5290,115,5175,5315,132,5183,0
2087,7568,7568,7578,7578,0,0,0,0,0,0,7568,46,7522,7578,50,7528,0
2088,7568,7568,7578,6309,20984990,17923268,3061722,1801669,531681,728372,250,189,61,291,230,61,19499033
2089,7568,7568,7578,6277,39289860,30398636,8891224,6156132,1585601,1149491,458,189,269,503,233,270,0
2090,7568,7568,7578,6324,29072892,24510041,4562851,3023223,880267,659361,1401,191,1210,1442,226,1216,5017756
2091,7568,7568,7578,6539,15743574,13825689,1917885,481638,411803,1024444,4719,151,4568,4746,176,4570,0
2092,7568,7568,7578,6267,40582944,31777320,8805624,5831663,1784864,1189097,224,189,35,268,233,35,0
2093,7568,7568,7578,6285,29564100,24537548,5026552,3025984,1022050,978518,2218,170,2048,2263,211,2052,0
2094,7568,7568,7578,7183,9194803,7713499,1481304,618363,419275,443666,5734,113,5621,5753,124,5629,941789
2095,7568,7568,7578,7282,3039300,2507359,531941,130381,154171,247389,7018,84,6934,7012,72,6940,0
2096,7568,7568,7578,7578,0,0,0,0,0,0,7568,14,7554,7578,16,7562,0
2097,7568,7568,7578,7578,0,0,0,0,0,0,7568,39,7529,7578,46,7532,0
2098,7568,7568,7578,7578,0,0,0,0,0,0,7568,34,7534,7578,37,7541,0
2099,7568,7568,7578,7578,0,0,0,0,0,0,7568,20,7548,7578,21,7557,0
