"Year","allMortEgg","baseMortEgg","tempMortEgg","denMortEgg","incMortEgg","superMortEgg","lostMortEgg","catMortEgg","allMortFry","baseMortFry","tempMortFry","denMortFry","habMortFry","freshMortFry","seasMortFry","catMortFry","allMortSF","allMortSM"
2010,32431548,11499327,3587638,0,1779657,8033188,7531738,0,1469275,767885,239422,0,0,0,461968,0,7383,6084
2011,32754265,10554537,3604901,0,3554556,7508333,7531938,0,1466109,829387,138805,0,0,0,497917,0,7378,6096
2012,33146412,10463783,7532815,0,2377066,5782358,6990390,0,1490028,722816,331828,0,0,0,435384,0,7378,6095
2013,28469711,7642185,6591316,0,614007,6349463,7272740,0,431231,231190,61168,0,0,0,138873,0,6122,4845
2014,24407905,5987868,4243971,0,1656962,6244986,6274118,0,419890,216996,72557,0,0,0,130337,0,6573,5292
2015,35642915,11269746,6095652,0,2538288,8135453,7603776,0,966447,438057,264072,0,0,0,264318,0,7374,6092
2016,25861152,8466705,3834920,0,181179,6488045,6890303,0,1035786,468080,285246,0,0,0,282460,0,6539,5258
2017,6740586,981043,442405,0,365540,1778414,3173184,0,108212,65039,4668,0,0,0,38505,0,1560,783
2018,35343138,11200034,5926419,0,3129791,7599164,7487730,0,917362,487879,136295,0,0,0,293188,0,7382,6036
2019,33613148,11426175,5662396,0,923997,8018908,7581672,0,1321789,657482,268595,0,0,0,395712,0,7383,6083
2020,18001742,3326576,1508266,0,2105939,4319241,6741720,0,260604,154876,13215,0,0,0,92513,0,3512,2295
2021,22743988,6678275,3846412,0,2616390,4463666,5139245,0,910104,480762,140574,0,0,0,288768,0,7378,6096
2022,32864166,11924702,5232476,0,382970,7720242,7603776,0,1384161,707762,250440,0,0,0,425959,0,7378,6096
2023,33652979,10962415,5505795,0,956026,8486817,7741926,0,1090683,571417,175692,0,0,0,343574,0,7356,6072
2024,28706119,8937725,3008152,0,869849,8098733,7791660,0,1768263,1102616,4665,0,0,0,660982,0,6984,5654
2025,34646285,10978175,7044625,0,1034253,8007560,7581672,0,1137395,492296,347656,0,0,0,297443,0,7323,6032
2026,41631,27744,13161,0,726,0,0,0,5663,3042,1055,0,0,0,1566,0,12,4
2027,29054761,7834584,3675553,0,2517493,7274153,7752978,0,1012444,564698,108604,0,0,0,339142,0,6256,4973
2028,31086016,6066683,3541167,0,10038289,5558132,5881745,0,585903,353072,21632,0,0,0,211199,0,7387,6061
2029,31939677,9923823,5469564,0,2263764,6805848,7476678,0,1676396,916941,208463,0,0,0,550992,0,7342,6050
2030,31619258,9633725,4657243,0,2516399,7224693,7587198,0,1871733,985456,293544,0,0,0,592733,0,7385,6039
2031,31731765,10136170,5327216,0,1557595,7234106,7476678,0,1699649,920964,225092,0,0,0,553593,0,7365,6083
2032,34476710,10524880,6288167,0,2659795,7554820,7449048,0,917007,546548,42852,0,0,0,327607,0,7302,6020
2033,34738553,10647969,4850640,0,4156052,7474590,7609302,0,1036556,623914,38777,0,0,0,373865,0,7376,6091
2034,34509937,10915389,6134346,0,3852734,6489980,7117488,0,1041668,648818,4236,0,0,0,388614,0,7383,6086
2035,29941687,10245413,3670301,0,1398988,7417987,7208998,0,1182176,689100,79674,0,0,0,413402,0,7351,6028
2036,26782856,8609997,3362519,0,2205964,6332519,6271857,0,814447,509473,0,0,0,0,304974,0,7375,6812
2037,33680751,11560964,5645164,0,2098911,7142178,7233534,0,1156282,631137,145994,0,0,0,379151,0,7386,6066
2038,3703093,841871,334608,0,191772,1638566,696276,0,113686,48334,36698,0,0,0,28654,0,759,368
2039,25799765,5555851,3343654,0,2438503,6730883,7730874,0,459563,228536,93628,0,0,0,137399,0,5162,3885
2040,24516071,7042569,4500680,0,1556100,5621331,5795391,0,815202,475226,55080,0,0,0,284896,0,7378,6096
2041,30844690,9417710,3502934,0,4662265,6612808,6648973,0,720539,434414,26082,0,0,0,260043,0,7321,6040
2042,33763033,10358513,6475593,0,3321616,6666655,6940656,0,1517047,663092,453345,0,0,0,400610,0,7386,6051
2043,6976084,1185871,593266,0,132133,1827703,3237111,0,166026,71966,50979,0,0,0,43081,0,2553,1491
2044,16626154,2731392,1620118,0,2024812,4068673,6181159,0,316394,181561,26536,0,0,0,108297,0,4089,2782
2045,32556062,10311366,5085586,0,2310814,7330802,7517494,0,1044610,498590,245599,0,0,0,300421,0,7387,6063
2046,32082995,10967683,2807982,0,2208813,8428429,7670088,0,1565968,852722,200816,0,0,0,512430,0,7336,6053
2047,31278686,10341544,3652127,0,2118584,7651071,7515360,0,1878656,976329,314812,0,0,0,587515,0,7337,6055
2048,33536211,9120565,4625472,0,5721295,6791137,7277742,0,1159902,725410,0,0,0,0,434492,0,7366,6068
2049,32011537,9659775,5230622,0,3007373,6869181,7244586,0,1967210,932427,472351,0,0,0,562432,0,7387,6795
2050,82185,43904,29080,0,9201,0,0,0,10168,4597,2970,0,0,0,2601,0,34,12
2051,216955,150198,56524,0,10233,0,0,0,27670,15398,3120,0,0,0,9152,0,62,23
2052,28009,15939,10319,0,1751,0,0,0,2316,1008,926,0,0,0,382,0,7,3
2053,1182523,421447,220410,0,32312,489266,19088,0,55701,26874,12984,0,0,0,15843,0,303,128
2054,33497612,10303414,3662882,0,3538981,8261461,7730874,0,1394579,768278,164838,0,0,0,461463,0,7384,6040
2055,31596673,9766319,6857621,0,2176249,5949688,6846796,0,1235416,565714,328447,0,0,0,341255,0,7377,6095
2056,1086419,437722,129480,0,103753,415464,0,0,69597,40319,5505,0,0,0,23773,0,253,105
2057,22603431,5333522,2515383,0,5316783,4515832,4921911,0,673438,414115,11585,0,0,0,247738,0,7382,6086
2058,30065444,9799854,4222022,0,1068497,7448659,7526412,0,1231062,749187,32810,0,0,0,449065,0,6791,5509
2059,33089617,11400258,5098248,0,1790199,7418176,7382736,0,1515553,704071,386667,0,0,0,424815,0,7373,6091
2060,27750851,7634944,3499346,0,3368306,6295714,6952541,0,1058385,661940,0,0,0,0,396445,0,6791,5509
2061,37422564,7545499,4506877,0,11489942,6635660,7244586,0,649000,376964,46497,0,0,0,225539,0,7382,6087
2062,34060492,10670185,7772618,0,1847959,6536196,7233534,0,1331212,590754,383785,0,0,0,356673,0,7374,6091
2063,12835537,2079542,1213686,0,917824,3076381,5548104,0,331550,183936,37647,0,0,0,109967,0,2598,1523
2064,32477435,10412948,5428089,0,2142957,7138335,7355106,0,1549171,836378,210171,0,0,0,502622,0,7374,6092
2065,31196721,10425231,4764729,0,476098,7915544,7615119,0,1179977,638519,157657,0,0,0,383801,0,7162,5880
2066,16521060,3940847,1952285,0,2008640,4159057,4460231,0,425917,266697,0,0,0,0,159220,0,7093,5770
2067,28100176,8175041,5141578,0,1845839,5847860,7089858,0,1365012,686374,265458,0,0,0,413180,0,6347,5016
2068,31323709,9480516,5037243,0,1810249,7485867,7509834,0,864766,441919,157004,0,0,0,265843,0,6572,5292
2069,13703025,2733300,949275,0,717779,3633535,5669136,0,388369,211427,50382,0,0,0,126560,0,3359,2177
2070,26392786,7201482,4081052,0,1674033,6191633,7244586,0,1344667,542087,474391,0,0,0,328189,0,5748,4470
2071,46763,30642,10164,0,5957,0,0,0,7874,4001,1736,0,0,0,2137,0,14,5
2072,33271287,10247482,4067702,0,3397639,7927058,7631406,0,1287422,730574,118203,0,0,0,438645,0,7272,5991
2073,32865105,10118488,5400543,0,3754893,6519626,7071555,0,1420790,744850,228087,0,0,0,447853,0,7377,6095
2074,1035421,91436,122324,0,47168,282721,491772,0,14490,5753,5788,0,0,0,2949,0,6574,5291
2075,14574482,3445102,1468656,0,1192408,3707472,4760844,0,519804,304788,32677,0,0,0,182339,0,4822,3552
2076,31609567,9495139,3986430,0,5073040,6081146,6973812,0,1306481,816516,827,0,0,0,489138,0,7080,5743
2077,34196578,10540881,6693232,0,2778808,7021961,7161696,0,1457145,633079,441499,0,0,0,382567,0,7386,6809
2078,285302,194941,76656,0,13705,0,0,0,62701,26539,20298,0,0,0,15864,0,96,38
2079,7633,5201,1378,0,1054,0,0,0,1599,399,1015,0,0,0,185,0,3,1
2080,3278479,638555,249835,0,168041,1387622,834426,0,99954,53276,14950,0,0,0,31728,0,665,286
2081,30383525,8557384,3628537,0,5648896,6061587,6487121,0,881944,465202,137370,0,0,0,279372,0,7375,6093
2082,27394334,7769711,4491300,0,1462392,6420819,7250112,0,1032846,428447,345082,0,0,0,259317,0,5793,4512
2083,3466854,539538,446320,0,184014,1545446,751536,0,45468,19603,14290,0,0,0,11575,0,667,273
2084,0,0,0,0,0,0,0,0,0,0,0,0,0,0,0,0,0,0
2085,0,0,0,0,0,0,0,0,0,0,0,0,0,0,0,0,0,0
2086,11508273,1675853,1065225,0,724422,2782021,5260752,0,286498,125562,85458,0,0,0,75478,0,2278,1227
2087,0,0,0,0,0,0,0,0,0,0,0,0,0,0,0,0,0,0
2088,17923268,4650387,2216888,0,3224394,3786027,4045572,0,531681,332603,364,0,0,0,198714,0,7318,6018
2089,30398636,8980964,4720899,0,3443039,6373864,6879870,0,1585601,963825,43922,0,0,0,577854,0,7110,5774
2090,24510041,5614341,3182031,0,3395549,5704714,6613406,0,880267,531519,30317,0,0,0,318431,0,6167,4882
2091,13825689,2896720,1683885,0,653124,3193058,5398902,0,411803,220266,59515,0,0,0,132022,0,2849,1793
2092,31777320,9231876,4674067,0,2528735,7738866,7603776,0,1784864,953951,257264,0,0,0,573649,0,7344,5999
2093,24537548,5574617,3861025,0,2615200,5590258,6896448,0,1022050,591207,76317,0,0,0,354526,0,5350,4022
2094,7713499,1383051,1122579,0,395280,2025541,2787048,0,419275,212764,78978,0,0,0,127533,0,1834,1430
2095,2507359,596510,460072,0,172879,1056858,221040,0,154171,73520,36827,0,0,0,43824,0,550,270
2096,0,0,0,0,0,0,0,0,0,0,0,0,0,0,0,0,0,0
2097,0,0,0,0,0,0,0,0,0,0,0,0,0,0,0,0,0,0
2098,0,0,0,0,0,0,0,0,0,0,0,0,0,0,0,0,0,0
2099,0,0,0,0,0,0,0,0,0,0,0,0,0,0,0,0,0,0
