"Year","AFem","AFemDeath","AMal","AMalDeath","Eggs","EggsDeath","FryGrad","FryExit","FryDeath","FryInStr","allMortAF","baseMortAF","tempMortAF","allMortAM","baseMortAM","tempMortAM","InVivo","Year","allMortEgg","baseMortEgg","tempMortEgg","denMortEgg","incMortEgg","superMortEgg","lostMortEgg","catMortEgg","allMortFry","baseMortFry","tempMortFry","denMortFry","habMortFry","freshMortFry","seasMortFry","catMortFry","allMortSF","allMortSM"
2010,7568,7568,7578,6305,16504777,13836198,2668579,1195176,499884,973519,2254,187,2067,2301,229,2072,12897110,2010,13836198,3429084,2444981,0,369780,3324004,4268349,0,499884,297792,23954,0,0,0,178138,0,5314,4004
2011,7568,7568,7578,6310,15292570,11991261,3301309,1989959,665216,646134,1148,190,958,1191,230,961,20241320,2011,11991261,3468446,1850298,0,585115,2890608,3196794,0,665216,366710,78651,0,0,0,219855,0,6420,5119
2012,7568,7568,7578,6338,15374549,13538934,1835615,435956,431773,967886,4130,171,3959,4179,212,3967,3638909,2012,13538934,2470819,1223304,0,262658,3788965,5793188,0,431773,220128,79563,0,0,0,132082,0,3438,2159
2013,7568,7568,7578,6322,34438032,29609210,4828822,1325176,1137576,2366070,1336,196,1140,1377,231,1146,0,2013,29609210,8985102,4988243,0,894828,7280937,7460100,0,1137576,398341,496769,0,0,0,242466,0,6232,4945
2014,7568,7568,7578,7528,436554,242741,193813,32779,49292,111742,7489,73,7416,7498,78,7420,0,2014,242741,184250,56690,0,1801,0,0,0,49292,27053,6134,0,0,0,16105,0,79,30
2015,7568,7568,7578,6322,34889428,26763771,8125657,5063392,1965034,1097231,373,194,179,411,230,181,4878782,2015,26763771,8499536,2342682,0,2294347,6727068,6900138,0,1965034,888312,540267,0,0,0,536455,0,7195,5911
2016,7568,7568,7578,7567,51663,32738,18925,956,3028,14941,7551,83,7468,7560,93,7467,42279,2016,32738,22784,9176,0,778,0,0,0,3028,2139,0,0,0,0,889,0,17,7
2017,7568,7568,7578,7276,1763832,1526974,236858,15579,69870,151409,7066,85,6981,7068,79,6989,1016247,2017,1526974,322874,135216,0,63578,790769,214537,0,69870,28987,23854,0,0,0,17029,0,502,208
2018,7568,7568,7578,6336,20512512,17518226,2994286,998583,818158,1177545,3856,168,3688,3905,210,3695,0,2018,17518226,3508696,1816174,0,108242,4790794,7294320,0,818158,359317,242051,0,0,0,216790,0,3712,2431
2019,7568,7568,7578,6751,4564957,4227588,337369,3865,85781,247723,6042,90,5952,6058,96,5962,3887815,2019,4227588,584803,273955,0,0,1274100,2094730,0,85781,33012,32989,0,0,0,19780,0,1526,693
2020,7568,7568,7578,7396,1674378,1492862,181516,200,42874,138442,7265,63,7202,7269,61,7208,0,2020,1492862,418125,284785,0,105196,668178,16578,0,42874,15523,18124,0,0,0,9227,0,303,127
2021,7568,7568,7578,7459,1071689,887128,184561,1208,44502,138851,7374,47,7327,7383,47,7336,355,2021,887128,310506,138107,0,93032,345483,0,0,44502,18886,14371,0,0,0,11245,0,194,76
2022,7568,7568,7578,6724,9228420,8246742,981678,172563,271569,537546,5898,103,5795,5916,113,5803,0,2022,8246742,1213515,394711,0,253436,1903494,4481586,0,271569,128843,65342,0,0,0,77384,0,1670,808
2023,7568,7568,7578,6518,13455810,11892430,1563380,284633,421267,857480,5133,133,5000,5156,154,5002,0,2023,11892430,2069610,802147,0,285612,3026703,5708358,0,421267,188399,119525,0,0,0,113343,0,2435,1362
2024,7568,7568,7578,6313,36886050,30984806,5901244,2269684,1065309,2566251,893,195,698,932,233,699,0,2024,30984806,9622235,4446705,0,1421905,7818347,7675614,0,1065309,545363,192008,0,0,0,327938,0,6675,5381
2025,7568,7568,7578,6501,12941892,11998895,942997,57433,294131,591433,5226,109,5117,5255,135,5120,0,2025,11998895,1579845,623788,0,560443,3272265,5962554,0,294131,99761,133940,0,0,0,60430,0,2342,1246
2026,7568,7568,7578,7493,740484,452934,287550,28429,79818,179303,7434,39,7395,7442,39,7403,0,2026,452934,302072,89953,0,23217,37692,0,0,79818,38022,19094,0,0,0,22702,0,134,51
2027,7568,7568,7578,6333,22385675,19289165,3096510,1282731,684672,1129107,3423,165,3258,3469,202,3267,519695,2027,19289165,3636612,2181873,0,1322484,4860702,7287494,0,684672,372890,88019,0,0,0,223763,0,4145,2864
2028,7568,7568,7578,6660,7792938,6981553,811385,86477,235138,489770,5722,130,5592,5751,150,5601,2420868,2028,6981553,1079540,538069,0,40862,1774262,3548820,0,235138,95847,81652,0,0,0,57639,0,1846,909
2029,7568,7568,7578,6920,3070156,2840921,229235,15315,53071,160849,6437,97,6340,6464,116,6348,3196628,2029,2840921,332872,167615,0,25624,1050552,1264258,0,53071,27284,9945,0,0,0,15842,0,1131,456
2030,7568,7568,7578,7578,0,0,0,0,0,0,7568,19,7549,7578,24,7554,0,2030,0,0,0,0,0,0,0,0,0,0,0,0,0,0,0,0,0,0
2031,7568,7568,7578,7334,2238030,1845277,392753,9953,93822,288978,7163,65,7098,7165,59,7106,0,2031,1845277,564556,238405,0,0,931796,110520,0,93822,44622,22650,0,0,0,26550,0,405,169
2032,7568,7568,7578,6323,14669074,12545117,2123957,793844,387002,943111,1807,193,1614,1845,226,1619,17211947,2032,12545117,3315839,1494881,0,542059,3263234,3929104,0,387002,214102,44892,0,0,0,128008,0,5761,4478
2033,7568,7568,7578,6316,16184833,13900169,2284664,979674,576625,728365,3854,170,3684,3899,207,3692,4355164,2033,13900169,2360492,1510295,0,174249,3799833,6055300,0,576625,298075,99587,0,0,0,178963,0,3714,2417
2034,7568,7568,7578,7397,1081622,841325,240297,19690,57896,162711,7282,57,7225,7284,50,7234,498814,2034,841325,299933,178132,0,0,363260,0,0,57896,29731,10624,0,0,0,17541,0,286,113
2035,7568,7568,7578,6371,16174602,14681568,1493034,319869,349200,823965,4641,151,4490,4689,190,4499,0,2035,14681568,2113578,1357349,0,581987,3693524,6935130,0,349200,189168,46794,0,0,0,113238,0,2927,1682
2036,7568,7568,7578,6456,758682,699501,59181,9408,11787,37986,5258,122,5136,5307,162,5145,12063033,2036,699501,87207,97860,0,86,184645,329703,0,11787,6013,2785,0,0,0,2989,0,2310,1149
2037,7568,7568,7578,6875,7040124,6562271,477853,16111,94935,366807,6294,95,6199,6320,112,6208,0,2037,6562271,811564,578127,0,164412,2084914,2923254,0,94935,52202,11793,0,0,0,30940,0,1274,555
2038,7568,7568,7578,7523,115541,71066,44475,9553,11265,23657,7480,46,7434,7491,48,7443,370747,2038,71066,42162,17328,0,11576,0,0,0,11265,6262,1366,0,0,0,3637,0,88,32
2039,7568,7568,7578,6737,8170053,7806845,363208,1677,79881,281650,6089,101,5988,6104,105,5999,2901,2039,7806845,828410,676326,0,124449,2232096,3945564,0,79881,33085,27084,0,0,0,19712,0,1479,633
2040,7568,7568,7578,7156,4155552,3854229,301323,2538,63196,235589,6816,59,6757,6848,88,6760,0,2040,3854229,558987,389881,0,132950,1600899,1171512,0,63196,30055,15437,0,0,0,17704,0,752,308
2041,7568,7568,7578,7578,0,0,0,0,0,0,7568,41,7527,7578,46,7532,0,2041,0,0,0,0,0,0,0,0,0,0,0,0,0,0,0,0,0,0
2042,7568,7568,7578,7578,0,0,0,0,0,0,7568,43,7525,7578,46,7532,0,2042,0,0,0,0,0,0,0,0,0,0,0,0,0,0,0,0,0,0
2043,7568,7568,7578,7578,0,0,0,0,0,0,7568,8,7560,7578,11,7567,0,2043,0,0,0,0,0,0,0,0,0,0,0,0,0,0,0,0,0,0
2044,7568,7568,7578,6564,12864528,11468346,1396182,181337,342377,872468,5240,133,5107,5270,159,5111,0,2044,11468346,1858181,919338,0,254214,3054289,5382324,0,342377,168143,73249,0,0,0,100985,0,2328,1294
2045,7568,7568,7578,6786,7598250,6889865,708385,186256,191871,330258,6193,94,6099,6207,102,6105,0,2045,6889865,753387,423718,0,12124,2141892,3558744,0,191871,101039,30582,0,0,0,60250,0,1375,579
2046,7568,7568,7578,6831,7465626,6806296,659330,75632,246283,337415,6217,78,6139,6235,87,6148,0,2046,6806296,881486,393948,0,88554,2198546,3243762,0,246283,80377,117298,0,0,0,48608,0,1351,596
2047,7568,7568,7578,6414,14689983,13199959,1490024,209305,441378,839341,4909,131,4778,4960,178,4782,3651,2047,13199959,1992956,1069148,0,7973,3515260,6614622,0,441378,178795,154591,0,0,0,107992,0,2659,1454
2048,7568,7568,7578,7066,5053482,4371652,681830,162026,171439,348365,6607,104,6503,6634,126,6508,258008,2048,4371652,750008,341432,0,15281,1824856,1440075,0,171439,94787,20164,0,0,0,56488,0,961,432
2049,7568,7568,7578,7383,1729638,1347637,382001,49510,101310,231181,7255,72,7183,7254,68,7186,0,2049,1347637,436571,311222,0,0,599844,0,0,101310,50918,20095,0,0,0,30297,0,313,129
2050,7568,7568,7578,7130,4652892,4183751,469141,32671,170249,266221,6726,87,6639,6761,115,6646,0,2050,4183751,693447,309268,0,161124,1870504,1149408,0,170249,55892,80671,0,0,0,33686,0,842,369
2051,7568,7568,7578,7462,978988,737672,241316,19356,90190,131770,7377,54,7323,7388,53,7335,76478,2051,737672,300340,125950,0,87079,224303,0,0,90190,29515,42893,0,0,0,17782,0,191,74
2052,7568,7568,7578,7571,55260,35294,19966,1172,5228,13566,7558,24,7534,7567,27,7540,0,2052,35294,22199,7357,0,5738,0,0,0,5228,2300,1735,0,0,0,1193,0,10,4
2053,7568,7568,7578,6998,142740,135605,7135,1328,1337,4470,6276,133,6143,6303,155,6148,7023529,2053,135605,13908,29091,0,816,56290,35500,0,1337,505,639,0,0,0,193,0,1292,695
2054,7568,7568,7578,7491,790218,542393,247825,30716,69719,147390,7425,39,7386,7436,42,7394,0,2054,542393,281139,80927,0,91687,88640,0,0,69719,33165,16762,0,0,0,19792,0,143,55
2055,7568,7568,7578,6401,9281076,8924722,356354,170927,90709,94718,5035,147,4888,5085,193,4892,4738290,2055,8924722,986490,465940,0,748426,2238086,4485780,0,90709,52379,7397,0,0,0,30933,0,2533,1316
2056,7568,7568,7578,6568,326407,306036,20371,8962,2698,8711,5680,107,5573,5704,124,5580,10157786,2056,306036,28354,73718,0,249,94263,109452,0,2698,1309,911,0,0,0,478,0,1888,864
2057,7568,7568,7578,6691,60786,60786,0,0,0,0,6011,112,5899,6034,133,5901,8587404,2057,60786,4598,24568,0,0,31620,0,0,0,0,0,0,0,0,0,0,1557,657
2058,7568,7568,7578,7578,0,0,0,0,0,0,7568,41,7527,7578,47,7531,0,2058,0,0,0,0,0,0,0,0,0,0,0,0,0,0,0,0,0,0
2059,7568,7568,7578,7578,0,0,0,0,0,0,7568,25,7543,7578,27,7551,0,2059,0,0,0,0,0,0,0,0,0,0,0,0,0,0,0,0,0,0
2060,7568,7568,7578,7578,0,0,0,0,0,0,7568,35,7533,7578,42,7536,0,2060,0,0,0,0,0,0,0,0,0,0,0,0,0,0,0,0,0,0
2061,7568,7568,7578,7491,554016,286303,267713,103090,71807,92816,7408,77,7331,7417,81,7336,330144,2061,286303,205369,72780,0,8154,0,0,0,71807,40754,7100,0,0,0,23953,0,160,74
2062,7568,7568,7578,7370,1364116,1057107,307009,63345,97521,146143,7218,84,7134,7226,92,7134,571617,2062,1057107,324341,207952,0,14490,479180,31144,0,97521,42695,29418,0,0,0,25408,0,350,144
2063,7568,7568,7578,6330,21280626,18093898,3186728,1163504,989134,1034090,3717,175,3542,3764,212,3552,0,2063,18093898,3698034,1882612,0,277447,4930433,7305372,0,989134,375768,385704,0,0,0,227662,0,3851,2566
2064,7568,7568,7578,7578,0,0,0,0,0,0,7568,35,7533,7578,39,7539,0,2064,0,0,0,0,0,0,0,0,0,0,0,0,0,0,0,0,0,0
2065,7568,7568,7578,7578,0,0,0,0,0,0,7568,41,7527,7578,45,7533,0,2065,0,0,0,0,0,0,0,0,0,0,0,0,0,0,0,0,0,0
2066,7568,7568,7578,7378,1950678,1691196,259482,4785,112047,142650,7215,69,7146,7219,64,7155,0,2066,1691196,486330,372884,0,158894,662036,11052,0,112047,25976,70249,0,0,0,15822,0,353,159
2067,7568,7568,7578,7578,0,0,0,0,0,0,7568,47,7521,7578,56,7522,0,2067,0,0,0,0,0,0,0,0,0,0,0,0,0,0,0,0,0,0
2068,7568,7568,7578,7578,0,0,0,0,0,0,7568,21,7547,7578,24,7554,0,2068,0,0,0,0,0,0,0,0,0,0,0,0,0,0,0,0,0,0
2069,7568,7568,7578,7578,0,0,0,0,0,0,7568,40,7528,7578,44,7534,0,2069,0,0,0,0,0,0,0,0,0,0,0,0,0,0,0,0,0,0
2070,7568,7568,7578,7489,214127,138387,75740,19073,24222,32445,7424,43,7381,7435,50,7385,581617,2070,138387,71773,40178,0,16404,10032,0,0,24222,10640,7297,0,0,0,6285,0,144,54
2071,7568,7568,7578,7578,0,0,0,0,0,0,7568,39,7529,7578,43,7535,0,2071,0,0,0,0,0,0,0,0,0,0,0,0,0,0,0,0,0,0
2072,7568,7568,7578,7578,0,0,0,0,0,0,7568,31,7537,7578,36,7542,0,2072,0,0,0,0,0,0,0,0,0,0,0,0,0,0,0,0,0,0
2073,7568,7568,7578,7497,401046,210648,190398,52971,66667,70760,7439,47,7392,7449,50,7399,311808,2073,210648,156971,53677,0,0,0,0,0,66667,28016,21932,0,0,0,16719,0,129,48
2074,7568,7568,7578,7578,0,0,0,0,0,0,7568,26,7542,7578,31,7547,0,2074,0,0,0,0,0,0,0,0,0,0,0,0,0,0,0,0,0,0
2075,7568,7568,7578,7578,0,0,0,0,0,0,7568,7,7561,7578,11,7567,0,2075,0,0,0,0,0,0,0,0,0,0,0,0,0,0,0,0,0,0
2076,7568,7568,7578,7578,0,0,0,0,0,0,7568,42,7526,7578,44,7534,0,2076,0,0,0,0,0,0,0,0,0,0,0,0,0,0,0,0,0,0
2077,7568,7568,7578,7578,0,0,0,0,0,0,7568,6,7562,7578,9,7569,0,2077,0,0,0,0,0,0,0,0,0,0,0,0,0,0,0,0,0,0
2078,7568,7568,7578,7577,10398,7386,3012,430,1125,1457,7566,50,7516,7577,56,7521,654,2078,7386,3364,2792,0,1230,0,0,0,1125,174,869,0,0,0,82,0,2,0
2079,7568,7568,7578,7578,0,0,0,0,0,0,7568,6,7562,7578,11,7567,0,2079,0,0,0,0,0,0,0,0,0,0,0,0,0,0,0,0,0,0
2080,7568,7568,7578,7578,0,0,0,0,0,0,7568,36,7532,7578,40,7538,0,2080,0,0,0,0,0,0,0,0,0,0,0,0,0,0,0,0,0,0
2081,7568,7568,7578,7502,119685,77314,42371,12055,14409,15907,7446,76,7370,7458,80,7378,554487,2081,77314,38036,36105,0,3173,0,0,0,14409,5860,5485,0,0,0,3064,0,122,44
2082,7568,7568,7578,7578,0,0,0,0,0,0,7568,22,7546,7578,27,7551,0,2082,0,0,0,0,0,0,0,0,0,0,0,0,0,0,0,0,0,0
2083,7568,7568,7578,7578,0,0,0,0,0,0,7568,46,7522,7578,53,7525,0,2083,0,0,0,0,0,0,0,0,0,0,0,0,0,0,0,0,0,0
2084,7568,7568,7578,7578,0,0,0,0,0,0,7568,32,7536,7578,33,7545,0,2084,0,0,0,0,0,0,0,0,0,0,0,0,0,0,0,0,0,0
2085,7568,7568,7578,7578,0,0,0,0,0,0,7568,22,7546,7578,25,7553,0,2085,0,0,0,0,0,0,0,0,0,0,0,0,0,0,0,0,0,0
2086,7568,7568,7578,7578,0,0,0,0,0,0,7568,32,7536,7578,34,7544,0,2086,0,0,0,0,0,0,0,0,0,0,0,0,0,0,0,0,0,0
2087,7568,7568,7578,6618,194331,184970,9361,5323,2391,1647,5834,115,5719,5862,140,5722,9441170,2087,184970,14139,46678,0,818,63273,60062,0,2391,430,1762,0,0,0,199,0,1734,756
2088,7568,7568,7578,7557,116411,76415,39996,13558,16252,10186,7534,41,7493,7545,45,7500,71473,2088,76415,32155,44260,0,0,0,0,0,16252,5778,7344,0,0,0,3130,0,34,12
2089,7568,7568,7578,7578,0,0,0,0,0,0,7568,24,7544,7578,29,7549,0,2089,0,0,0,0,0,0,0,0,0,0,0,0,0,0,0,0,0,0
2090,7568,7568,7578,7576,1581,945,636,57,195,384,7565,27,7538,7575,26,7549,14997,2090,0,0,0,0,0,0,0,0,0,0,0,0,0,0,0,0,0,0
2091,7568,7568,7578,7578,0,0,0,0,0,0,7568,10,7558,7578,11,7567,0,2091,0,0,0,0,0,0,0,0,0,0,0,0,0,0,0,0,0,0
2092,7568,7568,7578,7578,0,0,0,0,0,0,7568,21,7547,7578,26,7552,0,2092,0,0,0,0,0,0,0,0,0,0,0,0,0,0,0,0,0,0
2093,7568,7568,7578,7578,0,0,0,0,0,0,7568,22,7546,7578,26,7552,0,2093,0,0,0,0,0,0,0,0,0,0,0,0,0,0,0,0,0,0
2094,7568,7568,7578,7578,0,0,0,0,0,0,7568,23,7545,7578,26,7552,0,2094,0,0,0,0,0,0,0,0,0,0,0,0,0,0,0,0,0,0
2095,7568,7568,7578,7578,0,0,0,0,0,0,7568,3,7565,7578,3,7575,0,2095,0,0,0,0,0,0,0,0,0,0,0,0,0,0,0,0,0,0
2096,7568,7568,7578,7578,0,0,0,0,0,0,7568,12,7556,7578,0,7578,0,2096,0,0,0,0,0,0,0,0,0,0,0,0,0,0,0,0,0,0
2097,7568,7568,7578,7578,0,0,0,0,0,0,7568,0,7568,7578,0,7578,0,2097,0,0,0,0,0,0,0,0,0,0,0,0,0,0,0,0,0,0
2098,7568,7568,7578,7578,0,0,0,0,0,0,7568,12,7556,7578,15,7563,0,2098,945,670,218,0,57,0,0,0,195,21,167,0,0,0,7,0,3,1
2099,7568,7568,7578,7578,0,0,0,0,0,0,7568,21,7547,7578,24,7554,0,2099,0,0,0,0,0,0,0,0,0,0,0,0,0,0,0,0,0,0
