"Year","AFem","AFemDeath","AMal","AMalDeath","Eggs","EggsDeath","FryGrad","FryExit","FryDeath","FryInStr","allMortAF","baseMortAF","tempMortAF","allMortAM","baseMortAM","tempMortAM","InVivo"
2010,7568,7568,7578,6305,21092368,17634075,3458293,1546033,644625,1267635,2126,188,1938,2172,230,1942,9003984
2011,7568,7568,7578,6310,13500192,10580785,2919407,1787713,584773,546921,1108,190,918,1150,230,920,22260431
2012,7568,7568,7578,6334,19523199,16941943,2581256,778116,585761,1217379,3805,173,3632,3852,212,3640,1276344
2013,7568,7568,7578,6322,34681176,29798704,4882472,1352868,1147516,2382088,1292,199,1093,1335,235,1100,0
2014,7568,7568,7578,7541,320508,177997,142511,23450,35923,83138,7510,73,7437,7520,78,7442,0
2015,7568,7568,7578,6322,32951186,25397321,7553865,4650106,1849056,1054703,611,201,410,650,237,413,5504102
2016,7568,7568,7578,7452,624402,441207,183195,10670,35305,137220,7362,83,7279,7372,97,7275,513954
2017,7568,7568,7578,7259,1902781,1666896,235885,14738,69366,151781,7027,84,6943,7040,87,6953,1092812
2018,7568,7568,7578,6329,21606660,18310750,3295910,1184283,879658,1231969,3658,168,3490,3706,214,3492,0
2019,7568,7568,7578,6719,4751941,4396652,355289,4289,90371,260629,5964,96,5868,5979,100,5879,4132059
2020,7568,7568,7578,7381,1829106,1639189,189917,114,44583,145220,7237,65,7172,7238,61,7177,0
2021,7568,7568,7578,7455,1127304,935013,192291,1336,46310,144645,7364,46,7318,7374,47,7327,0
2022,7568,7568,7578,6891,7001442,6304021,697421,102348,193709,401364,6301,93,6208,6322,106,6216,0
2023,7568,7568,7578,6502,13914468,12294899,1619569,302717,434140,882712,5050,132,4918,5078,150,4928,0
2024,7568,7568,7578,6313,34620390,29263078,5357312,1974405,981089,2401818,1303,199,1104,1343,236,1107,0
2025,7568,7568,7578,6496,13085568,12133336,952232,56306,296454,599472,5200,105,5095,5236,138,5098,0
2026,7568,7568,7578,7420,1425708,1088638,337070,23053,91549,222468,7310,41,7269,7320,41,7279,0
2027,7568,7568,7578,6332,23215688,19985248,3230440,1376693,707094,1146653,3299,169,3130,3343,207,3136,374806
2028,7568,7568,7578,6824,6061033,5488245,572788,47662,165147,359979,6152,119,6033,6180,137,6043,1772400
2029,7568,7568,7578,6705,4520500,4120043,400457,48847,94982,256628,5926,114,5812,5944,124,5820,4575096
2030,7568,7568,7578,7578,0,0,0,0,0,0,7568,20,7548,7578,24,7554,0
2031,7568,7568,7578,7338,2182770,1796299,386471,10003,92535,283933,7173,66,7107,7173,60,7113,0
2032,7568,7568,7578,6323,15278884,13056079,2222805,838693,404404,979708,1740,190,1550,1780,226,1554,16973969
2033,7568,7568,7578,6315,17525767,14822707,2703060,1266015,658549,778496,3534,172,3362,3579,211,3368,4782137
2034,7568,7568,7578,7403,1083517,836479,247038,22218,59770,165050,7285,55,7230,7291,48,7243,480341
2035,7568,7568,7578,6361,16478532,14942190,1536342,347882,357142,831318,4586,149,4437,4635,193,4442,0
2036,7568,7568,7578,6447,1956658,1795865,160793,18825,36109,105859,5210,122,5088,5260,166,5094,11123362
2037,7568,7568,7578,6896,6653304,6231803,421501,11696,82971,326834,6364,95,6269,6391,113,6278,0
2038,7568,7568,7578,7521,118506,72810,45696,9817,11551,24328,7475,46,7429,7487,48,7439,395412
2039,7568,7568,7578,6713,8402085,8033295,368790,1688,81022,286080,6047,108,5939,6059,111,5948,2961
2040,7568,7568,7578,7129,4409748,4103617,306131,2650,64097,239384,6770,59,6711,6804,88,6716,0
2041,7568,7568,7578,7578,0,0,0,0,0,0,7568,41,7527,7578,45,7533,0
2042,7568,7568,7578,7578,0,0,0,0,0,0,7568,46,7522,7578,49,7529,0
2043,7568,7568,7578,7578,0,0,0,0,0,0,7568,8,7560,7578,11,7567,0
2044,7568,7568,7578,6555,13433706,11935027,1498679,208107,364942,925630,5137,144,4993,5168,168,5000,0
2045,7568,7568,7578,6768,7835868,7091175,744693,202051,201494,341148,6150,96,6054,6166,102,6064,0
2046,7568,7568,7578,6798,7791660,7104902,686758,79023,256652,351083,6158,80,6078,6173,86,6087,0
2047,7568,7568,7578,6403,14713688,13264876,1448812,198359,429863,820590,4905,132,4773,4957,181,4776,2050
2048,7568,7568,7578,7057,5182954,4490541,692413,165626,174034,352753,6587,105,6482,6616,126,6490,238956
2049,7568,7568,7578,7372,1845684,1455434,390250,46997,103298,239955,7234,71,7163,7235,66,7169,0
2050,7568,7568,7578,7096,4989978,4509898,480080,34464,173450,272166,6665,87,6578,6699,113,6586,0
2051,7568,7568,7578,7435,1220567,979448,241119,17513,89349,134257,7332,54,7278,7343,54,7289,83569
2052,7568,7568,7578,7571,66312,42237,24075,1863,6702,15510,7556,24,7532,7566,27,7539,0
2053,7568,7568,7578,6805,220740,209811,10929,3833,1872,5224,5678,143,5535,5702,155,5547,10260794
2054,7568,7568,7578,7489,806796,556202,250594,31048,70371,149175,7422,40,7382,7433,42,7391,0
2055,7568,7568,7578,6395,9146761,8797270,349491,170022,88857,90612,5074,147,4927,5122,191,4931,4657091
2056,7568,7568,7578,6321,860302,790990,69312,31906,12570,24836,4188,166,4022,4229,198,4031,17895357
2057,7568,7568,7578,6670,906162,849813,56349,5508,21428,29413,5956,113,5843,5986,138,5848,8051740
2058,7568,7568,7578,7578,0,0,0,0,0,0,7568,41,7527,7578,46,7532,0
2059,7568,7568,7578,7578,0,0,0,0,0,0,7568,25,7543,7578,27,7551,0
2060,7568,7568,7578,7576,11052,7710,3342,276,737,2329,7566,35,7531,7575,42,7533,0
2061,7568,7568,7578,6673,6487877,5778734,709143,234334,184228,290581,5818,113,5705,5843,134,5709,3200713
2062,7568,7568,7578,6615,8317593,7440806,876787,217719,267700,391368,5614,117,5497,5643,142,5501,2492771
2063,7568,7568,7578,6327,21811122,18471874,3339248,1260438,1023142,1055668,3621,173,3448,3665,207,3458,0
2064,7568,7568,7578,7578,0,0,0,0,0,0,7568,36,7532,7578,39,7539,0
2065,7568,7568,7578,7578,0,0,0,0,0,0,7568,39,7529,7578,43,7535,0
2066,7568,7568,7578,7372,1994886,1730366,264520,4845,114131,145544,7207,69,7138,7206,64,7142,0
2067,7568,7568,7578,7578,0,0,0,0,0,0,7568,46,7522,7578,56,7522,0
2068,7568,7568,7578,7578,0,0,0,0,0,0,7568,21,7547,7578,24,7554,0
2069,7568,7568,7578,7578,0,0,0,0,0,0,7568,40,7528,7578,45,7533,0
2070,7568,7568,7578,7527,116063,71399,44664,10793,14245,19626,7485,47,7438,7497,54,7443,342595
2071,7568,7568,7578,7578,0,0,0,0,0,0,7568,39,7529,7578,43,7535,0
2072,7568,7568,7578,7578,0,0,0,0,0,0,7568,30,7538,7578,36,7542,0
2073,7568,7568,7578,7500,400971,211942,189029,49042,66392,73595,7444,48,7396,7454,49,7405,284253
2074,7568,7568,7578,7578,0,0,0,0,0,0,7568,27,7541,7578,32,7546,0
2075,7568,7568,7578,7578,0,0,0,0,0,0,7568,6,7562,7578,10,7568,0
2076,7568,7568,7578,7578,0,0,0,0,0,0,7568,41,7527,7578,45,7533,0
2077,7568,7568,7578,7578,0,0,0,0,0,0,7568,6,7562,7578,9,7569,0
2078,7568,7568,7578,7576,15597,10338,5259,80,2065,3114,7565,52,7513,7574,57,7517,981
2079,7568,7568,7578,7578,0,0,0,0,0,0,7568,6,7562,7578,11,7567,0
2080,7568,7568,7578,7578,0,0,0,0,0,0,7568,35,7533,7578,40,7538,0
2081,7568,7568,7578,7548,73850,47260,26590,6938,8863,10789,7520,73,7447,7530,77,7453,191398
2082,7568,7568,7578,7578,0,0,0,0,0,0,7568,23,7545,7578,27,7551,0
2083,7568,7568,7578,7578,0,0,0,0,0,0,7568,45,7523,7578,52,7526,0
2084,7568,7568,7578,7578,0,0,0,0,0,0,7568,32,7536,7578,33,7545,0
2085,7568,7568,7578,7578,0,0,0,0,0,0,7568,25,7543,7578,28,7550,0
2086,7568,7568,7578,7578,0,0,0,0,0,0,7568,31,7537,7578,33,7545,0
2087,7568,7568,7578,6347,1273960,1161451,112509,58460,38636,15413,4763,160,4603,4810,200,4610,14288625
2088,7568,7568,7578,7449,11052,8426,2626,2231,379,16,7361,48,7313,7372,57,7315,1132830
2089,7568,7568,7578,7578,0,0,0,0,0,0,7568,25,7543,7578,30,7548,0
2090,7568,7568,7578,7578,0,0,0,0,0,0,7568,27,7541,7578,28,7550,0
2091,7568,7568,7578,7578,0,0,0,0,0,0,7568,12,7556,7578,12,7566,0
2092,7568,7568,7578,7578,0,0,0,0,0,0,7568,21,7547,7578,26,7552,0
2093,7568,7568,7578,7578,0,0,0,0,0,0,7568,21,7547,7578,25,7553,0
2094,7568,7568,7578,7578,0,0,0,0,0,0,7568,23,7545,7578,26,7552,0
2095,7568,7568,7578,7578,0,0,0,0,0,0,7568,3,7565,7578,3,7575,0
2096,7568,7568,7578,7578,0,0,0,0,0,0,7568,12,7556,7578,0,7578,0
2097,7568,7568,7578,7578,0,0,0,0,0,0,7568,0,7568,7578,0,7578,0
2098,7568,7568,7578,7578,0,0,0,0,0,0,7568,12,7556,7578,15,7563,0
2099,7568,7568,7578,7578,0,0,0,0,0,0,7568,22,7546,7578,26,7552,0
