"Year","allMortEgg","baseMortEgg","tempMortEgg","denMortEgg","incMortEgg","superMortEgg","lostMortEgg","catMortEgg","allMortFry","baseMortFry","tempMortFry","denMortFry","habMortFry","freshMortFry","seasMortFry","catMortFry","allMortSF","allMortSM"
2010,17634075,4465109,3054590,0,493637,4224824,5395915,0,644625,384309,30264,0,0,0,230052,0,5442,4133
2011,10580785,3039496,1780796,0,518340,2485863,2756290,0,584773,324163,66507,0,0,0,194103,0,6460,5160
2012,16941943,3446631,1636266,0,483558,4587050,6788438,0,585761,302317,101840,0,0,0,181604,0,3763,2482
2013,29798704,9084040,5052939,0,885037,7311062,7465626,0,1147516,402249,500431,0,0,0,244836,0,6276,4987
2014,177997,135815,40950,0,1232,0,0,0,35923,19696,4503,0,0,0,11724,0,58,21
2015,25397321,7894695,2194293,0,2089289,6504071,6714973,0,1849056,834270,510963,0,0,0,503823,0,6957,5672
2016,441207,229993,102758,0,7872,100584,0,0,35305,22204,0,0,0,0,13101,0,206,80
2017,1666896,327022,142206,0,63046,856779,277843,0,69366,28715,23756,0,0,0,16895,0,541,219
2018,18310750,3865895,1979585,0,147434,4935100,7382736,0,879658,389759,254682,0,0,0,235217,0,3910,2623
2019,4396652,612409,285919,0,0,1280486,2217838,0,90371,34856,34685,0,0,0,20830,0,1604,740
2020,1639189,440427,299847,0,109177,740004,49734,0,44583,16119,18895,0,0,0,9569,0,331,143
2021,935013,323182,143699,0,93933,374199,0,0,46310,19753,14880,0,0,0,11677,0,204,81
2022,6304021,873698,286498,0,155885,1771808,3216132,0,193709,91475,47544,0,0,0,54690,0,1267,569
2023,12294899,2154733,834091,0,310057,3149510,5846508,0,434140,194522,122518,0,0,0,117100,0,2518,1424
2024,29263078,8709002,3997969,0,1271517,7653184,7631406,0,981089,502360,176581,0,0,0,302148,0,6265,4970
2025,12133336,1598278,630451,0,556106,3336213,6012288,0,296454,100582,134926,0,0,0,60946,0,2368,1260
2026,1088638,398813,135330,0,34232,520263,0,0,91549,42894,23069,0,0,0,25586,0,258,100
2027,19985248,3824658,2286129,0,1424230,5133807,7316424,0,707094,386103,89231,0,0,0,231760,0,4269,2989
2028,5488245,797216,414084,0,26527,1682008,2568410,0,165147,66726,58428,0,0,0,39993,0,1416,644
2029,4120043,527359,240020,0,49404,1176016,2127244,0,94982,49053,17017,0,0,0,28912,0,1642,761
2030,0,0,0,0,0,0,0,0,0,0,0,0,0,0,0,0,0,0
2031,1796299,553882,231798,0,0,905625,104994,0,92535,44070,22191,0,0,0,26274,0,395,165
2032,13056079,3467058,1558182,0,566926,3384208,4079705,0,404404,223952,46461,0,0,0,133991,0,5828,4543
2033,14822707,2775993,1715737,0,278590,3927833,6124554,0,658549,343900,108201,0,0,0,206448,0,4034,2736
2034,836479,305374,179558,0,0,351547,0,0,59770,30796,10846,0,0,0,18128,0,283,112
2035,14942190,2173516,1397810,0,608857,3732935,7029072,0,357142,193871,47118,0,0,0,116153,0,2982,1726
2036,1795865,231819,195704,0,226,450065,918051,0,36109,17990,7887,0,0,0,10232,0,2358,1187
2037,6231803,731454,532969,0,139918,2064462,2763000,0,82971,45516,10380,0,0,0,27075,0,1204,505
2038,72810,43298,17713,0,11799,0,0,0,11551,6432,1391,0,0,0,3728,0,93,34
2039,8033295,839759,682125,0,125525,2252438,4133448,0,81022,33540,27493,0,0,0,19989,0,1521,654
2040,4103617,570018,399203,0,135221,1656357,1342818,0,64097,30519,15608,0,0,0,17970,0,798,325
2041,0,0,0,0,0,0,0,0,0,0,0,0,0,0,0,0,0,0
2042,0,0,0,0,0,0,0,0,0,0,0,0,0,0,0,0,0,0
2043,0,0,0,0,0,0,0,0,0,0,0,0,0,0,0,0,0,0
2044,11935027,1999120,991374,0,272548,3234401,5437584,0,364942,179312,77887,0,0,0,107743,0,2431,1387
2045,7091175,784226,435761,0,10591,2163703,3696894,0,201494,106445,31565,0,0,0,63484,0,1418,602
2046,7104902,913678,403801,0,91371,2231250,3464802,0,256652,83892,121948,0,0,0,50812,0,1410,625
2047,13264876,1942077,1054854,0,6701,3552680,6708564,0,429863,174297,150303,0,0,0,105263,0,2663,1446
2048,4490541,761201,346683,0,15483,1856674,1510500,0,174034,96278,20364,0,0,0,57392,0,981,441
2049,1455434,451746,319980,0,0,667130,16578,0,103298,51860,20604,0,0,0,30834,0,334,137
2050,4509898,713306,320413,0,165037,1946220,1364922,0,173450,56927,82248,0,0,0,34275,0,903,397
2051,979448,321051,141590,0,93229,423578,0,0,89349,28986,42985,0,0,0,17378,0,236,92
2052,42237,26084,9261,0,6892,0,0,0,6702,3007,2076,0,0,0,1619,0,12,5
2053,209811,19208,43659,0,1188,74456,71300,0,1872,779,796,0,0,0,297,0,1890,1103
2054,556202,284767,82161,0,89841,99433,0,0,70371,33531,16861,0,0,0,19979,0,146,56
2055,8797270,954363,449440,0,717886,2160265,4515316,0,88857,51490,7026,0,0,0,30341,0,2494,1273
2056,790990,93765,203204,0,3035,251032,239954,0,12570,7525,2337,0,0,0,2708,0,3380,2092
2057,849813,86287,93393,0,0,234831,435302,0,21428,5559,12847,0,0,0,3022,0,1612,684
2058,0,0,0,0,0,0,0,0,0,0,0,0,0,0,0,0,0,0
2059,0,0,0,0,0,0,0,0,0,0,0,0,0,0,0,0,0,0
2060,7710,3952,2250,0,1508,0,0,0,737,217,418,0,0,0,102,0,2,1
2061,5778734,733044,333545,0,111520,1556402,3044223,0,184228,102213,21219,0,0,0,60796,0,1750,830
2062,7440806,1029859,670453,0,182621,1719143,3838730,0,267700,117609,79436,0,0,0,70655,0,1954,972
2063,18471874,3872106,1939962,0,302019,5002681,7355106,0,1023142,390559,395789,0,0,0,236794,0,3947,2662
2064,0,0,0,0,0,0,0,0,0,0,0,0,0,0,0,0,0,0
2065,0,0,0,0,0,0,0,0,0,0,0,0,0,0,0,0,0,0
2066,1730366,495613,379973,0,161708,670968,22104,0,114131,26423,71620,0,0,0,16088,0,361,166
2067,0,0,0,0,0,0,0,0,0,0,0,0,0,0,0,0,0,0
2068,0,0,0,0,0,0,0,0,0,0,0,0,0,0,0,0,0,0
2069,0,0,0,0,0,0,0,0,0,0,0,0,0,0,0,0,0,0
2070,71399,41074,21235,0,9090,0,0,0,14245,6278,4418,0,0,0,3549,0,83,30
2071,0,0,0,0,0,0,0,0,0,0,0,0,0,0,0,0,0,0
2072,0,0,0,0,0,0,0,0,0,0,0,0,0,0,0,0,0,0
2073,211942,158667,53275,0,0,0,0,0,66392,27499,22487,0,0,0,16406,0,124,46
2074,0,0,0,0,0,0,0,0,0,0,0,0,0,0,0,0,0,0
2075,0,0,0,0,0,0,0,0,0,0,0,0,0,0,0,0,0,0
2076,0,0,0,0,0,0,0,0,0,0,0,0,0,0,0,0,0,0
2077,0,0,0,0,0,0,0,0,0,0,0,0,0,0,0,0,0,0
2078,10338,6045,2629,0,1664,0,0,0,2065,342,1549,0,0,0,174,0,3,2
2079,0,0,0,0,0,0,0,0,0,0,0,0,0,0,0,0,0,0
2080,0,0,0,0,0,0,0,0,0,0,0,0,0,0,0,0,0,0
2081,47260,24411,20864,0,1985,0,0,0,8863,3564,3676,0,0,0,1623,0,48,18
2082,0,0,0,0,0,0,0,0,0,0,0,0,0,0,0,0,0,0
2083,0,0,0,0,0,0,0,0,0,0,0,0,0,0,0,0,0,0
2084,0,0,0,0,0,0,0,0,0,0,0,0,0,0,0,0,0,0
2085,0,0,0,0,0,0,0,0,0,0,0,0,0,0,0,0,0,0
2086,0,0,0,0,0,0,0,0,0,0,0,0,0,0,0,0,0,0
2087,1161451,110040,202121,0,8102,320432,520756,0,38636,15891,13920,0,0,0,8825,0,2805,1537
2088,8426,1626,6711,0,0,89,0,0,379,206,98,0,0,0,75,0,207,77
2089,0,0,0,0,0,0,0,0,0,0,0,0,0,0,0,0,0,0
2090,0,0,0,0,0,0,0,0,0,0,0,0,0,0,0,0,0,0
2091,0,0,0,0,0,0,0,0,0,0,0,0,0,0,0,0,0,0
2092,0,0,0,0,0,0,0,0,0,0,0,0,0,0,0,0,0,0
2093,0,0,0,0,0,0,0,0,0,0,0,0,0,0,0,0,0,0
2094,0,0,0,0,0,0,0,0,0,0,0,0,0,0,0,0,0,0
2095,0,0,0,0,0,0,0,0,0,0,0,0,0,0,0,0,0,0
2096,0,0,0,0,0,0,0,0,0,0,0,0,0,0,0,0,0,0
2097,0,0,0,0,0,0,0,0,0,0,0,0,0,0,0,0,0,0
2098,0,0,0,0,0,0,0,0,0,0,0,0,0,0,0,0,0,0
2099,0,0,0,0,0,0,0,0,0,0,0,0,0,0,0,0,0,0
