"Year","AFem","AFemDeath","AMal","AMalDeath","Eggs","EggsDeath","FryGrad","FryExit","FryDeath","FryInStr","allMortAF","baseMortAF","tempMortAF","allMortAM","baseMortAM","tempMortAM","InVivo"
2010,7568,7568,7578,6322,40284540,35523660,4760880,1979355,709499,2072026,278,193,85,314,229,85,0
2011,7568,7568,7578,6507,12776112,11683229,1092883,64115,269435,759333,5256,116,5140,5285,143,5142,0
2012,7568,7568,7578,6322,39212496,34155286,5057210,2593971,865516,1597723,472,194,278,510,229,281,0
2013,7568,7568,7578,6294,22949478,19998344,2951134,636018,502222,1812894,3415,158,3257,3467,204,3263,0
2014,7568,7568,7578,6279,32216580,26989625,5226955,1969508,861416,2396031,1738,179,1559,1788,224,1564,0
2015,7568,7568,7578,6305,6096198,5022222,1073976,542137,231327,300512,1593,190,1403,1638,232,1406,27000619
2016,7568,7568,7578,6385,16566948,14725861,1841087,353275,370266,1117546,4570,156,4414,4619,199,4420,0
2017,7568,7568,7578,6319,21975494,19188027,2787467,1429929,598648,758890,2237,197,2040,2277,233,2044,7506490
2018,7568,7568,7578,6322,40544262,37886445,2657817,1723730,495204,438883,231,190,41,267,226,41,0
2019,7568,7568,7578,6310,2972295,2685246,287049,102959,68876,115214,277,187,90,317,226,91,37400920
2020,7568,7568,7578,6323,26182188,22858820,3323368,1590737,817593,915038,2830,173,2657,2874,210,2664,0
2021,7568,7568,7578,6322,38393098,31369941,7023157,4207915,1222125,1593117,574,199,375,608,231,377,255746
2022,7568,7568,7578,6284,40030344,39725704,304640,226077,57193,21370,324,181,143,373,229,144,0
2023,7568,7568,7578,6301,20556720,18407648,2149072,556155,423726,1169191,3848,162,3686,3900,204,3696,0
2024,7568,7568,7578,6331,38223342,30236783,7986559,4697511,1379911,1909137,651,185,466,661,193,468,0
2025,7568,7568,7578,6306,28985331,23820962,5164369,2524155,1070632,1569582,470,187,283,514,228,286,10264768
2026,7568,7568,7578,6341,32006592,27345211,4661381,1529992,915741,2215648,1776,194,1582,1814,230,1584,0
2027,7568,7568,7578,6346,16555896,15234655,1321241,317011,307815,696415,4572,160,4412,4617,199,4418,0
2028,7568,7568,7578,6322,26772194,22784265,3987929,1440062,843737,1704130,700,193,507,736,229,507,11207652
2029,7568,7568,7578,6665,7446409,6817975,628434,119153,132978,376303,5811,123,5688,5834,139,5695,2275333
2030,7568,7568,7578,6288,37355760,33198443,4157317,1602215,811394,1743708,808,183,625,857,229,628,0
2031,7568,7568,7578,6323,35802954,29719030,6083924,2334433,1489237,2260254,1089,196,893,1125,232,893,0
2032,7568,7568,7578,6501,13732110,12460286,1271824,189132,275136,807556,5083,118,4965,5109,140,4969,0
2033,7568,7568,7578,6340,28291124,24278131,4012993,1905009,1022398,1085586,2352,194,2158,2394,233,2161,532718
2034,7568,7568,7578,6322,23118491,19126972,3991519,1722883,870745,1397891,2252,196,2056,2294,232,2062,6266816
2035,7568,7568,7578,6458,15097032,13263307,1833725,823120,429425,581180,4836,140,4696,4881,179,4702,0
2036,7568,7568,7578,6319,39720888,32961897,6758991,4327971,1253128,1177892,380,190,190,416,226,190,0
2037,7568,7568,7578,6312,36933101,30528587,6404514,3452465,1173443,1778606,880,190,690,923,230,693,24787
2038,7568,7568,7578,6323,21517169,18545607,2971562,1158864,617765,1194933,2376,183,2193,2415,221,2194,7195194
2039,7568,7568,7578,6272,40787406,33267991,7519415,4544168,1453269,1521978,187,182,5,231,226,5,0
2040,7568,7568,7578,6322,30133278,25454461,4678817,1581376,920986,2176455,2115,199,1916,2158,235,1923,0
2041,7568,7568,7578,6275,36162144,30686284,5475860,3393630,981295,1100935,1024,185,839,1073,229,844,0
2042,7568,7568,7578,6309,16742938,14408060,2334878,1180614,459091,695173,2644,184,2460,2689,224,2465,10500521
2043,7568,7568,7578,6280,18585999,16040886,2545113,1122976,428173,993964,785,182,603,831,226,605,18918081
2044,7568,7568,7578,6268,38140452,32332232,5808220,3025490,1024265,1758465,666,184,482,712,228,484,0
2045,7568,7568,7578,6296,24723324,21684725,3038599,920652,548862,1569085,3094,168,2926,3146,213,2933,0
2046,7568,7568,7578,6323,27590325,22576736,5013589,2201466,1298902,1513221,2410,182,2228,2450,218,2232,916974
2047,7568,7568,7578,6670,12765060,10755134,2009926,560743,462109,987074,5258,136,5122,5286,157,5129,0
2048,7568,7568,7578,6321,11537150,9910898,1626252,926391,321180,378681,2222,197,2025,2260,232,2028,18051041
2049,7568,7568,7578,6281,24480180,20975168,3505012,1585210,726174,1193628,3138,166,2972,3188,210,2978,0
2050,7568,7568,7578,6469,11253558,10113874,1139684,120135,292044,727505,5114,118,4996,5156,154,5002,2317465
2051,7568,7568,7578,6323,27392382,25679780,1712602,672526,313679,726397,2611,174,2437,2650,208,2442,0
2052,7568,7568,7578,6311,22548667,19769214,2779453,1046648,543992,1188813,3345,177,3168,3389,215,3174,791747
2053,7568,7568,7578,6305,10552157,9204405,1347752,421582,282887,643283,2985,172,2813,3032,213,2819,14820447
2054,7568,7568,7578,6324,25071462,22225465,2845997,610174,573466,1662357,3031,174,2857,3073,208,2865,0
2055,7568,7568,7578,6371,11334289,10781753,552536,51773,100871,399892,4700,141,4559,4748,182,4566,4533521
2056,7568,7568,7578,6313,31307527,27148478,4159049,1503016,704252,1951781,494,193,301,531,230,301,7805103
2057,7568,7568,7578,7558,163968,122141,41827,539,10026,31262,7536,46,7490,7546,51,7495,12864
2058,7568,7568,7578,6536,11250936,10316148,934788,25388,212647,696753,5532,122,5410,5559,144,5415,0
2059,7568,7568,7578,6577,11809062,10795257,1013805,104974,221186,687645,5431,119,5312,5457,135,5322,0
2060,7568,7568,7578,7021,5752566,5385262,367304,9269,77941,280094,6527,88,6439,6552,107,6445,0
2061,7568,7568,7578,6343,17071871,15072417,1999454,363326,413227,1222901,4154,158,3996,4199,195,4004,1799870
2062,7568,7568,7578,6322,38068614,32533144,5535470,2594618,1289416,1651436,679,194,485,716,229,487,0
2063,7568,7568,7578,6322,33587028,28284954,5302074,2040924,908686,2352464,1490,203,1287,1530,239,1291,0
2064,7568,7568,7578,6416,13444758,12092394,1352364,334487,301754,716123,5135,146,4989,5184,191,4993,0
2065,7568,7568,7578,6343,20594837,17781706,2813131,817109,534610,1461412,3571,179,3392,3615,217,3398,1497028
2066,7568,7568,7578,6666,15003090,13189403,1813687,286731,448495,1078461,4853,168,4685,4882,189,4693,0
2067,7568,7568,7578,7578,0,0,0,0,0,0,7568,44,7524,7578,48,7530,0
2068,7568,7568,7578,6328,18463707,16474752,1988955,707632,519727,761596,3190,174,3016,3229,209,3020,5747329
2069,7568,7568,7578,6323,33863328,32836757,1026571,653006,195862,177703,1440,204,1236,1477,239,1238,0
2070,7568,7568,7578,6285,28480229,24393778,4086451,1477441,932763,1676247,1089,186,903,1139,232,907,7343465
2071,7568,7568,7578,6863,7084332,6660749,423583,11852,82945,328786,6286,90,6196,6309,105,6204,0
2072,7568,7568,7578,7303,2575116,2270848,304268,1688,79130,223450,7102,108,6994,7097,95,7002,0
2073,7568,7568,7578,7578,0,0,0,0,0,0,7568,21,7547,7578,24,7554,0
2074,7568,7568,7578,6467,14171769,13198332,973437,94020,242556,636861,5002,126,4876,5043,164,4879,7947
2075,7568,7568,7578,7434,202647,158897,43750,2105,13063,28582,7328,52,7276,7336,53,7283,1123593
2076,7568,7568,7578,7578,0,0,0,0,0,0,7568,23,7545,7578,30,7548,0
2077,7568,7568,7578,6350,18401580,16926215,1475365,383009,291825,800531,4238,159,4079,4282,196,4086,0
2078,7568,7568,7578,6318,21965850,18938531,3027319,894871,601630,1530818,3593,170,3423,3640,211,3429,0
2079,7568,7568,7578,6313,26305154,22701343,3603811,2216210,704744,682857,711,190,521,748,228,520,11616972
2080,7568,7568,7578,6321,9529582,7904815,1624767,848020,360705,416042,1907,197,1710,1945,233,1712,21803303
2081,7568,7568,7578,6386,10719136,9693944,1025192,119480,230878,674834,4781,153,4628,4828,196,4632,4693257
2082,7568,7568,7578,6318,23408136,22190971,1217165,446388,276822,493955,3332,168,3164,3376,207,3169,0
2083,7568,7568,7578,6322,9897563,8393249,1504314,759237,331951,413126,2662,188,2474,2704,224,2480,17269265
2084,7568,7568,7578,6979,5597838,5382254,215584,5413,38772,171399,6555,78,6477,6578,95,6483,0
2085,7568,7568,7578,6373,14240502,12901806,1338696,240508,364055,734133,4991,127,4864,5042,171,4871,0
2086,7568,7568,7578,6386,15732522,13676898,2055624,616891,564039,874694,4721,142,4579,4770,186,4584,0
2087,7568,7568,7578,7468,999831,606427,393404,79855,120556,192993,7387,41,7346,7398,42,7356,375
2088,7568,7568,7578,6541,11925720,10537352,1388368,273432,424482,690454,5088,155,4933,5116,175,4941,1786997
2089,7568,7568,7578,6322,26086259,22219817,3866442,1947714,704146,1214582,2089,194,1895,2130,230,1900,4202501
2090,7568,7568,7578,6567,10563605,9623473,940132,79034,304758,556340,5653,115,5538,5677,132,5545,18685
2091,7568,7568,7578,6757,8432676,7606474,826202,210935,215454,399813,6042,102,5940,6058,106,5952,0
2092,7568,7568,7578,6366,16666416,14932187,1734229,239733,395872,1098624,4552,171,4381,4597,207,4390,0
2093,7568,7568,7578,6336,8956749,7988377,968372,150267,229670,588435,4470,158,4312,4515,196,4319,8196581
2094,7568,7568,7578,6533,12024576,10910833,1113743,103801,259541,750401,5392,136,5256,5420,159,5261,0
2095,7568,7568,7578,6348,12223164,11033791,1189373,527673,257810,403890,2674,190,2484,2717,225,2492,14864103
2096,7568,7568,7578,7388,1204207,974213,229994,42075,51947,135972,7271,60,7211,7270,53,7217,437015
2097,7568,7568,7578,6346,14837310,13569489,1267821,295020,278879,693922,4883,152,4731,4932,196,4736,0
2098,7568,7568,7578,6283,19202850,16749667,2453183,826780,492526,1133877,4093,174,3919,4144,217,3927,0
2099,7568,1288,7578,1255,1425708,202759,0,0,0,0,1030,179,851,1052,196,856,0
