"Year","allMortEgg","baseMortEgg","tempMortEgg","denMortEgg","incMortEgg","superMortEgg","lostMortEgg","catMortEgg","allMortFry","baseMortFry","tempMortFry","denMortFry","habMortFry","freshMortFry","seasMortFry","catMortFry","allMortSF","allMortSM"
2010,35523660,8891259,8001610,0,3023538,7865327,7741926,0,709499,440002,6125,0,0,0,263372,0,7290,6008
2011,11683229,1810487,704668,0,204279,3150443,5813352,0,269435,121247,75210,0,0,0,72978,0,2312,1222
2012,34155286,9100867,3472816,0,6221892,7755935,7603776,0,865516,540895,779,0,0,0,323842,0,7096,5812
2013,19998344,4707252,2035647,0,428165,5400336,7426944,0,502222,314179,0,0,0,0,188043,0,4153,2827
2014,26989625,7865279,4068412,0,861653,6717603,7476678,0,861416,538740,0,0,0,0,322676,0,5830,4491
2015,5022222,1322752,572755,0,283883,1374458,1468374,0,231327,119112,41325,0,0,0,70890,0,5975,4667
2016,14725861,2522755,1030193,0,293195,4038530,6841188,0,370266,228168,5817,0,0,0,136281,0,2998,1766
2017,19188027,4336122,2345673,0,3389717,3876960,5239555,0,598648,328761,72830,0,0,0,197057,0,5331,4042
2018,37886445,10227470,6131434,0,7274206,6771131,7482204,0,495204,300379,15212,0,0,0,179613,0,7337,6055
2019,2685246,412002,427121,0,88043,740914,1017166,0,68876,32105,18275,0,0,0,18496,0,7291,5993
2020,22858820,4644867,2012750,0,2667753,6089928,7443522,0,817593,403313,171596,0,0,0,242684,0,4738,3449
2021,31369941,9016799,4472745,0,3229710,7190587,7460100,0,1222125,764229,0,0,0,0,457896,0,6994,5714
2022,39725704,8320364,4317678,0,12441101,7136727,7509834,0,57193,36057,178,0,0,0,20958,0,7244,5911
2023,18407648,3316643,2241413,0,598215,4852063,7399314,0,423726,255950,14749,0,0,0,153027,0,3720,2401
2024,30236783,8957431,5304650,0,1566152,6788196,7620354,0,1379911,862957,0,0,0,0,516954,0,6917,5670
2025,23820962,7140194,5034159,0,987359,5186793,5472457,0,1070632,505710,260280,0,0,0,304642,0,7098,5792
2026,27345211,7886921,4339429,0,1197109,6638484,7283268,0,915741,447558,198621,0,0,0,269562,0,5792,4527
2027,15234655,2144624,1002089,0,942947,4021981,7123014,0,307815,168673,38288,0,0,0,100854,0,2996,1729
2028,22784265,6856597,4569647,0,612732,5268045,5477244,0,843737,353237,276960,0,0,0,213540,0,6868,5586
2029,6817975,807405,291776,0,280547,1778857,3659390,0,132978,83470,0,0,0,0,49508,0,1757,831
2030,33198443,8424595,7711992,0,2887134,6675940,7498782,0,811394,408482,157258,0,0,0,245654,0,6760,5431
2031,29719030,9010676,3409253,0,2156606,7599505,7542990,0,1489237,592939,536864,0,0,0,359434,0,6479,5198
2032,12460286,1935196,993876,0,440101,3216975,5874138,0,275136,153623,29636,0,0,0,91877,0,2485,1392
2033,24278131,5313624,2955262,0,2478810,6230589,7299846,0,1022398,454332,293844,0,0,0,274222,0,5216,3946
2034,19126972,5034311,2458791,0,649594,5047087,5937189,0,870745,442516,162025,0,0,0,266204,0,5316,4028
2035,13263307,2160580,1134675,0,446902,3287822,6233328,0,429425,251103,28134,0,0,0,150188,0,2732,1577
2036,32961897,7562026,4726301,0,6059294,7137598,7476678,0,1253128,773926,15497,0,0,0,463705,0,7188,5903
2037,30528587,7677059,6713587,0,2321881,6328330,7487730,0,1173443,708857,39719,0,0,0,424867,0,6688,5389
2038,18545607,4801958,1787106,0,1302564,4995881,5658098,0,617765,327591,93505,0,0,0,196669,0,5192,3908
2039,33267991,8605147,8372471,0,2413850,6399845,7476678,0,1453269,814815,149343,0,0,0,489111,0,7381,6041
2040,25454461,7004084,3606741,0,835886,6536598,7471152,0,920986,461877,181155,0,0,0,277954,0,5453,4164
2041,30686284,7926697,5414925,0,3249288,6535806,7559568,0,981295,613763,0,0,0,0,367532,0,6544,5202
2042,14408060,2643439,1630232,0,1527074,3956133,4651182,0,459091,287396,0,0,0,0,171695,0,4924,3620
2043,16040886,4057080,3506011,0,977180,3591759,3908856,0,428173,268129,0,0,0,0,160044,0,6783,5449
2044,32332232,8810417,6004885,0,3474994,6576310,7465626,0,1024265,621124,31058,0,0,0,372083,0,6902,5556
2045,21684725,4724138,3953624,0,306321,5218438,7482204,0,548862,314501,46005,0,0,0,188356,0,4474,3150
2046,22576736,6173879,2894486,0,572012,5867459,7068900,0,1298902,539973,432137,0,0,0,326792,0,5158,3873
2047,10755134,2263455,736215,0,222433,2996185,4536846,0,462109,261870,43366,0,0,0,156873,0,2310,1384
2048,9910898,1919786,1176035,0,845337,2623610,3346130,0,321180,201239,0,0,0,0,119941,0,5346,4061
2049,20975168,4052063,3227858,0,916716,5323957,7454574,0,726174,433245,33386,0,0,0,259543,0,4430,3093
2050,10113874,1604839,749414,0,15926,2631831,5111864,0,292044,128630,86277,0,0,0,77137,0,2454,1313
2051,25679780,5900115,2394379,0,3590635,6378759,7415892,0,313679,190647,9132,0,0,0,113900,0,4957,3673
2052,19769214,4134226,2155063,0,1463822,4962253,7053850,0,543992,331552,14029,0,0,0,198411,0,4223,2922
2053,9204405,1957741,1481785,0,216788,2348505,3199586,0,282887,144584,52016,0,0,0,86287,0,4583,3273
2054,22225465,5140437,3100862,0,656522,5922804,7404840,0,573466,274934,132945,0,0,0,165587,0,4537,3251
2055,10781753,1495299,904199,0,635843,2631679,5114733,0,100871,62475,1644,0,0,0,36752,0,2868,1623
2056,27148478,7999635,6749678,0,924116,5652662,5822387,0,704252,360085,127745,0,0,0,216422,0,7074,5782
2057,122141,65070,36324,0,20747,0,0,0,10026,4501,2935,0,0,0,2590,0,32,12
2058,10316148,1508326,638750,0,97168,2418806,5653098,0,212647,95373,60023,0,0,0,57251,0,2036,977
2059,10795257,1679469,703240,0,392516,2615604,5404428,0,221186,110296,44980,0,0,0,65910,0,2137,1120
2060,5385262,688295,374833,0,243826,1801596,2276712,0,77941,38765,16152,0,0,0,23024,0,1041,469
2061,15072417,2936928,1128479,0,177140,4269188,6560682,0,413227,222693,57158,0,0,0,133376,0,3414,2144
2062,32533144,8869214,5851149,0,2693145,7482704,7636932,0,1289416,546421,412616,0,0,0,330379,0,6889,5606
2063,28284954,8226202,4329295,0,1195863,7023760,7509834,0,908686,520027,76595,0,0,0,312064,0,6078,4792
2064,12092394,1533342,801984,0,63678,3095346,6598044,0,301754,183153,9391,0,0,0,109210,0,2433,1232
2065,17781706,3857207,2131195,0,250974,4681994,6860336,0,534610,315658,29908,0,0,0,189044,0,3997,2728
2066,13189403,3356097,2308709,0,160482,2794113,4570002,0,448495,163355,186140,0,0,0,99000,0,2715,1784
2067,0,0,0,0,0,0,0,0,0,0,0,0,0,0,0,0,0,0
2068,16474752,2745469,1892008,0,1500621,4056792,6279862,0,519727,223272,161947,0,0,0,134508,0,4378,3099
2069,32836757,6198930,3524214,0,8148105,7323050,7642458,0,195862,120524,3710,0,0,0,71628,0,6128,4846
2070,24393778,6930599,4582365,0,1383034,5574800,5922980,0,932763,377045,327492,0,0,0,228226,0,6479,5146
2071,6660749,821287,775224,0,68763,1928545,3066930,0,82945,44302,12316,0,0,0,26327,0,1282,554
2072,2270848,541917,392430,0,20132,879815,436554,0,79130,28187,34095,0,0,0,16848,0,466,206
2073,0,0,0,0,0,0,0,0,0,0,0,0,0,0,0,0,0,0
2074,13198332,1877615,1739507,0,357905,3061815,6161490,0,242556,103464,76936,0,0,0,62156,0,2566,1424
2075,158897,64309,31524,0,4791,58273,0,0,13063,4441,6021,0,0,0,2601,0,240,98
2076,0,0,0,0,0,0,0,0,0,0,0,0,0,0,0,0,0,0
2077,16926215,2508313,1003133,0,1530859,4777474,7106436,0,291825,182685,158,0,0,0,108982,0,3330,2068
2078,18938531,3919840,1749901,0,515901,5314893,7437996,0,601630,354653,34480,0,0,0,212497,0,3975,2678
2079,22701343,5441765,3833157,0,3651978,4574864,5199579,0,704744,412130,45858,0,0,0,246756,0,6857,5565
2080,7904815,1845830,1517887,0,314610,1979587,2246901,0,360705,184321,66126,0,0,0,110258,0,5661,4376
2081,9693944,1432562,909853,0,13354,2534213,4803962,0,230878,120735,37940,0,0,0,72203,0,2787,1558
2082,22190971,3791080,1325455,0,4157034,5534666,7382736,0,276822,146466,42889,0,0,0,87467,0,4236,2942
2083,8393249,1720799,1740352,0,194662,2027445,2709991,0,331951,176510,50053,0,0,0,105388,0,4906,3618
2084,5382254,617842,464363,0,255667,1933450,2110932,0,38772,24492,0,0,0,0,14280,0,1013,401
2085,12901806,1689088,941614,0,128014,3296376,6846714,0,364055,171539,89546,0,0,0,102970,0,2577,1331
2086,13676898,2187053,857673,0,12208,3789828,6830136,0,564039,274667,124311,0,0,0,165061,0,2847,1616
2087,606427,365119,141931,0,471,98906,0,0,120556,55188,32488,0,0,0,32880,0,181,70
2088,10537352,1687848,1088893,0,96056,2806859,4857696,0,424482,175566,143060,0,0,0,105856,0,2480,1425
2089,22219817,5502617,2851540,0,1509427,5703994,6652239,0,704146,439688,1246,0,0,0,263212,0,5479,4192
2090,9623473,1311250,527324,0,2419,2471994,5310486,0,304758,107956,131513,0,0,0,65289,0,1915,890
2091,7606474,985005,511869,0,136944,2181820,3790836,0,215454,114208,32839,0,0,0,68407,0,1526,699
2092,14932187,2558900,1294608,0,226385,3889534,6962760,0,395872,192389,87894,0,0,0,115589,0,3016,1769
2093,7988377,1274997,518958,0,27218,2337687,3829517,0,229670,117887,41342,0,0,0,70441,0,3098,1821
2094,10910833,1638958,666762,0,288564,2718711,5597838,0,259541,133664,45836,0,0,0,80041,0,2176,1113
2095,11033791,2129323,801365,0,1837668,2784002,3481433,0,257810,137851,37733,0,0,0,82226,0,4894,3631
2096,974213,297101,236822,0,54827,385463,0,0,51947,31891,1196,0,0,0,18860,0,297,118
2097,13569489,1686986,937409,0,405168,3516380,7023546,0,278879,170488,6646,0,0,0,101745,0,2685,1414
2098,16749667,3147519,1301878,0,427806,4732872,7139592,0,492526,307823,783,0,0,0,183920,0,3475,2139
2099,202759,53364,149302,0,93,0,0,0,0,0,0,0,0,0,0,0,258,203
