"Year","AFem","AFemDeath","AMal","AMalDeath","Eggs","EggsDeath","FryGrad","FryExit","FryDeath","FryInStr","allMortAF","baseMortAF","tempMortAF","allMortAM","baseMortAM","tempMortAM","InVivo","Year","allMortEgg","baseMortEgg","tempMortEgg","denMortEgg","incMortEgg","superMortEgg","lostMortEgg","catMortEgg","allMortFry","baseMortFry","tempMortFry","denMortFry","habMortFry","freshMortFry","seasMortFry","catMortFry","allMortSF","allMortSM"
2010,7568,7568,7578,6322,40284540,35523660,4760880,1979355,709499,2072026,278,193,85,314,229,85,0,2010,35523660,8891259,8001610,0,3023538,7865327,7741926,0,709499,440002,6125,0,0,0,263372,0,7290,6008
2011,7568,7568,7578,6507,12776112,11683229,1092883,64115,269435,759333,5256,116,5140,5285,143,5142,0,2011,11683229,1810487,704668,0,204279,3150443,5813352,0,269435,121247,75210,0,0,0,72978,0,2312,1222
2012,7568,7568,7578,6322,39212496,34155286,5057210,2593971,865516,1597723,472,194,278,510,229,281,0,2012,34155286,9100867,3472816,0,6221892,7755935,7603776,0,865516,540895,779,0,0,0,323842,0,7096,5812
2013,7568,7568,7578,6294,22949478,19998344,2951134,636018,502222,1812894,3415,158,3257,3467,204,3263,0,2013,19998344,4707252,2035647,0,428165,5400336,7426944,0,502222,314179,0,0,0,0,188043,0,4153,2827
2014,7568,7568,7578,6279,32216580,26989625,5226955,1969508,861416,2396031,1738,179,1559,1788,224,1564,0,2014,26989625,7865279,4068412,0,861653,6717603,7476678,0,861416,538740,0,0,0,0,322676,0,5830,4491
2015,7568,7568,7578,6305,6096198,5022222,1073976,542137,231327,300512,1593,190,1403,1638,232,1406,27000619,2015,5022222,1322752,572755,0,283883,1374458,1468374,0,231327,119112,41325,0,0,0,70890,0,5975,4667
2016,7568,7568,7578,6385,16566948,14725861,1841087,353275,370266,1117546,4570,156,4414,4619,199,4420,0,2016,14725861,2522755,1030193,0,293195,4038530,6841188,0,370266,228168,5817,0,0,0,136281,0,2998,1766
2017,7568,7568,7578,6319,21975494,19188027,2787467,1429929,598648,758890,2237,197,2040,2277,233,2044,7506490,2017,19188027,4336122,2345673,0,3389717,3876960,5239555,0,598648,328761,72830,0,0,0,197057,0,5331,4042
2018,7568,7568,7578,6322,40544262,37886445,2657817,1723730,495204,438883,231,190,41,267,226,41,0,2018,37886445,10227470,6131434,0,7274206,6771131,7482204,0,495204,300379,15212,0,0,0,179613,0,7337,6055
2019,7568,7568,7578,6310,2972295,2685246,287049,102959,68876,115214,277,187,90,317,226,91,37400920,2019,2685246,412002,427121,0,88043,740914,1017166,0,68876,32105,18275,0,0,0,18496,0,7291,5993
2020,7568,7568,7578,6323,26182188,22858820,3323368,1590737,817593,915038,2830,173,2657,2874,210,2664,0,2020,22858820,4644867,2012750,0,2667753,6089928,7443522,0,817593,403313,171596,0,0,0,242684,0,4738,3449
2021,7568,7568,7578,6322,38393098,31369941,7023157,4207915,1222125,1593117,574,199,375,608,231,377,255746,2021,31369941,9016799,4472745,0,3229710,7190587,7460100,0,1222125,764229,0,0,0,0,457896,0,6994,5714
2022,7568,7568,7578,6284,40030344,39725704,304640,226077,57193,21370,324,181,143,373,229,144,0,2022,39725704,8320364,4317678,0,12441101,7136727,7509834,0,57193,36057,178,0,0,0,20958,0,7244,5911
2023,7568,7568,7578,6301,20556720,18407648,2149072,556155,423726,1169191,3848,162,3686,3900,204,3696,0,2023,18407648,3316643,2241413,0,598215,4852063,7399314,0,423726,255950,14749,0,0,0,153027,0,3720,2401
2024,7568,7568,7578,6331,38223342,30236783,7986559,4697511,1379911,1909137,651,185,466,661,193,468,0,2024,30236783,8957431,5304650,0,1566152,6788196,7620354,0,1379911,862957,0,0,0,0,516954,0,6917,5670
2025,7568,7568,7578,6306,28985331,23820962,5164369,2524155,1070632,1569582,470,187,283,514,228,286,10264768,2025,23820962,7140194,5034159,0,987359,5186793,5472457,0,1070632,505710,260280,0,0,0,304642,0,7098,5792
2026,7568,7568,7578,6341,32006592,27345211,4661381,1529992,915741,2215648,1776,194,1582,1814,230,1584,0,2026,27345211,7886921,4339429,0,1197109,6638484,7283268,0,915741,447558,198621,0,0,0,269562,0,5792,4527
2027,7568,7568,7578,6346,16555896,15234655,1321241,317011,307815,696415,4572,160,4412,4617,199,4418,0,2027,15234655,2144624,1002089,0,942947,4021981,7123014,0,307815,168673,38288,0,0,0,100854,0,2996,1729
2028,7568,7568,7578,6322,26772194,22784265,3987929,1440062,843737,1704130,700,193,507,736,229,507,11207652,2028,22784265,6856597,4569647,0,612732,5268045,5477244,0,843737,353237,276960,0,0,0,213540,0,6868,5586
2029,7568,7568,7578,6665,7446409,6817975,628434,119153,132978,376303,5811,123,5688,5834,139,5695,2275333,2029,6817975,807405,291776,0,280547,1778857,3659390,0,132978,83470,0,0,0,0,49508,0,1757,831
2030,7568,7568,7578,6288,37355760,33198443,4157317,1602215,811394,1743708,808,183,625,857,229,628,0,2030,33198443,8424595,7711992,0,2887134,6675940,7498782,0,811394,408482,157258,0,0,0,245654,0,6760,5431
2031,7568,7568,7578,6323,35802954,29719030,6083924,2334433,1489237,2260254,1089,196,893,1125,232,893,0,2031,29719030,9010676,3409253,0,2156606,7599505,7542990,0,1489237,592939,536864,0,0,0,359434,0,6479,5198
2032,7568,7568,7578,6501,13732110,12460286,1271824,189132,275136,807556,5083,118,4965,5109,140,4969,0,2032,12460286,1935196,993876,0,440101,3216975,5874138,0,275136,153623,29636,0,0,0,91877,0,2485,1392
2033,7568,7568,7578,6340,28291124,24278131,4012993,1905009,1022398,1085586,2352,194,2158,2394,233,2161,532718,2033,24278131,5313624,2955262,0,2478810,6230589,7299846,0,1022398,454332,293844,0,0,0,274222,0,5216,3946
2034,7568,7568,7578,6322,23118491,19126972,3991519,1722883,870745,1397891,2252,196,2056,2294,232,2062,6266816,2034,19126972,5034311,2458791,0,649594,5047087,5937189,0,870745,442516,162025,0,0,0,266204,0,5316,4028
2035,7568,7568,7578,6458,15097032,13263307,1833725,823120,429425,581180,4836,140,4696,4881,179,4702,0,2035,13263307,2160580,1134675,0,446902,3287822,6233328,0,429425,251103,28134,0,0,0,150188,0,2732,1577
2036,7568,7568,7578,6319,39720888,32961897,6758991,4327971,1253128,1177892,380,190,190,416,226,190,0,2036,32961897,7562026,4726301,0,6059294,7137598,7476678,0,1253128,773926,15497,0,0,0,463705,0,7188,5903
2037,7568,7568,7578,6312,36933101,30528587,6404514,3452465,1173443,1778606,880,190,690,923,230,693,24787,2037,30528587,7677059,6713587,0,2321881,6328330,7487730,0,1173443,708857,39719,0,0,0,424867,0,6688,5389
2038,7568,7568,7578,6323,21517169,18545607,2971562,1158864,617765,1194933,2376,183,2193,2415,221,2194,7195194,2038,18545607,4801958,1787106,0,1302564,4995881,5658098,0,617765,327591,93505,0,0,0,196669,0,5192,3908
2039,7568,7568,7578,6272,40787406,33267991,7519415,4544168,1453269,1521978,187,182,5,231,226,5,0,2039,33267991,8605147,8372471,0,2413850,6399845,7476678,0,1453269,814815,149343,0,0,0,489111,0,7381,6041
2040,7568,7568,7578,6322,30133278,25454461,4678817,1581376,920986,2176455,2115,199,1916,2158,235,1923,0,2040,25454461,7004084,3606741,0,835886,6536598,7471152,0,920986,461877,181155,0,0,0,277954,0,5453,4164
2041,7568,7568,7578,6275,36162144,30686284,5475860,3393630,981295,1100935,1024,185,839,1073,229,844,0,2041,30686284,7926697,5414925,0,3249288,6535806,7559568,0,981295,613763,0,0,0,0,367532,0,6544,5202
2042,7568,7568,7578,6309,16742938,14408060,2334878,1180614,459091,695173,2644,184,2460,2689,224,2465,10500521,2042,14408060,2643439,1630232,0,1527074,3956133,4651182,0,459091,287396,0,0,0,0,171695,0,4924,3620
2043,7568,7568,7578,6280,18585999,16040886,2545113,1122976,428173,993964,785,182,603,831,226,605,18918081,2043,16040886,4057080,3506011,0,977180,3591759,3908856,0,428173,268129,0,0,0,0,160044,0,6783,5449
2044,7568,7568,7578,6268,38140452,32332232,5808220,3025490,1024265,1758465,666,184,482,712,228,484,0,2044,32332232,8810417,6004885,0,3474994,6576310,7465626,0,1024265,621124,31058,0,0,0,372083,0,6902,5556
2045,7568,7568,7578,6296,24723324,21684725,3038599,920652,548862,1569085,3094,168,2926,3146,213,2933,0,2045,21684725,4724138,3953624,0,306321,5218438,7482204,0,548862,314501,46005,0,0,0,188356,0,4474,3150
2046,7568,7568,7578,6323,27590325,22576736,5013589,2201466,1298902,1513221,2410,182,2228,2450,218,2232,916974,2046,22576736,6173879,2894486,0,572012,5867459,7068900,0,1298902,539973,432137,0,0,0,326792,0,5158,3873
2047,7568,7568,7578,6670,12765060,10755134,2009926,560743,462109,987074,5258,136,5122,5286,157,5129,0,2047,10755134,2263455,736215,0,222433,2996185,4536846,0,462109,261870,43366,0,0,0,156873,0,2310,1384
2048,7568,7568,7578,6321,11537150,9910898,1626252,926391,321180,378681,2222,197,2025,2260,232,2028,18051041,2048,9910898,1919786,1176035,0,845337,2623610,3346130,0,321180,201239,0,0,0,0,119941,0,5346,4061
2049,7568,7568,7578,6281,24480180,20975168,3505012,1585210,726174,1193628,3138,166,2972,3188,210,2978,0,2049,20975168,4052063,3227858,0,916716,5323957,7454574,0,726174,433245,33386,0,0,0,259543,0,4430,3093
2050,7568,7568,7578,6469,11253558,10113874,1139684,120135,292044,727505,5114,118,4996,5156,154,5002,2317465,2050,10113874,1604839,749414,0,15926,2631831,5111864,0,292044,128630,86277,0,0,0,77137,0,2454,1313
2051,7568,7568,7578,6323,27392382,25679780,1712602,672526,313679,726397,2611,174,2437,2650,208,2442,0,2051,25679780,5900115,2394379,0,3590635,6378759,7415892,0,313679,190647,9132,0,0,0,113900,0,4957,3673
2052,7568,7568,7578,6311,22548667,19769214,2779453,1046648,543992,1188813,3345,177,3168,3389,215,3174,791747,2052,19769214,4134226,2155063,0,1463822,4962253,7053850,0,543992,331552,14029,0,0,0,198411,0,4223,2922
2053,7568,7568,7578,6305,10552157,9204405,1347752,421582,282887,643283,2985,172,2813,3032,213,2819,14820447,2053,9204405,1957741,1481785,0,216788,2348505,3199586,0,282887,144584,52016,0,0,0,86287,0,4583,3273
2054,7568,7568,7578,6324,25071462,22225465,2845997,610174,573466,1662357,3031,174,2857,3073,208,2865,0,2054,22225465,5140437,3100862,0,656522,5922804,7404840,0,573466,274934,132945,0,0,0,165587,0,4537,3251
2055,7568,7568,7578,6371,11334289,10781753,552536,51773,100871,399892,4700,141,4559,4748,182,4566,4533521,2055,10781753,1495299,904199,0,635843,2631679,5114733,0,100871,62475,1644,0,0,0,36752,0,2868,1623
2056,7568,7568,7578,6313,31307527,27148478,4159049,1503016,704252,1951781,494,193,301,531,230,301,7805103,2056,27148478,7999635,6749678,0,924116,5652662,5822387,0,704252,360085,127745,0,0,0,216422,0,7074,5782
2057,7568,7568,7578,7558,163968,122141,41827,539,10026,31262,7536,46,7490,7546,51,7495,12864,2057,122141,65070,36324,0,20747,0,0,0,10026,4501,2935,0,0,0,2590,0,32,12
2058,7568,7568,7578,6536,11250936,10316148,934788,25388,212647,696753,5532,122,5410,5559,144,5415,0,2058,10316148,1508326,638750,0,97168,2418806,5653098,0,212647,95373,60023,0,0,0,57251,0,2036,977
2059,7568,7568,7578,6577,11809062,10795257,1013805,104974,221186,687645,5431,119,5312,5457,135,5322,0,2059,10795257,1679469,703240,0,392516,2615604,5404428,0,221186,110296,44980,0,0,0,65910,0,2137,1120
2060,7568,7568,7578,7021,5752566,5385262,367304,9269,77941,280094,6527,88,6439,6552,107,6445,0,2060,5385262,688295,374833,0,243826,1801596,2276712,0,77941,38765,16152,0,0,0,23024,0,1041,469
2061,7568,7568,7578,6343,17071871,15072417,1999454,363326,413227,1222901,4154,158,3996,4199,195,4004,1799870,2061,15072417,2936928,1128479,0,177140,4269188,6560682,0,413227,222693,57158,0,0,0,133376,0,3414,2144
2062,7568,7568,7578,6322,38068614,32533144,5535470,2594618,1289416,1651436,679,194,485,716,229,487,0,2062,32533144,8869214,5851149,0,2693145,7482704,7636932,0,1289416,546421,412616,0,0,0,330379,0,6889,5606
2063,7568,7568,7578,6322,33587028,28284954,5302074,2040924,908686,2352464,1490,203,1287,1530,239,1291,0,2063,28284954,8226202,4329295,0,1195863,7023760,7509834,0,908686,520027,76595,0,0,0,312064,0,6078,4792
2064,7568,7568,7578,6416,13444758,12092394,1352364,334487,301754,716123,5135,146,4989,5184,191,4993,0,2064,12092394,1533342,801984,0,63678,3095346,6598044,0,301754,183153,9391,0,0,0,109210,0,2433,1232
2065,7568,7568,7578,6343,20594837,17781706,2813131,817109,534610,1461412,3571,179,3392,3615,217,3398,1497028,2065,17781706,3857207,2131195,0,250974,4681994,6860336,0,534610,315658,29908,0,0,0,189044,0,3997,2728
2066,7568,7568,7578,6666,15003090,13189403,1813687,286731,448495,1078461,4853,168,4685,4882,189,4693,0,2066,13189403,3356097,2308709,0,160482,2794113,4570002,0,448495,163355,186140,0,0,0,99000,0,2715,1784
2067,7568,7568,7578,7578,0,0,0,0,0,0,7568,44,7524,7578,48,7530,0,2067,0,0,0,0,0,0,0,0,0,0,0,0,0,0,0,0,0,0
2068,7568,7568,7578,6328,18463707,16474752,1988955,707632,519727,761596,3190,174,3016,3229,209,3020,5747329,2068,16474752,2745469,1892008,0,1500621,4056792,6279862,0,519727,223272,161947,0,0,0,134508,0,4378,3099
2069,7568,7568,7578,6323,33863328,32836757,1026571,653006,195862,177703,1440,204,1236,1477,239,1238,0,2069,32836757,6198930,3524214,0,8148105,7323050,7642458,0,195862,120524,3710,0,0,0,71628,0,6128,4846
2070,7568,7568,7578,6285,28480229,24393778,4086451,1477441,932763,1676247,1089,186,903,1139,232,907,7343465,2070,24393778,6930599,4582365,0,1383034,5574800,5922980,0,932763,377045,327492,0,0,0,228226,0,6479,5146
2071,7568,7568,7578,6863,7084332,6660749,423583,11852,82945,328786,6286,90,6196,6309,105,6204,0,2071,6660749,821287,775224,0,68763,1928545,3066930,0,82945,44302,12316,0,0,0,26327,0,1282,554
2072,7568,7568,7578,7303,2575116,2270848,304268,1688,79130,223450,7102,108,6994,7097,95,7002,0,2072,2270848,541917,392430,0,20132,879815,436554,0,79130,28187,34095,0,0,0,16848,0,466,206
2073,7568,7568,7578,7578,0,0,0,0,0,0,7568,21,7547,7578,24,7554,0,2073,0,0,0,0,0,0,0,0,0,0,0,0,0,0,0,0,0,0
2074,7568,7568,7578,6467,14171769,13198332,973437,94020,242556,636861,5002,126,4876,5043,164,4879,7947,2074,13198332,1877615,1739507,0,357905,3061815,6161490,0,242556,103464,76936,0,0,0,62156,0,2566,1424
2075,7568,7568,7578,7434,202647,158897,43750,2105,13063,28582,7328,52,7276,7336,53,7283,1123593,2075,158897,64309,31524,0,4791,58273,0,0,13063,4441,6021,0,0,0,2601,0,240,98
2076,7568,7568,7578,7578,0,0,0,0,0,0,7568,23,7545,7578,30,7548,0,2076,0,0,0,0,0,0,0,0,0,0,0,0,0,0,0,0,0,0
2077,7568,7568,7578,6350,18401580,16926215,1475365,383009,291825,800531,4238,159,4079,4282,196,4086,0,2077,16926215,2508313,1003133,0,1530859,4777474,7106436,0,291825,182685,158,0,0,0,108982,0,3330,2068
2078,7568,7568,7578,6318,21965850,18938531,3027319,894871,601630,1530818,3593,170,3423,3640,211,3429,0,2078,18938531,3919840,1749901,0,515901,5314893,7437996,0,601630,354653,34480,0,0,0,212497,0,3975,2678
2079,7568,7568,7578,6313,26305154,22701343,3603811,2216210,704744,682857,711,190,521,748,228,520,11616972,2079,22701343,5441765,3833157,0,3651978,4574864,5199579,0,704744,412130,45858,0,0,0,246756,0,6857,5565
2080,7568,7568,7578,6321,9529582,7904815,1624767,848020,360705,416042,1907,197,1710,1945,233,1712,21803303,2080,7904815,1845830,1517887,0,314610,1979587,2246901,0,360705,184321,66126,0,0,0,110258,0,5661,4376
2081,7568,7568,7578,6386,10719136,9693944,1025192,119480,230878,674834,4781,153,4628,4828,196,4632,4693257,2081,9693944,1432562,909853,0,13354,2534213,4803962,0,230878,120735,37940,0,0,0,72203,0,2787,1558
2082,7568,7568,7578,6318,23408136,22190971,1217165,446388,276822,493955,3332,168,3164,3376,207,3169,0,2082,22190971,3791080,1325455,0,4157034,5534666,7382736,0,276822,146466,42889,0,0,0,87467,0,4236,2942
2083,7568,7568,7578,6322,9897563,8393249,1504314,759237,331951,413126,2662,188,2474,2704,224,2480,17269265,2083,8393249,1720799,1740352,0,194662,2027445,2709991,0,331951,176510,50053,0,0,0,105388,0,4906,3618
2084,7568,7568,7578,6979,5597838,5382254,215584,5413,38772,171399,6555,78,6477,6578,95,6483,0,2084,5382254,617842,464363,0,255667,1933450,2110932,0,38772,24492,0,0,0,0,14280,0,1013,401
2085,7568,7568,7578,6373,14240502,12901806,1338696,240508,364055,734133,4991,127,4864,5042,171,4871,0,2085,12901806,1689088,941614,0,128014,3296376,6846714,0,364055,171539,89546,0,0,0,102970,0,2577,1331
2086,7568,7568,7578,6386,15732522,13676898,2055624,616891,564039,874694,4721,142,4579,4770,186,4584,0,2086,13676898,2187053,857673,0,12208,3789828,6830136,0,564039,274667,124311,0,0,0,165061,0,2847,1616
2087,7568,7568,7578,7468,999831,606427,393404,79855,120556,192993,7387,41,7346,7398,42,7356,375,2087,606427,365119,141931,0,471,98906,0,0,120556,55188,32488,0,0,0,32880,0,181,70
2088,7568,7568,7578,6541,11925720,10537352,1388368,273432,424482,690454,5088,155,4933,5116,175,4941,1786997,2088,10537352,1687848,1088893,0,96056,2806859,4857696,0,424482,175566,143060,0,0,0,105856,0,2480,1425
2089,7568,7568,7578,6322,26086259,22219817,3866442,1947714,704146,1214582,2089,194,1895,2130,230,1900,4202501,2089,22219817,5502617,2851540,0,1509427,5703994,6652239,0,704146,439688,1246,0,0,0,263212,0,5479,4192
2090,7568,7568,7578,6567,10563605,9623473,940132,79034,304758,556340,5653,115,5538,5677,132,5545,18685,2090,9623473,1311250,527324,0,2419,2471994,5310486,0,304758,107956,131513,0,0,0,65289,0,1915,890
2091,7568,7568,7578,6757,8432676,7606474,826202,210935,215454,399813,6042,102,5940,6058,106,5952,0,2091,7606474,985005,511869,0,136944,2181820,3790836,0,215454,114208,32839,0,0,0,68407,0,1526,699
2092,7568,7568,7578,6366,16666416,14932187,1734229,239733,395872,1098624,4552,171,4381,4597,207,4390,0,2092,14932187,2558900,1294608,0,226385,3889534,6962760,0,395872,192389,87894,0,0,0,115589,0,3016,1769
2093,7568,7568,7578,6336,8956749,7988377,968372,150267,229670,588435,4470,158,4312,4515,196,4319,8196581,2093,7988377,1274997,518958,0,27218,2337687,3829517,0,229670,117887,41342,0,0,0,70441,0,3098,1821
2094,7568,7568,7578,6533,12024576,10910833,1113743,103801,259541,750401,5392,136,5256,5420,159,5261,0,2094,10910833,1638958,666762,0,288564,2718711,5597838,0,259541,133664,45836,0,0,0,80041,0,2176,1113
2095,7568,7568,7578,6348,12223164,11033791,1189373,527673,257810,403890,2674,190,2484,2717,225,2492,14864103,2095,11033791,2129323,801365,0,1837668,2784002,3481433,0,257810,137851,37733,0,0,0,82226,0,4894,3631
2096,7568,7568,7578,7388,1204207,974213,229994,42075,51947,135972,7271,60,7211,7270,53,7217,437015,2096,974213,297101,236822,0,54827,385463,0,0,51947,31891,1196,0,0,0,18860,0,297,118
2097,7568,7568,7578,6346,14837310,13569489,1267821,295020,278879,693922,4883,152,4731,4932,196,4736,0,2097,13569489,1686986,937409,0,405168,3516380,7023546,0,278879,170488,6646,0,0,0,101745,0,2685,1414
2098,7568,7568,7578,6283,19202850,16749667,2453183,826780,492526,1133877,4093,174,3919,4144,217,3927,0,2098,16749667,3147519,1301878,0,427806,4732872,7139592,0,492526,307823,783,0,0,0,183920,0,3475,2139
2099,7568,1288,7578,1255,1425708,202759,0,0,0,0,1030,179,851,1052,196,856,0,2099,202759,53364,149302,0,93,0,0,0,0,0,0,0,0,0,0,0,258,203
