"Year","AFem","AFemDeath","AMal","AMalDeath","Eggs","EggsDeath","FryGrad","FryExit","FryDeath","FryInStr","allMortAF","baseMortAF","tempMortAF","allMortAM","baseMortAM","tempMortAM","InVivo","Year","allMortEgg","baseMortEgg","tempMortEgg","denMortEgg","incMortEgg","superMortEgg","lostMortEgg","catMortEgg","allMortFry","baseMortFry","tempMortFry","denMortFry","habMortFry","freshMortFry","seasMortFry","catMortFry","allMortSF","allMortSM"
2010,7568,7568,7578,6300,29011500,26591741,2419759,582443,340265,1497051,2318,162,2156,2368,207,2161,0,2010,26591741,6048302,4035980,0,2520686,6670349,7316424,0,340265,201761,17751,0,0,0,120753,0,5250,3932
2011,7568,7568,7578,6316,36932609,30751903,6180706,3276374,1124408,1779924,884,187,697,924,227,697,3175,2011,30751903,9150262,4112231,0,2589600,7307086,7592724,0,1124408,648707,86421,0,0,0,389280,0,6684,5392
2012,7568,7568,7578,6322,40759776,32576365,8183411,4188080,1553215,2442116,192,191,1,228,227,1,0,2012,32576365,10580215,5265811,0,2137542,7121645,7471152,0,1553215,806534,261286,0,0,0,485395,0,7376,6094
2013,7568,7568,7578,6473,17223291,15386765,1836526,247145,306218,1283163,4430,139,4291,4469,172,4297,117297,2013,15386765,3543735,1808711,0,57094,3865469,6111756,0,306218,163584,44571,0,0,0,98063,0,3138,2004
2014,7568,7568,7578,6431,17035396,15095843,1939553,436486,404980,1098087,4473,142,4331,4523,187,4336,67574,2014,15095843,2637200,1408663,0,652122,3783236,6614622,0,404980,221297,51156,0,0,0,132527,0,3095,1908
2015,7568,7568,7578,7385,1220113,952429,267684,59943,62219,145522,7272,50,7222,7273,43,7230,415583,2015,952429,299523,101628,0,193328,357950,0,0,62219,37968,1970,0,0,0,22281,0,296,112
2016,7568,7568,7578,7220,3779784,3413981,365803,2856,83963,278984,6884,114,6770,6895,118,6777,0,2016,3413981,716278,363406,0,200746,1525691,607860,0,83963,33753,29936,0,0,0,20274,0,684,325
2017,7568,7568,7578,6679,8603400,8205188,398212,24299,66683,307230,5667,123,5544,5694,143,5551,1909887,2017,8205188,911827,710251,0,540019,2052895,3990196,0,66683,40894,1800,0,0,0,23989,0,1901,985
2018,7568,7568,7578,6322,40765302,35563033,5202269,1900731,1037216,2264322,191,191,0,227,227,0,0,2018,35563033,10308449,7448347,0,2122592,8057765,7625880,0,1037216,427106,351579,0,0,0,258531,0,7377,6095
2019,7568,7568,7578,6708,9250114,8352064,898050,63791,292073,542186,5894,121,5773,5920,133,5787,410,2019,8352064,1225398,405412,0,28746,1940148,4752360,0,292073,103070,126628,0,0,0,62375,0,1674,788
2020,7568,7568,7578,7396,1724112,1514372,209740,4102,48154,157484,7256,76,7180,7263,77,7186,0,2020,1514372,382257,237086,0,154985,673732,66312,0,48154,20897,14943,0,0,0,12314,0,312,133
2021,7568,7568,7578,7185,8476124,7542367,933757,120639,239610,573508,5736,116,5620,5750,119,5631,1654340,2021,7542367,1249519,558101,0,262402,1786137,3686208,0,239610,108361,66278,0,0,0,64971,0,1832,1435
2022,7568,7568,7578,6324,39914298,32419793,7494505,4180344,1292760,2021401,345,207,138,382,245,137,0,2022,32419793,10213320,3471730,0,3225880,7711677,7797186,0,1292760,770521,60276,0,0,0,461963,0,7223,5942
2023,7568,7568,7578,6322,40505580,33902012,6603568,4345943,1256232,1001393,238,194,44,274,230,44,0,2023,33902012,8612567,4409093,0,6537447,6938065,7404840,0,1256232,726800,93419,0,0,0,436013,0,7330,6048
2024,7568,7568,7578,6302,40781880,30559574,10222306,6730027,2083125,1409154,188,185,3,230,227,3,0,2024,30559574,9833473,4392490,0,2076059,6924550,7333002,0,2083125,1079667,353838,0,0,0,649620,0,7380,6072
2025,7568,7568,7578,6322,40587225,33448069,7139156,2949564,1368165,2821427,195,191,4,231,227,4,155973,2025,33448069,11539995,5302475,0,867765,8089850,7647984,0,1368165,636066,348339,0,0,0,383760,0,7373,6091
2026,7568,7568,7578,6326,33011874,27161155,5850719,2557152,1561415,1732152,1594,197,1397,1632,235,1397,450,2026,27161155,8080325,3797728,0,836156,6760280,7686666,0,1561415,573853,638610,0,0,0,348952,0,5974,4694
2027,7568,7568,7578,7578,0,0,0,0,0,0,7568,11,7557,7578,15,7563,0,2027,0,0,0,0,0,0,0,0,0,0,0,0,0,0,0,0,0,0
2028,7568,7568,7578,6322,27911712,25741209,2170503,1183593,414533,572377,232,195,37,268,230,38,12653604,2028,25741209,6243233,2513844,0,5660233,5620178,5703721,0,414533,236957,35895,0,0,0,141681,0,7336,6054
2029,7568,7568,7578,6267,18848346,15821762,3026584,1262522,573501,1190561,512,183,329,557,227,330,20188317,2029,15821762,4397934,2613028,0,729622,3841870,4239308,0,573501,297656,97391,0,0,0,178454,0,7056,5710
2030,7568,7568,7578,6938,7111962,6406284,705678,171592,194819,339267,6281,79,6202,6311,104,6207,0,2030,6406284,992345,666629,0,474495,1940843,2331972,0,194819,96867,40100,0,0,0,57852,0,1287,627
2031,7568,7568,7578,6323,39195918,31066022,8129896,3903454,2359725,1866717,475,196,279,511,232,279,0,2031,31066022,10837400,3998953,0,1000037,7697694,7531938,0,2359725,764958,1127501,0,0,0,467266,0,7093,5812
2032,7568,7568,7578,7576,11052,6794,4258,354,705,3199,7566,27,7539,7575,31,7544,0,2032,6794,4608,1596,0,590,0,0,0,705,277,288,0,0,0,140,0,2,1
2033,7568,7568,7578,6268,40475829,32750364,7725465,4643941,1437843,1643681,235,182,53,279,226,53,46329,2033,32750364,9779933,4401194,0,3512070,7530755,7526412,0,1437843,806148,147661,0,0,0,484034,0,7333,5989
2034,7568,7568,7578,6339,26928807,22898406,4030401,1222814,860654,1946933,2252,175,2077,2296,215,2081,2449918,2034,22898406,6422453,3592800,0,775259,5395359,6712535,0,860654,373647,261401,0,0,0,225606,0,5316,4043
2035,7568,7568,7578,6757,8502482,7691419,811063,55023,237881,518159,5957,107,5850,5978,119,5859,401712,2035,7691419,1179050,776348,0,93233,1922188,3720600,0,237881,88371,96207,0,0,0,53303,0,1611,779
2036,7568,7568,7578,6664,8865003,7854836,1010167,265848,254600,489719,5555,120,5435,5580,137,5443,2268085,2036,7854836,1124470,615299,0,74511,1999571,4040985,0,254600,133901,40759,0,0,0,79940,0,2013,1084
2037,7568,7568,7578,6272,26672608,23443135,3229473,1575471,641497,1012505,238,190,48,283,235,48,13860652,2037,23443135,6037339,4211851,0,2903134,4927546,5363265,0,641497,332664,109249,0,0,0,199584,0,7330,5989
2038,7568,7568,7578,6306,8993413,7885745,1107668,344878,251053,511737,3292,159,3133,3337,202,3135,14686681,2038,7885745,1608867,726174,0,309569,2184895,3056240,0,251053,119207,60620,0,0,0,71226,0,4276,2969
2039,7568,7568,7578,6322,39842460,34419496,5422964,2476974,927017,2018973,358,196,162,395,232,163,0,2039,34419496,9528728,7178423,0,3413515,7054244,7244586,0,927017,510851,109622,0,0,0,306544,0,7210,5927
2040,7568,7568,7578,6325,32913251,28515832,4397419,1407166,957991,2032262,1610,196,1414,1647,234,1413,10657,2040,28515832,7834585,5423996,0,1233935,6590846,7432470,0,957991,399639,316547,0,0,0,241805,0,5958,4678
2041,7568,7568,7578,6662,10046268,9259704,786564,46472,195567,544525,5750,119,5631,5775,134,5641,0,2041,9259704,1227869,776771,0,313287,2134157,4807620,0,195567,85187,59218,0,0,0,51162,0,1818,887
2042,7568,7568,7578,7578,1925,1073,852,42,60,750,7567,45,7522,7578,48,7530,3601,2042,1073,893,180,0,0,0,0,0,60,40,0,0,0,0,20,0,1,0
2043,7568,7568,7578,6340,20241481,17525962,2715519,1210334,516933,988252,2840,159,2681,2883,198,2685,5893538,2043,17525962,3749136,1577020,0,1436846,4836984,5925976,0,516933,307799,24938,0,0,0,184196,0,4728,3457
2044,7568,7568,7578,6300,40450320,34054558,6395762,3051163,1509242,1835357,248,191,57,290,234,56,0,2044,34054558,10217215,5586133,0,3419139,7300133,7531938,0,1509242,619333,514904,0,0,0,375005,0,7320,6010
2045,7568,7568,7578,6349,25054230,20825338,4228892,1665576,1016599,1546717,3034,162,2872,3081,204,2877,654,2045,20825338,5412438,2479675,0,567844,5275523,7089858,0,1016599,464035,272663,0,0,0,279901,0,4534,3268
2046,7568,7568,7578,6465,15616476,13682288,1934188,738813,540210,655165,4742,129,4613,4775,160,4615,0,2046,13682288,2262401,779423,0,1022234,3611468,6006762,0,540210,252585,135844,0,0,0,151781,0,2826,1690
2047,7568,7568,7578,7495,746010,424497,321513,49738,105639,166136,7433,22,7411,7443,27,7416,0,2047,424497,310987,71964,0,41546,0,0,0,105639,43808,35526,0,0,0,26305,0,135,52
2048,7568,7568,7578,6417,10560091,9359547,1200544,293245,352067,555232,4202,140,4062,4244,176,4068,8066664,2048,9359547,1799515,913347,0,435883,2445268,3765534,0,352067,124951,151577,0,0,0,75539,0,3366,2173
2049,7568,7568,7578,7284,6769350,6282962,486388,15001,140743,330644,6343,88,6255,6369,96,6273,0,2049,6282962,809788,429058,0,128519,1931557,2984040,0,140743,49556,61543,0,0,0,29644,0,1225,915
2050,7568,7568,7578,6464,16091712,14252273,1839439,508764,407474,923201,4656,143,4513,4698,178,4520,0,2050,14252273,2465660,728863,0,872535,3846893,6338322,0,407474,222896,51210,0,0,0,133368,0,2912,1766
2051,7568,7568,7578,7032,26081827,22522422,3559405,1497665,658431,1403309,494,188,306,521,216,305,13038010,2051,22522422,6169433,4770056,0,2432886,4284605,4865442,0,658431,339425,115138,0,0,0,203868,0,7074,6511
2052,7568,7568,7578,6314,32533289,26902125,5631164,2542262,1189635,1899267,188,188,0,226,226,0,8266731,2052,26902125,8529594,5415433,0,857011,5907439,6192648,0,1189635,523560,350055,0,0,0,316020,0,7380,6088
2053,7568,7568,7578,6533,14450490,12803964,1646526,559507,354271,732748,4953,135,4818,4977,154,4823,0,2053,12803964,2179072,976071,0,914684,3141825,5592312,0,354271,210030,18814,0,0,0,125427,0,2615,1556
2054,7568,7568,7578,6309,40798458,32161348,8637110,5640696,1604098,1392316,185,185,0,227,227,0,0,2054,32161348,9482727,4580831,0,3551779,7052755,7493256,0,1604098,958185,71277,0,0,0,574636,0,7383,6082
2055,7568,7568,7578,6322,31703090,25373890,6329200,4338366,1142982,847852,252,193,59,288,229,59,8742130,2055,25373890,6185111,4804300,0,2979557,5676956,5727966,0,1142982,692328,35888,0,0,0,414766,0,7316,6034
2056,7568,7568,7578,6356,21424302,18477866,2946436,1040319,727036,1179081,3691,154,3537,3737,195,3542,0,2056,18477866,3774024,2729462,0,1006395,4209687,6758298,0,727036,335064,190279,0,0,0,201693,0,3877,2619
2057,7568,7568,7578,7271,3127716,2524881,602835,187404,175356,240075,7002,70,6932,7009,70,6939,0,2057,2524881,591980,333035,0,87605,1114389,397872,0,175356,88344,34396,0,0,0,52616,0,566,262
2058,7568,7568,7578,6317,38849863,30574347,8275516,4849672,1935045,1490799,190,190,0,227,227,0,1921919,2058,30574347,9508322,5868878,0,1878308,6236829,7082010,0,1935045,826630,608435,0,0,0,499980,0,7378,6090
2059,7568,7568,7578,7578,0,0,0,0,0,0,7568,33,7535,7578,36,7542,0,2059,0,0,0,0,0,0,0,0,0,0,0,0,0,0,0,0,0,0
2060,7568,7568,7578,6466,16406694,14222102,2184592,639358,537913,1007321,4599,130,4469,4641,168,4473,0,2060,14222102,2929397,1133582,0,418626,3579007,6161490,0,537913,261004,119922,0,0,0,156987,0,2969,1825
2061,7568,7568,7578,6322,25067046,19117970,5949076,3662469,1126312,1160295,190,190,0,226,226,0,15737921,2061,19117970,6266770,2459548,0,526228,4829595,5035829,0,1126312,619337,135115,0,0,0,371860,0,7378,6096
2062,7568,7568,7578,6336,16314766,14180952,2133814,702109,520068,911637,4107,144,3963,4155,188,3967,2820010,2062,14180952,2694498,1494319,0,717256,3318474,5956405,0,520068,254156,113181,0,0,0,152731,0,3461,2181
2063,7568,7568,7578,6291,26309677,22437511,3872166,1642347,952307,1277512,2783,164,2619,2829,204,2625,132233,2063,22437511,5525248,2942340,0,1605550,5456873,6907500,0,952307,424172,272169,0,0,0,255966,0,4785,3462
2064,7568,7568,7578,6275,32876651,25914491,6962160,4037395,1559299,1365466,1428,188,1240,1473,231,1242,1053039,2064,25914491,7237567,3492512,0,1638054,6207022,7339336,0,1559299,775924,316140,0,0,0,467235,0,6140,4802
2065,7568,7568,7578,7535,302871,190788,112083,6169,29079,76835,7499,47,7452,7507,50,7457,78423,2065,190788,131072,42652,0,17064,0,0,0,29079,13521,7519,0,0,0,8039,0,69,28
2066,7568,7568,7578,6491,14421604,12540076,1881528,613356,510367,757805,4957,127,4830,4987,151,4836,6782,2066,12540076,2132985,981045,0,456300,3067978,5901768,0,510367,246932,114947,0,0,0,148488,0,2611,1504
2067,7568,7568,7578,6421,17196912,15005249,2191663,610049,561439,1020175,4456,138,4318,4510,187,4323,0,2067,15005249,2747102,1328617,0,620778,3727286,6581466,0,561439,265659,135905,0,0,0,159875,0,3112,1911
2068,7568,7568,7578,6276,30254292,24858048,5396244,2964934,944054,1487256,182,182,0,226,226,0,10582541,2068,24858048,7195385,3662123,0,3059860,5338172,5602508,0,944054,554592,57051,0,0,0,332411,0,7386,6050
2069,7568,7568,7578,6320,36825264,29555126,7270138,4825681,1475600,968857,904,194,710,939,231,708,0,2069,29555126,7370504,2627748,0,4838566,7318994,7399314,0,1475600,818231,165993,0,0,0,491376,0,6664,5381
2070,7568,7568,7578,6297,30509046,25098495,5410551,2275235,1334297,1801019,2047,176,1871,2092,221,1871,0,2070,25098495,7367642,3575878,0,937861,6083048,7134066,0,1334297,539200,468466,0,0,0,326631,0,5521,4205
2071,7568,7568,7578,7578,0,0,0,0,0,0,7568,34,7534,7578,37,7541,0,2071,0,0,0,0,0,0,0,0,0,0,0,0,0,0,0,0,0,0
2072,7568,7568,7578,6323,21152813,17645513,3507300,1966269,702607,838424,679,196,483,715,231,484,16952870,2072,17645513,4279478,2624350,0,1935730,4016469,4789486,0,702607,381898,91658,0,0,0,229051,0,6889,5608
2073,7568,7568,7578,6994,17682611,15377990,2304621,1054432,573804,676385,1241,185,1056,1274,216,1058,23125065,2073,15377990,2874477,1027611,0,998324,4123101,6354477,0,573804,266348,147417,0,0,0,160039,0,6327,5720
2074,7568,7568,7578,7485,841323,522541,318782,38271,101516,178995,7414,46,7368,7426,51,7375,9681,2074,522541,335481,125953,0,43468,17639,0,0,101516,41636,35193,0,0,0,24687,0,154,59
2075,7568,7568,7578,6279,13030152,11924177,1105975,653316,212333,240326,1354,186,1168,1399,228,1171,21363973,2075,11924177,2276842,946997,0,2643411,2690550,3366377,0,212333,132169,1744,0,0,0,78420,0,6214,4880
2076,7568,7568,7578,7028,11153961,9521177,1632784,1076608,307389,248787,193,187,6,219,213,6,29649254,2076,9521177,1940347,2012840,0,1022273,2259099,2286618,0,307389,178193,23043,0,0,0,106153,0,7375,6809
2077,7568,7568,7578,7082,14207431,11994368,2213063,768542,647923,796598,4641,119,4522,4664,134,4530,1968729,2077,11994368,2438652,1606287,0,675622,2791348,4482459,0,647923,275132,206874,0,0,0,165917,0,2927,2418
2078,7568,7568,7578,7348,2276712,1842880,433832,81628,146703,205501,7156,70,7086,7160,66,7094,0,2078,1842880,496444,390029,0,123968,771653,60786,0,146703,57764,54269,0,0,0,34670,0,412,188
2079,7568,7568,7578,7576,13563,6946,6617,777,1377,4463,7565,10,7555,7575,13,7562,3015,2079,6946,5726,1220,0,0,0,0,0,1377,553,607,0,0,0,217,0,3,1
2080,7568,7568,7578,6337,24811740,21907494,2904246,1303063,720065,881118,3078,162,2916,3123,200,2923,0,2080,21907494,4107301,2878429,0,2204145,5517241,7200378,0,720065,333290,186089,0,0,0,200686,0,4490,3214
2081,7568,7568,7578,7020,4118953,3851919,267034,8067,64864,194103,6594,87,6507,6623,107,6516,1266033,2081,3851919,514356,413250,0,154146,1494887,1275280,0,64864,28503,19576,0,0,0,16785,0,974,397
2082,7568,7568,7578,6326,28669722,24149206,4520516,2542107,924750,1053659,882,197,685,920,238,682,8295468,2082,24149206,6112085,3115578,0,2662150,5968087,6291306,0,924750,478578,158588,0,0,0,287584,0,6686,5406
2083,7568,7568,7578,7506,458969,271476,187493,39189,49392,98912,7454,41,7413,7464,44,7420,170995,2083,271476,174392,60906,0,36178,0,0,0,49392,26388,7345,0,0,0,15659,0,114,42
2084,7568,7568,7578,6322,40641239,34491270,6149969,2538421,1392505,2219043,204,191,13,240,227,13,52225,2084,34491270,10322974,7952327,0,1589059,7155758,7471152,0,1392505,541716,522263,0,0,0,328526,0,7364,6082
2085,7568,7568,7578,7578,0,0,0,0,0,0,7568,47,7521,7578,55,7523,0,2085,0,0,0,0,0,0,0,0,0,0,0,0,0,0,0,0,0,0
2086,7568,7568,7578,7578,0,0,0,0,0,0,7568,25,7543,7578,33,7545,0,2086,0,0,0,0,0,0,0,0,0,0,0,0,0,0,0,0,0,0
2087,7568,7568,7578,7576,9444,4896,4548,2466,427,1655,7566,37,7529,7575,37,7538,1608,2087,4896,3178,1576,0,142,0,0,0,427,283,0,0,0,0,144,0,2,1
2088,7568,7568,7578,6287,34404472,30230674,4173798,1526327,1178588,1468883,1065,187,878,1110,232,878,1532463,2088,30230674,8004313,5621452,0,2572413,6568675,7463821,0,1178588,365129,590345,0,0,0,223114,0,6503,5177
2089,7568,7568,7578,7578,0,0,0,0,0,0,7568,34,7534,7578,37,7541,0,2089,0,0,0,0,0,0,0,0,0,0,0,0,0,0,0,0,0,0
2090,7568,7568,7578,6268,8915353,7462332,1453021,791891,294558,366572,681,189,492,723,232,491,29210929,2090,7462332,1640999,810898,0,654048,1962386,2394001,0,294558,167508,27463,0,0,0,99587,0,6887,5545
2091,7568,7568,7578,7000,18139067,14753398,3385669,1726062,714118,945489,2433,168,2265,2465,196,2269,10265924,2091,14753398,3670209,1885575,0,926412,3656083,4615119,0,714118,388614,92303,0,0,0,233201,0,5135,4535
2092,7568,7568,7578,6372,19501254,16545599,2955655,1441811,710171,803673,4039,141,3898,4089,185,3904,0,2092,16545599,3179676,1249548,0,1100551,4075168,6940656,0,710171,381243,100028,0,0,0,228900,0,3529,2283
2093,7568,7568,7578,6292,6866625,6327003,539622,327511,105224,106887,1460,189,1271,1501,229,1272,26953644,2093,6327003,1227406,491489,0,1170042,1506165,1931901,0,105224,66373,0,0,0,0,38851,0,6108,4791
2094,7568,7568,7578,6779,27430036,22147814,5282222,3492405,1141871,647946,474,182,292,489,196,293,11797163,2094,22147814,5917919,3342712,0,2647713,4801127,5438343,0,1141871,591256,195143,0,0,0,355472,0,7094,6290
2095,7568,7568,7578,6269,31777992,26033255,5744737,2604054,1230436,1910247,685,188,497,729,232,497,6270977,2095,26033255,8364811,4396402,0,550483,6206460,6515099,0,1230436,544653,356932,0,0,0,328851,0,6883,5540
2096,7568,7568,7578,7578,0,0,0,0,0,0,7568,13,7555,7578,3,7575,0,2096,0,0,0,0,0,0,0,0,0,0,0,0,0,0,0,0,0,0
2097,7568,7568,7578,6271,30392978,26172967,4220011,1512187,851908,1855916,436,187,249,478,230,248,9037946,2097,26172967,8193002,4621409,0,1498719,5864313,5995524,0,851908,371136,256898,0,0,0,223874,0,7132,5793
2098,7568,7568,7578,7357,2204874,1636143,568731,142297,153563,272871,7169,92,7077,7174,97,7077,0,2098,1636143,580007,205087,0,50015,745774,55260,0,153563,81676,23364,0,0,0,48523,0,399,183
2099,7568,752,7578,708,1541754,202236,0,0,0,0,473,187,286,483,196,287,0,2099,202236,57988,143294,0,954,0,0,0,0,0,0,0,0,0,0,0,279,225
