"cnrmcm3","gfdlcm21","miroc32med","mpiecham5","ncarccsm3","ncarpcm1"
0.102613513905206,0.0783961842937724,0.101048675266358,0.191255843647693,0.176709020787358,0.106207280441246
0.12023859389594,0.0760540558506641,0.0800617220271434,0.138910849592568,0.154303871794634,0.0934760405057627
0.115581716138433,0.148817815369539,0.187223440212081,0.0785551888375354,0.0903545286504831,0.202339389899377
0.138640996671755,0.166730689957325,0.139340015820512,0.191024142815418,0.168469303976702,0.196359370460197
0.109948786355518,0.134501796380125,0.140862422997947,0.0791761059226946,0.233541099361047,0.156565637897289
0.133083802794144,0.110750487157263,0.0767671770883188,0.074447640750633,0.0875318354801347,0.136522491772205
0.149089317136172,0.0818717858225217,0.396153249573445,0.0873035178725606,0.280285906286273,0.101139757968477
0.161157845567194,0.222149122807018,0.128231644863692,0.0624842533544753,0.0885516059867424,0.0598628124678817
0.0682801595859791,0.245417645161048,0.154957246553588,0.114552310548512,0.103673397066575,0.119313982166982
0.181521150882418,0.0514914827986448,0.0641181429854164,0.114167926210988,0.0648017261852385,0.119291044622664
0.0844050627822681,0.185957158772317,0.157704478040616,0.162270211304247,0.190764451101307,0.0608173573453292
0.248167868113326,0.0859666904812051,0.0929770027885447,0.0590056690173025,0.155678774652587,0.183878687505533
0.17598820999651,0.0807677254135347,0.058203957604987,0.0927272930333176,0.0478626589749018,0.108793109324861
0.105716037333913,NA,0.144075825736668,0.0797435884570205,0.0674502183321659,0.158777477636618
0.0875327467767566,0.242381091062422,0.11472563284642,0.121190147325901,0.143512436385756,0.0768377709417759
0.153917982593884,0.067403875822393,0.0726865831505478,0.113092873253559,0.0519871204806776,0.190394916274475
0.103658085117772,0.176281113821138,0.0897343160888094,0.0930652822705502,0.198600679127643,0.287598024978217
0.122390476747975,0.195353285936396,0.080826275319513,0.226368094468197,0.113113916543303,0.0913847917018638
0.200393318013081,0.26013443994787,0.167171784544407,0.249212462776561,0.077070101738109,0.120341690670113
0.0388074720562378,0.0646579094919307,0.081566910403307,0.0598579481158643,0.0590002326710246,0.145663947667766
0.135447686814466,0.0661579116199804,NA,0.126962762359719,NA,0.183492914834597
0.138933112210772,0.201188707280832,0.118026653488623,0.194719915724374,0.129197405050841,0.154955311565392
0.0669689556267926,NA,0.0748466475467411,0.143286891542462,0.119160387264623,0.125212725798463
0.196963159694818,0.466103862880532,0.234358924308783,0.156659678131794,0.108652995513939,0.104598547518433
0.096744507357061,0.203532613911785,0.0993714207445962,0.161275988735473,0.211727929159362,0.175313549775298
0.117305404559722,0.143813044714699,0.234620538433427,0.264643984566819,0.0924525908949235,0.109573870119868
0.229023823383245,0.109292737608424,0.0493331887672124,0.354352857397187,0.13989972852076,0.105421827058049
0.0709758952061881,0.103954199673994,0.0766071836850117,0.0664461472071551,0.0880986170793617,0.128419918270151
0.0972190768251731,0.0858472172049792,0.0861353845410682,0.134861270169402,0.243829679452903,0.115766271850296
0.0606400551893594,0.347795863463604,0.0671468900902757,0.0887697474570149,0.0866324360224905,0.0761984459080323
0.109613756447641,NA,0.102006333781422,0.199445983379501,0.101156677509302,0.105342572124567
0.0909326170436632,0.237070290162334,0.270910844701667,0.079861403095026,NA,0.0986097930784555
0.231721683334587,NA,0.0680793294415583,0.17404962848486,NA,0.185338975601507
0.0602507753161619,0.17617153227648,0.0945819934567196,0.0970815381694804,NA,0.0644348767022731
0.235445786938324,0.148592749188587,0.181313296308396,0.120896099629059,0.0801630854178972,0.0741264780873203
NA,0.11548046536154,NA,NA,0.0614987376385459,0.132805881680482
0.109486295954397,0.263082200910615,0.093977798203435,NA,0.0578799393972875,0.0758941911212494
0.0708754731690679,0.136021140884618,0.378152921641496,0.189103440221521,0.0809963121855151,0.0750714191472561
0.0580877124885899,0.0986598228001125,0.0984763972597612,0.16753883593791,0.0781013676294453,0.0868167411487356
0.0732021811902861,0.144270017265297,NA,0.252798997615294,0.230939043674224,0.138897285251081
0.157667328013316,0.417566870332654,NA,0.107503451526827,0.0739212252354406,0.369447236180905
0.176461124896413,NA,0.0655638131180803,0.096221320452929,0.17073984101335,0.257124101597347
0.0646034704115741,0.230857800805987,0.158849319042493,0.125624458108865,0.208449028163427,0.346596596596597
0.0905608699000632,0.123530469312783,0.0772752349956794,0.0926799884533796,0.214527487924487,0.270258326626658
NA,0.19174299656138,0.272064439782691,NA,0.149203621728157,0.0796066133866757
0.0839928533806425,0.347949886104784,0.0603957889780057,0.0656859749523696,0.0522077886571705,0.205959355655766
0.161646684122343,NA,0.0931961341982844,0.195010534629965,0.240880157889921,0.179294135203701
0.0991615770553323,0.111840762590541,0.195266083560798,NA,0.404172013292534,0.102629374863709
0.239420729791523,0.0952308115319402,0.390163934426229,0.329821200510856,NA,0.0700905171134126
NA,0.106301163021593,NA,0.106840195886098,NA,0.116084288611975
NA,0.193865512092588,NA,0.275963051232924,NA,0.0645999192183889
NA,0.297754800324297,0.0957346158036828,0.190819026521445,0.254206208108193,0.113524520541275
NA,NA,0.153274847472671,0.113547697073463,0.196718023814051,0.184369715583223
0.196624251741847,NA,0.212631009246281,NA,0.104046789696725,0.0835136105115718
0.0920132400832844,0.216678596337874,0.0846586365771003,0.155215974154074,NA,0.13016120475405
0.483451494531334,NA,NA,NA,NA,0.107595042518908
NA,0.32452985775477,0.273878020713464,0.151238369651717,0.22048538430791,0.100575947540196
0.0973575467292507,NA,0.270163564579808,NA,NA,0.183446043914372
NA,NA,0.451569250907676,NA,NA,0.0806586035862866
NA,NA,0.201743755276927,NA,NA,0.0527340248969192
NA,NA,NA,NA,0.290330739159025,0.0842952058564594
0.383804948936342,NA,0.362989323843416,0.116524103208345,NA,0.219044811320755
NA,0.174549310710498,NA,0.119997306434691,NA,0.060418793477948
NA,0.127382999273883,NA,0.0915544084192024,0.254818464927272,0.107553306586897
0.237110120942075,NA,NA,0.0912217293353143,NA,0.38852696344553
NA,NA,NA,NA,NA,0.0671136186422407
0.0878690642433762,NA,NA,NA,NA,0.0948657636044775
0.363951473136915,NA,NA,NA,NA,0.203027056590753
0.43652948202845,NA,NA,0.153633908165385,0.378012455997834,0.204146309256569
0.339719707936306,NA,NA,NA,NA,0.206380464749902
0.415761345715788,NA,NA,0.392312735617112,NA,0.0985047458467439
NA,NA,NA,0.121123705524744,0.466991747936984,0.281173678542513
NA,NA,NA,0.187654006963102,NA,0.125832654731717
NA,NA,NA,0.342758492727434,NA,0.203241770337089
NA,NA,0.284826974267968,0.451089803725679,NA,NA
0.457173089436333,NA,0.393182486041728,0.418440101339124,NA,NA
NA,NA,NA,0.538816409933983,NA,0.265568069455517
NA,NA,NA,0.52975686805438,0.252354435854463,NA
0.376694738099504,NA,NA,NA,0.579205653340313,0.456138552982168
NA,NA,NA,NA,NA,0.123437227502124
NA,NA,NA,NA,NA,0.102917298495527
0.283156446230011,NA,NA,NA,NA,0.164269039314341
0.347826086956522,NA,NA,NA,NA,0.114036302395793
NA,NA,NA,NA,NA,0.0875992421878354
NA,NA,NA,NA,NA,0.410342208554417
NA,NA,NA,NA,NA,0.3211389049567
NA,NA,NA,NA,NA,NA
NA,NA,NA,NA,NA,NA
NA,NA,NA,0.279445727482679,0.230687830687831,NA
NA,NA,NA,NA,NA,NA
