"cnrmcm3","gfdlcm21","miroc32med","mpiecham5","ncarccsm3","ncarpcm1"
0.0950359442006688,0.11501926470506,0.225865976224282,0.120844919887664,0.043595724402067,0.117964773086853
0.0489991369470197,0.0690497270054213,0.112183136474494,0.0950093649725169,0.0902545856222763,0.0857783900719604
0.133132778370757,0.0985880134112037,0.145298663101964,0.160645179873548,0.169371304722904,0.126812016053195
0.132212262938377,0.108600204300228,0.0913272014940714,0.131841873069033,0.0744679526724056,0.1273059051105
0.147547757087257,0.177917516404057,0.163326203852432,0.0570863242371004,0.0889040810688382,0.157491107521823
0.0907139394208775,0.0435583973405182,0.10639542583206,0.136366006053184,0.366635641225805,0.172902205686137
0.097570201246456,0.102656088068649,0.0909976179658763,0.0746761862962245,0.0551567326613371,0.113249393334377
0.138110709566024,0.172069643655765,0.0772949322329695,NA,0.0450318356750878,0.126641312060863
0.0987835021216265,0.227579899824366,0.119963448191437,0.109478522905095,0.125563400857261,0.0659545908022043
0.0711375295047133,0.0349850292823471,0.0590523098691398,0.113436820362933,0.0994932785906038,0.0875687227478758
0.0941610791730346,0.0857260383590714,0.218637460683099,0.123930576207163,0.158037555913967,0.104283647608343
0.205678902782668,0.136750535068788,0.166479025064857,0.133830197217533,0.128872182119987,0.18077453101651
0.0856266874148113,0.158636305247934,0.130575422491384,0.0824712964964458,0.153037775423082,0.00758156288414797
0.0853359996739845,0.106736422183813,0.163548825559438,0.101409978426619,0.118633760471689,0.0961441307187466
0.133530061817014,0.0640497090296946,0.202717517130575,0.164618735781652,0.204977947337138,0.207483357322924
0.175712678624565,0.102471599058046,0.143614518883837,0.159251892510012,0.14759743637233,0.181333383606433
0.164247166881465,0.143956477478256,0.117432634546467,0.0854011001408545,0.141726951868113,0.152566190795567
0.273860596912158,0.101644260981937,0.0903808698959688,0.177915593248196,NA,0.105239112460549
0.0759495388593566,0.096682552398271,0.0983611368082987,0.0208496442335526,0.0666197971045741,0.138948565123812
0.12403901960723,0.104074989411755,0.117110046888066,0.0979476892143894,0.0401671571913956,0.0995901168278589
0.384874846560282,0.102160251637498,0.351841798367314,0.1968528623231,0.358473621723645,0.111082034988054
0.230237994914275,0.142030467705192,0.191631272348361,0.135395747973434,0.15182465707742,0.171621316445987
0.110989018804751,0.0879822495438343,0.0564175081067899,0.139532752028812,0.395403546869345,0.0930165433422762
0.0709337652457729,0.109571837839959,0.185434187327087,0.0692988116658922,0.118996532960494,0.144936030407207
0.0992704689956605,0.438153328649592,0.189350841623066,0.15613913331977,0.0852225744184976,0.173661865828478
0.0644836370939853,0.118741533529807,0.316929221352331,0.217291717597522,0.0828734947344099,0.119064824182055
0.112470836806754,0.0955052228073313,0.115802071351026,0.100110572656331,0.123693965634868,0.167279620539014
0.106254884844774,0.0387272546938869,0.360126859142607,0.170754672657962,0.0951652030063831,0.168883583127551
0.223766013364558,0.186958631110839,0.154204340391808,0.0921525678599195,0.216551578070967,0.136566057162303
0.102992370910312,0.327301242610689,0.123407654386963,0.13081874508402,0.106990721939216,0.182956792141507
0.202835607169271,0.089199304507963,0.129933057256922,0.0868543866281763,0.272228801642987,0.154242148581734
0.126839790757454,0.0853746883299838,0.0643147699608069,0.0746982975317434,0.06496531871071,0.150048577782582
0.0923004553591413,NA,NA,0.107304370673685,NA,0.137347592797813
0.0868026214571065,0.113360895967615,0.0798345270332326,0.0879698494488407,0.145102698648981,0.13501093178696
0.149832113932576,0.425016331503028,0.107634367993405,0.150771481543284,0.107143730363131,0.153613719473962
0.0567046214657791,0.0526203849967231,0.287869110727896,0.150940235110335,0.106107746407821,0.119443434319989
0.0981612192840352,0.166713791111889,0.443141512848353,0.172075902847112,0.103362138632318,0.181078802865014
0.165733672197563,0.135720089349862,0.297548564771647,NA,0.430329352153456,0.138970552737949
0.116125817897154,0.138988841916728,0.128859577185404,0.202680640568829,0.0821676191367089,0.138966447243224
0.458141930454634,0.122968441400033,NA,0.115751163775732,0.0733904590763473,0.139768544247425
0.163615106524011,0.0679512523868359,0.129592664171162,0.131947365532932,0.082926573806443,0.102006567613142
0.164271663455854,0.104839090203867,0.279672341204466,0.0959400863421919,0.0543205563602244,0.0626509346587874
0.123352684751018,0.0483610110801078,0.39356199809446,0.111969419320921,0.124180663173235,0.122252739527249
0.0742576308093312,0.0605401743002434,0.0769936934873129,0.112630863474812,0.101993578481901,0.126915460136358
0.0955398167793948,0.104770313590931,NA,0.159054872960794,0.148282795542512,0.104512819501463
0.0803465332431433,0.214639761742155,NA,0.356793092191473,0.106222616226537,0.0501057799161713
0.0836769591756233,NA,0.487263417853569,0.086146926469132,0.0811766869929243,0.130632960200521
0.121065952787649,0.089318224312861,0.10433206875227,0.113323784461624,0.257510949989481,0.255255637608579
0.130683556017311,0.0619008135102155,0.416983351429606,NA,0.190571753817876,0.0824445028252928
0.0416365062130534,0.158934429983819,0.165688682727019,NA,NA,0.0854431382919662
0.130918377559141,0.117811927871517,0.209139350566378,0.113254311778118,0.0916069201563216,0.066095628744923
0.139586880629822,0.364413068666035,0.482540498912863,0.0497824206700846,0.217046574557078,0.116274478041386
0.464893231994209,0.107029290676618,0.136340638318302,0.393439569095825,0.0807208368016931,0.145403586283325
0.129620341084133,0.284951253166848,0.45413055080145,0.348127035830619,0.0881628368408584,0.157341153048686
NA,0.109022115072784,0.0989319621025399,0.0606588982690968,0.115047846489727,0.104871580368127
0.100521394195916,0.125362114259734,0.198824599038524,NA,0.370323107549385,0.143212678246945
0.123443499580611,NA,0.0635532531017088,0.176839274620965,0.11017661635491,0.118879340862222
0.230131318115321,0.340261498258621,NA,0.458559536735432,0.295865786807735,NA
NA,0.102706657165167,0.364664310954064,0.438847908102934,0.114952595493664,0.104222089729502
0.0987252994665954,0.120507383696116,NA,0.162257375457345,0.110136579871247,0.0305427374868462
NA,0.310588492671188,0.0764973828095405,0.105405271375096,0.106794286138798,0.141630205457036
0.0868115537486722,NA,0.196552579365079,0.262227460223925,NA,0.0593437884246176
0.210405305287084,0.395607129931234,0.443275146858209,0.134049862208626,0.130944115814235,0.292414468501842
0.337081846853834,0.0707443212813809,0.392806369064544,0.131511722779442,0.107723305201026,NA
0.0722066343442162,NA,NA,NA,0.391163250785277,0.068153233661475
NA,0.274863130415866,NA,NA,0.0598736952709729,0.226251001097499
NA,0.100124397762834,0.0913426531142347,0.0515475663865096,0.0418859099640859,NA
0.41321763987805,0.0735477356376034,0.113150745714815,NA,0.404417232942192,0.0752423420456064
0.142017945106521,0.0750438170705065,0.11097128708963,0.372127510563993,0.296232427100409,0.126755845888086
0.179821622460059,0.193926411290323,0.0806226092384917,0.106641819934284,NA,0.129835930849445
0.13652326681328,NA,NA,0.107608443516585,0.0828959050499362,0.164898870320938
0.099961919175613,NA,NA,0.0959478625717512,0.277919863597613,0.0981624442187091
0.0858196765971203,0.0650302260068108,NA,0.106966855406121,0.12007418918769,0.0515782766714129
0.104093226263591,NA,0.0873455131649651,0.105072493762242,NA,0.13189137088825
0.117398922925702,0.263170236048148,0.100782733485207,NA,0.114962931101725,0.0406241074721994
0.258744581032128,NA,0.355229822656533,0.0873772485761391,NA,0.0930490732021368
0.0875989185776433,NA,NA,0.0906387782258119,NA,0.116421445422984
NA,NA,NA,0.4928125,NA,0.437646401672132
0.305223665082403,0.0769433159690452,NA,NA,0.0528369899147957,0.134557003039436
0.22010514622915,0.394188511452355,NA,0.0885041413703607,NA,0.141499719437046
0.0677808295324304,0.110672569142299,0.481330801916644,NA,0.111728179613699,0.0873460737093298
0.423034389269406,0.316476655808903,0.435478310247622,0.170502316354641,0.0907113533709351,0.0967216916027163
0.0729323628281576,0.346077347706012,NA,NA,0.318859906129179,0.109268120807126
NA,0.000398117987694535,NA,NA,0.30709373868983,0.108110853662333
0.438293838862559,NA,0.223352100424314,NA,0.121423752004341,0.0932334267228695
0.150363324917921,0.156925815450394,NA,NA,0.0849181166411604,0.0945447360279434
NA,NA,NA,NA,NA,0.210981955411023
NA,NA,0.087564642366574,NA,0.0754464916935959,0.093222424910517
NA,NA,0.456334841628959,NA,0.220580023119116,0.118801273022396
NA,NA,0,NA,0,0
