"cnrmcm3","gfdlcm21","miroc32med","mpiecham5","ncarccsm3","ncarpcm1"
2304.23159165373,3736.44096315637,5526,5526,5526,5526
37.1351770483329,4176.21177223289,5526,5523.16867792974,5526,5526
4456.26937269373,5526,5526,5526,5451.62198991973,5526
2613.26253041363,5514.33593073593,5526,4837.20811703634,5478.02808022923,5526
5134.49880311191,5526,5526,5525.68504366812,5522.60539419087,5526
3893.93269230769,35.0486257928118,3288.98327137546,5523.88742182071,3843,883.376121930567
3541.95088607595,3551.5138576779,5526,5525.59219088937,5526,5526
5526,1459.03757009346,5479.81854199683,NA,4672.50337216432,4130.4024024024
5526,4955.11146195137,5526,4923.95643363729,5526,5526
906.454792490119,53.5589174651202,911.08023872679,479.447870985995,5525.94314951677,32.3473170731707
3594.93681073025,2602.52064220184,5526,5526,5526,5526
4530.28044444444,5526,3489.66004765687,5526,4612.42413162706,5388.86924626007
1901.23260007212,5523.8125,3310.82605083901,5526,5526,5400.77889655172
3184.63035921205,5525.80780182232,3125.59859996585,5526,5526,5455.13544844417
5526,5526,4640.84696371498,5465.05973886603,5019.01678108314,5526
2216.3974288084,5526,5088.8486912872,4654.21865467972,5182.56483226536,5526
5526,5519.41411564626,5526,5526,5526,5526
5526,5526,5526,5526,NA,5526
4666.54793315743,5526,5526,5526,3405.60142857143,2301.52959121416
3251.14376455643,3714.53853564547,2461.23334338257,3666.43790186125,55.4599023160548,3963.21975180972
5510.88235294118,5526,5526,5526,5526,5526
5526,3312.48723455023,5526,5526,5526,5526
5237.87606525444,5526,5355.33494208494,5526,5526,5526
4784.92045454545,5526,5526,5526,5450.45098864114,5351.20521056388
5526,5526,5526,5526,4763.19867060561,3935.5171641791
5526,5526,5526,4848.85915492958,5140.75595805529,5526
4538.67663606752,4262.04135079256,2844.08189655172,5526,4355.18338658147,5526
2683.91046205411,669.389541715629,4572,5526,3239.62359198999,5400.59218598644
2316.77014747505,1807.42964824121,1897.18109899508,4689.59959893048,1722.30817610063,2695.84357870008
2962.54919447641,5526,5525.87842250691,5526,5526,5526
5526,5526,3810.26458384184,5526,5013.29147982063,4860.13837429112
5526,3988.54705364996,5526,5275.47570332481,5526,5526
4145.98585512216,NA,NA,4447.75699048717,NA,2683.30438396011
4911.44186046512,3820.83789329685,2540.10737386805,4955.77124183007,4444.80923694779,3148.03800217155
5526,5149,5526,5526,5526,5526
5526,2684.52631578947,5526,5526,5526,5526
5526,5171.17539562924,5526,5039.57298969072,5526,4592.72220023744
1553.59436469963,2550.91636121293,5100.47674418605,NA,5526,5218.0454696316
5526,2832.60433667522,4748.65239179954,4451.4430740038,2894.71140142518,1757.29596497906
5526,5526,NA,5526,5526,5490.22311700616
5526,5526,5526,2308.72371134021,5526,3081.31014492754
2718.55118946474,5385.07109136351,3642,3359.96083172147,2726.32931968694,5526
2118.64713517523,5526,4898,5068.3978960396,2097.7142503711,5170.19456264775
5359.95396270396,1991.1494301393,4225.42348754448,4360.2755988418,5526,2577.99848844742
5526,5526,NA,4991.70466321244,5526,5526
4264.38453815261,1826.7652733119,NA,2265.55208333333,988.32350463353,3688.03924268503
5526,NA,5526,5526,5526,4098.92969539483
5526,5526,5526,3689.95774222759,5526,5049
2049.2875983341,5525.78275020342,5526,NA,2204.35489649682,5526
40.6199081163859,2531.41881380651,5526,NA,NA,5526
4496.99346084682,5526,5152.939546985,5526,5526,5526
2235.57939362795,3424.03278688525,5526,4108.46123372948,2877.80774962742,5016.91297935103
5526,4100.90274046212,5526,5526,4367.45872899927,5526
5526,5526,5526,5526,5414.11934673367,5526
NA,5526,5152.12920696325,4151.32657558396,5279.88369304556,5526
5261.21484888305,2336.35231788079,5193.91975308642,NA,4521,4970.72025495751
5526,NA,5056.57450628366,4900.45237258348,5525.3300871348,5526
5501,5249.38823529412,NA,5526,5526,NA
NA,2043.27363737486,4245,5074,3752.14776925263,4161.97752221641
5526,5525.94339622641,NA,4521.91080493111,5526,5526
NA,3265,3641.45381277123,1799.32615384615,5291.14709517923,4091.4923344397
2870.27023809524,NA,2688,725.081818181818,NA,5526
4623.53726708075,5526,5526,5518.52491984844,2330.1148255814,5526
5526,4006.82626200062,3517,5526,1125.18418201517,NA
5526,NA,NA,NA,5487.90476190476,5522.81902834008
NA,1970.07142857143,NA,NA,1905.19327731092,742.577092511013
NA,5526,4173.7144549763,34.1736142922584,38.1103448275862,NA
5526,5526,5153.44688026981,NA,4575.35064935065,5526
5526,5526,5526,5526,5526,5526
5526,1984,750.403919694073,2831.75013290803,NA,3073.58013849012
5525.91708126037,NA,NA,5526,5526,1194.21063134978
3055.5825436409,NA,NA,3234.49903846154,4074.63157894737,3708.97318555595
5225.50123966942,801.922379032258,NA,5143.42651986597,4291.06895705521,5526
1525.56359832636,NA,1722.91354663036,2144.31834319527,NA,1320.4527427247
5526,5483.14285714286,5526,NA,5524.50607560756,5526
5051.7,NA,5526,4199.75258157786,NA,5526
4493.0397539044,NA,NA,5526,NA,5526
NA,NA,NA,3200,NA,5249.81081081081
3405.01666666667,5526,NA,NA,4197.66122678672,4790.05907668232
5526,5526,NA,2400.27063935444,NA,4363.81509954662
3122.5165184244,4572.56842105263,1652.79310344828,NA,698.586454183267,5459.69920424403
4672,5526,3793,Inf,2596.83962991519,5526
4289.78726968174,5526,NA,NA,5526,5526
NA,44.5645161290323,NA,NA,56.6769230769231,2818.1154353562
5275,NA,3525.95759717314,NA,2729.2818772137,5526
833.113715277778,Inf,NA,NA,345.742631200575,2362.23419041001
NA,NA,NA,NA,NA,2784.8202247191
NA,NA,3722.87177419355,NA,3591.15825242718,5526
NA,0,1547,0,5526,5526
NA,NA,5526,NA,5526,5526
