"Year","AFem","AFemDeath","AMal","AMalDeath","Eggs","EggsDeath","FryGrad","FryExit","FryDeath","FryInStr","allMortAF","baseMortAF","tempMortAF","allMortAM","baseMortAM","tempMortAM","InVivo","Year","allMortEgg","baseMortEgg","tempMortEgg","denMortEgg","incMortEgg","superMortEgg","lostMortEgg","catMortEgg","allMortFry","baseMortFry","tempMortFry","denMortFry","habMortFry","freshMortFry","seasMortFry","catMortFry","allMortSF","allMortSM"
2010,7568,7568,7578,6268,40533210,33230182,7303028,4096936,1492547,1713545,233,185,48,277,229,48,0,2010,33230182,10412185,4778681,0,3862516,6926688,7250112,0,1492547,748528,293353,0,0,0,450666,0,7335,5991
2011,7568,7568,7578,6322,34510554,28199661,6310893,2819231,1187363,2304299,238,195,43,274,231,43,6006332,2011,28199661,9484828,4698698,0,1157151,6295853,6563131,0,1187363,578156,260938,0,0,0,348269,0,7330,6048
2012,7568,7568,7578,6343,23916528,21114789,2801739,838522,607506,1355711,3240,178,3062,3287,218,3069,0,2012,21114789,4545111,2377806,0,1342308,5610504,7239060,0,607506,273861,168570,0,0,0,165075,0,4328,3056
2013,7568,7568,7578,6702,9712109,9100663,611446,127920,127541,355985,5803,113,5690,5820,122,5698,41281,2013,9100663,1089046,385699,0,983524,2166334,4476060,0,127541,80039,0,0,0,0,47502,0,1765,882
2014,7568,7568,7578,6278,40815036,36969748,3845288,2400974,683346,760968,182,182,0,226,226,0,0,2014,36969748,7749426,5177467,0,11587061,5929588,6526206,0,683346,427582,0,0,0,0,255764,0,7386,6052
2015,7568,7568,7578,6274,525260,487072,38188,25157,3667,9364,182,182,0,226,226,0,40386992,2015,487072,48372,126197,0,39001,123425,150077,0,3667,2496,187,0,0,0,984,0,7386,6048
2016,7568,7568,7578,6312,40030344,34084742,5945602,3059039,976217,1910346,324,190,134,362,227,135,0,2016,34084742,9664691,6680243,0,3556243,6950031,7233534,0,976217,604817,9225,0,0,0,362175,0,7244,5950
2017,7568,7568,7578,6322,39558592,30732000,8826592,5624804,1576487,1625301,192,192,0,227,227,0,1201536,2017,30732000,9525717,3653818,0,3174283,7085470,7292712,0,1576487,958998,42445,0,0,0,575044,0,7376,6095
2018,7568,7568,7578,6316,40759776,34671862,6087914,3778050,1117431,1192433,192,189,3,229,226,3,0,2018,34671862,8950274,4035506,0,8361924,6328242,6995916,0,1117431,661898,58677,0,0,0,396856,0,7376,6087
2019,7568,7568,7578,6309,13008829,10923293,2085536,981123,437962,666451,183,183,0,227,227,0,27863473,2019,10923293,3079224,2072435,0,463105,2465696,2842833,0,437962,203719,112231,0,0,0,122012,0,7385,6082
2020,7568,7568,7578,6565,12466656,11165326,1301330,190223,243506,867601,5312,119,5193,5339,139,5200,0,2020,11165326,1820032,813940,0,298773,2855783,5376798,0,243506,152055,921,0,0,0,90530,0,2256,1226
2021,7568,7568,7578,6519,15240708,13017667,2223041,829380,589310,804351,4810,137,4673,4837,160,4677,0,2021,13017667,2481561,962975,0,544351,3276214,5752566,0,589310,280128,140680,0,0,0,168502,0,2758,1682
2022,7568,7568,7578,6282,39943600,32873643,7069957,3759281,1330057,1980619,333,185,148,375,227,148,37010,2022,32873643,10397275,3731412,0,3397135,7705363,7642458,0,1330057,723651,171683,0,0,0,434723,0,7235,5907
2023,7568,7568,7578,6273,36833502,31047983,5785519,1963672,1450773,2371074,896,183,713,942,226,716,35970,2023,31047983,9917832,5736894,0,916990,7032745,7443522,0,1450773,487452,666179,0,0,0,297142,0,6672,5331
2024,7568,7568,7578,6410,18688932,17443391,1245541,212714,262521,770306,4186,145,4041,4238,191,4047,0,2024,17443391,2919222,2101011,0,1478659,4224883,6719616,0,262521,110095,86191,0,0,0,66235,0,3382,2172
2025,7568,7568,7578,6322,39367224,33425129,5942095,2494849,1140632,2306614,444,196,248,481,232,249,0,2025,33425129,9734479,3815402,0,3277311,8789699,7808238,0,1140632,538482,277505,0,0,0,324645,0,7124,5841
2026,7568,7568,7578,6322,40759776,34411351,6348425,2628835,1880203,1839387,192,192,0,227,227,0,0,2026,34411351,10565661,7829710,0,1992884,6756406,7266690,0,1880203,538686,1010844,0,0,0,330673,0,7376,6095
2027,7568,7568,7578,6810,7891128,7079073,812055,122774,237553,451728,6140,112,6028,6168,130,6038,0,2027,7079073,1000653,600286,0,139427,1945743,3392964,0,237553,101672,74884,0,0,0,60997,0,1428,642
2028,7568,7568,7578,6511,15240708,13763708,1477000,240726,369971,866303,4810,137,4673,4832,156,4676,0,2028,13763708,2496039,1285710,0,805989,3428930,5747040,0,369971,146011,135755,0,0,0,88205,0,2758,1679
2029,7568,7568,7578,6828,5317452,4883362,434090,86123,127009,220958,6146,85,6061,6168,99,6069,2552651,2029,4883362,627219,282717,0,246661,1340968,2385797,0,127009,57026,36059,0,0,0,33924,0,1422,660
2030,7568,7568,7578,6271,40605048,36350500,4254548,2400910,847429,1006209,220,186,34,264,231,33,0,2030,36350500,7236754,3793364,0,10737670,7205502,7377210,0,847429,451392,125068,0,0,0,270969,0,7348,6007
2031,7568,7568,7578,6322,40737672,31257496,9480176,5739854,1935185,1805137,196,193,3,231,228,3,0,2031,31257496,10390187,4112940,0,2465006,7044777,7244586,0,1935185,985815,355828,0,0,0,593542,0,7372,6091
2032,7568,7568,7578,6322,40069026,32683852,7385174,3499858,1466432,2418884,317,196,121,355,232,123,0,2032,32683852,10293087,5138322,0,1833909,7781602,7636932,0,1466432,724357,305810,0,0,0,436265,0,7251,5967
2033,7568,7568,7578,6275,38145978,30277943,7868035,4127471,1915757,1824807,665,194,471,710,239,471,0,2033,30277943,9450642,4907152,0,854437,7461936,7603776,0,1915757,786386,653202,0,0,0,476169,0,6903,5565
2034,7568,7568,7578,7565,110520,67977,42543,5101,11690,25752,7548,48,7500,7557,50,7507,0,2034,67977,44460,12788,0,10729,0,0,0,11690,5625,2885,0,0,0,3180,0,20,8
2035,7568,7568,7578,6325,32470776,28002992,4467784,2038958,786033,1642793,1692,188,1504,1731,224,1507,0,2035,28002992,6546968,4227991,0,2700332,6846561,7681140,0,786033,459812,50614,0,0,0,275607,0,5876,4594
2036,7568,7568,7578,6318,32165844,31158971,1006873,691123,209144,106606,557,194,363,595,232,363,6586710,2036,31158971,4737853,3467172,0,9813319,6173462,6967165,0,209144,121477,15480,0,0,0,72187,0,7011,5723
2037,7568,7568,7578,6270,35327769,30230072,5097697,2128167,967733,2001797,906,188,718,949,230,719,1488348,2037,30230072,8372738,6153162,0,3099513,5883978,6720681,0,967733,499084,168577,0,0,0,300072,0,6662,5321
2038,7568,7568,7578,7196,1913318,1682646,230672,13932,54426,162314,6804,93,6711,6835,118,6717,2320502,2038,1682646,343387,161560,0,64802,772939,339958,0,54426,26720,12032,0,0,0,15674,0,764,361
2039,7568,7568,7578,7573,49734,34383,15351,2329,3509,9513,7559,39,7520,7570,41,7529,0,2039,34383,16730,13573,0,4080,0,0,0,3509,1849,958,0,0,0,702,0,9,3
2040,7568,7568,7578,6459,18335268,16079761,2255507,935694,449914,869899,4250,114,4136,4300,162,4138,0,2040,16079761,2886553,1687957,0,1562835,3753296,6189120,0,449914,281624,0,0,0,0,168290,0,3318,2159
2041,7568,7568,7578,6269,40682412,34438019,6244393,2546999,1171587,2525807,206,184,22,250,228,22,0,2041,34438019,10427683,7192173,0,1952221,7383738,7482204,0,1171587,574049,251827,0,0,0,345711,0,7362,6019
2042,7568,7568,7578,7578,0,0,0,0,0,0,7568,47,7521,7578,51,7527,0,2042,0,0,0,0,0,0,0,0,0,0,0,0,0,0,0,0,0,0
2043,7568,7568,7578,6322,29936300,24046654,5889646,3566240,1171001,1152405,190,190,0,226,226,0,10842969,2043,24046654,6872464,3385457,0,1750468,5866092,6172173,0,1171001,633148,157572,0,0,0,380281,0,7378,6096
2044,7568,7568,7578,7007,40721094,32254730,8466364,5748065,1671703,1046596,199,183,16,236,220,16,0,2044,32254730,8400501,6245004,0,4869435,6451202,6288588,0,1671703,935462,174405,0,0,0,561836,0,7369,6771
2045,7568,7568,7578,6322,39405906,32101573,7304333,3449716,1224355,2630262,437,200,237,473,236,237,0,2045,32101573,10720438,5840583,0,695611,7368263,7476678,0,1224355,692064,116600,0,0,0,415691,0,7131,5849
2046,7568,7568,7578,6267,40193974,35096520,5097454,3358611,1000843,738000,294,185,109,338,229,109,2150,2046,35096520,7670203,4716411,0,9059728,6698470,6951708,0,1000843,570810,87747,0,0,0,342286,0,7274,5929
2047,7568,7568,7578,6322,40494528,37649241,2845287,1723047,526332,595908,240,197,43,274,231,43,0,2047,37649241,9084700,3376677,0,10114262,7563768,7509834,0,526332,322775,10629,0,0,0,192928,0,7328,6048
2048,7568,7568,7578,6318,40765302,31068593,9696709,6000020,2030298,1666391,191,191,0,227,227,0,0,2048,31068593,10332881,4622463,0,1280719,7350326,7482204,0,2030298,997870,431094,0,0,0,601334,0,7377,6091
2049,7568,7568,7578,6335,30050388,24917436,5132952,1926578,1090978,2115396,2130,178,1952,2172,216,1956,0,2049,24917436,7370412,3094709,0,1059784,6208731,7183800,0,1090978,515416,264828,0,0,0,310734,0,5438,4163
2050,7568,7568,7578,6323,37759158,31975710,5783448,2513234,1053195,2217019,735,195,540,772,232,540,0,2050,31975710,9237819,5683341,0,1577957,7834135,7642458,0,1053195,566776,145870,0,0,0,340549,0,6833,5551
2051,7568,7568,7578,6322,39239889,30945016,8294873,4963077,1740315,1591481,212,191,21,249,228,21,1409894,2051,30945016,9539139,4430784,0,3010057,6584734,7380302,0,1740315,873635,340633,0,0,0,526047,0,7356,6073
2052,7568,7568,7578,6322,40489002,33323709,7165293,3816516,1473587,1875190,241,196,45,275,230,45,0,2052,33323709,10020348,6263256,0,2657467,7038584,7344054,0,1473587,711218,333849,0,0,0,428520,0,7327,6047
2053,7568,7568,7578,6341,9116181,8453026,663155,112454,94539,456162,2784,167,2617,2831,208,2623,17366452,2053,8453026,1636328,1203776,0,492096,2176745,2944081,0,94539,54282,8138,0,0,0,32119,0,4784,3510
2054,7568,7568,7578,6404,17473212,15847786,1625426,353634,457697,814095,4406,147,4259,4459,194,4265,0,2054,15847786,2442745,1308797,0,1094126,4171982,6830136,0,457697,179196,170266,0,0,0,108235,0,3162,1945
2055,7568,7568,7578,7224,1221266,1088537,132729,3917,48143,80669,6911,83,6828,6920,85,6835,2423884,2055,1088537,216544,122821,0,55066,496286,197820,0,48143,13521,26698,0,0,0,7924,0,657,304
2056,7568,7568,7578,7578,0,0,0,0,0,0,7568,37,7531,7578,43,7535,0,2056,0,0,0,0,0,0,0,0,0,0,0,0,0,0,0,0,0,0
2057,7568,7568,7578,6418,18390528,15906062,2484466,559540,563355,1361571,4240,141,4099,4283,176,4107,0,2057,15906062,3687741,1785122,0,112437,4065330,6255432,0,563355,258625,148974,0,0,0,155756,0,3328,2135
2058,7568,7568,7578,6585,13222917,11809486,1413431,258164,273823,881444,5175,120,5055,5204,137,5067,801,2058,11809486,2004894,773395,0,647015,3073696,5310486,0,273823,171486,0,0,0,0,102337,0,2393,1381
2059,7568,7568,7578,7002,40688747,31508202,9180545,4926388,1957757,2296400,180,180,0,213,213,0,137341,2059,31508202,11056230,3642681,0,2554144,7165289,7089858,0,1957757,913204,493514,0,0,0,551039,0,7388,6789
2060,7568,7568,7578,6322,39720888,32341633,7379255,3185114,2329897,1864244,380,195,185,418,231,187,0,2060,32341633,10663808,5510702,0,851663,7645372,7670088,0,2329897,663008,1259772,0,0,0,407117,0,7188,5904
2061,7568,7568,7578,7564,82041,49510,32531,1632,7658,23241,7545,51,7494,7556,52,7504,45057,2061,49510,37032,11020,0,1458,0,0,0,7658,4035,1392,0,0,0,2231,0,23,8
2062,7568,7568,7578,6337,20315123,17537453,2777670,1288183,657276,832211,2870,162,2708,2914,203,2711,5661550,2062,17537453,3390567,2083250,0,1587103,4475495,6001038,0,657276,319096,146398,0,0,0,191782,0,4698,3423
2063,7568,7568,7578,7412,3879252,3435151,444101,24062,123794,296245,6866,85,6781,6888,97,6791,0,2063,3435151,675638,389034,0,236964,1486973,646542,0,123794,52118,40428,0,0,0,31248,0,702,524
2064,7568,7568,7578,6896,7029072,6283690,745382,223809,191132,330441,6296,90,6206,6320,108,6212,0,2064,6283690,790937,413838,0,144167,1818084,3116664,0,191132,105398,22915,0,0,0,62819,0,1272,576
2065,7568,7568,7578,6335,18036746,14837916,3198830,1986706,760948,451176,929,190,739,969,228,741,18694379,2065,14837916,3444077,3364267,0,1394705,3102459,3532408,0,760948,337339,220303,0,0,0,203306,0,6639,5366
2066,7568,7568,7578,7533,408924,297130,111794,3923,29111,78760,7494,52,7442,7505,52,7453,0,2066,297130,150296,107693,0,39141,0,0,0,29111,13134,8176,0,0,0,7801,0,74,28
2067,7568,7568,7578,6535,14257799,12673419,1584380,582159,331062,671159,4938,117,4821,4962,137,4825,276131,2067,12673419,2023948,1348232,0,954975,2864788,5481476,0,331062,205755,2521,0,0,0,122786,0,2630,1573
2068,7568,7568,7578,7026,38724413,32770942,5953471,2943617,1212609,1797245,181,181,0,210,210,0,2099717,2068,32770942,9053727,7399894,0,3660254,5878617,6778450,0,1212609,587128,271877,0,0,0,353604,0,7387,6816
2069,7568,7568,7578,6323,37940841,29521183,8419658,4865866,1953566,1600226,702,192,510,739,230,509,675,2069,29521183,9220246,4137122,0,1933181,6781586,7449048,0,1953566,887041,530906,0,0,0,535619,0,6866,5584
2070,7568,7568,7578,7380,1245900,973298,272602,10639,76399,185564,7222,81,7141,7225,79,7146,668005,2070,973298,378919,174669,0,32386,387324,0,0,76399,30985,27035,0,0,0,18379,0,346,155
2071,7568,7568,7578,7578,0,0,0,0,0,0,7568,32,7536,7578,38,7540,0,2071,0,0,0,0,0,0,0,0,0,0,0,0,0,0,0,0,0,0
2072,7568,7568,7578,7379,1900944,1523008,377936,86771,91061,200104,7224,58,7166,7222,50,7172,0,2072,1523008,417232,264743,0,157792,666663,16578,0,91061,53894,5351,0,0,0,31816,0,344,157
2073,7568,7568,7578,6322,34220924,26682606,7538318,3766910,1669325,2102083,470,196,274,506,231,275,5011039,2073,26682606,9408631,2632300,0,275444,7245318,7120913,0,1669325,737056,487012,0,0,0,445257,0,7098,5816
2074,7568,7568,7578,7576,9126,6090,3036,118,488,2430,7566,46,7520,7575,53,7522,1926,2074,6090,3758,1606,0,726,0,0,0,488,182,224,0,0,0,82,0,2,1
2075,7568,7568,7578,7564,52960,38869,14091,65,2656,11370,7544,48,7496,7554,51,7503,79664,2075,38869,21885,11139,0,5845,0,0,0,2656,1300,870,0,0,0,486,0,24,10
2076,7568,7568,7578,6471,15941360,14385240,1556120,480252,377849,698019,4683,131,4552,4718,157,4561,1150,2076,14385240,2240854,987747,0,1284320,3732933,6139386,0,377849,186587,79311,0,0,0,111951,0,2885,1753
2077,7568,7568,7578,6283,31686084,24837875,6848209,3462170,1380358,2005681,1834,181,1653,1877,224,1653,0,2077,24837875,7839980,2649218,0,748166,6400133,7200378,0,1380358,725943,217683,0,0,0,436732,0,5734,4406
2078,7568,7568,7578,6379,18871290,16739366,2131924,859189,476857,795878,4153,147,4006,4201,188,4013,0,2078,16739366,2860452,1729376,0,1385278,3917546,6846714,0,476857,266411,50963,0,0,0,159483,0,3415,2178
2079,7568,7568,7578,6887,5106748,4484631,622117,76184,139282,406651,5975,140,5835,6001,156,5845,3711822,2079,4484631,954728,609554,0,134450,1216569,1569330,0,139282,65493,34762,0,0,0,39027,0,1593,886
2080,7568,7568,7578,7578,0,0,0,0,0,0,7568,28,7540,7578,33,7545,0,2080,0,0,0,0,0,0,0,0,0,0,0,0,0,0,0,0,0,0
2081,7568,7568,7578,7578,0,0,0,0,0,0,7568,46,7522,7578,50,7528,0,2081,0,0,0,0,0,0,0,0,0,0,0,0,0,0,0,0,0,0
2082,7568,7568,7578,6316,29330337,23535627,5794710,2831361,1192745,1770604,195,192,3,230,227,3,11436926,2082,23535627,7739921,3754455,0,1226733,5219552,5594966,0,1192745,553381,305699,0,0,0,333665,0,7373,6086
2083,7568,7568,7578,7578,0,0,0,0,0,0,7568,37,7531,7578,42,7536,0,2083,0,0,0,0,0,0,0,0,0,0,0,0,0,0,0,0,0,0
2084,7568,7568,7578,7578,8335167,7362076,973091,53481,406728,512882,6059,81,5978,6066,77,5989,3567,2084,7362076,1469471,978113,0,271840,2310680,2331972,0,406728,103038,240420,0,0,0,63270,0,1509,1512
2085,7568,7568,7578,7578,0,0,0,0,0,0,7568,6,7562,7578,3,7575,0,2085,0,0,0,0,0,0,0,0,0,0,0,0,0,0,0,0,0,0
2086,7568,7568,7578,7578,0,0,0,0,0,0,7568,30,7538,7578,34,7544,0,2086,0,0,0,0,0,0,0,0,0,0,0,0,0,0,0,0,0,0
2087,7568,7568,7578,7578,0,0,0,0,0,0,7568,36,7532,7578,41,7537,0,2087,0,0,0,0,0,0,0,0,0,0,0,0,0,0,0,0,0,0
2088,7568,7568,7578,6337,27132660,22777466,4355194,2016394,1062244,1276556,2658,171,2487,2701,208,2493,0,2088,22777466,5419490,4007648,0,664884,5556904,7128540,0,1062244,473247,303274,0,0,0,285723,0,4910,3636
2089,7568,7568,7578,7571,66312,36816,29496,2932,7054,19510,7556,35,7521,7567,37,7530,0,2089,36816,29653,6707,0,456,0,0,0,7054,3901,985,0,0,0,2168,0,12,4
2090,7568,7568,7578,6507,12204829,11029500,1175329,172832,312294,690203,5021,123,4898,5049,147,4902,1877351,2090,11029500,1739363,866606,0,541863,2863988,5017680,0,312294,135670,95053,0,0,0,81571,0,2547,1458
2091,7568,7568,7578,7530,453132,293887,159245,24014,61924,73307,7486,59,7427,7497,64,7433,0,2091,293887,163059,83844,0,46984,0,0,0,61924,20453,29196,0,0,0,12275,0,82,33
2092,7568,7568,7578,6951,6509628,5795133,714495,261115,175031,278349,6390,99,6291,6416,116,6300,0,2092,5795133,744979,590862,0,465896,1976406,2016990,0,175031,105409,6822,0,0,0,62800,0,1178,535
2093,7568,7568,7578,7031,16965940,14568260,2397680,1296221,490716,610743,892,189,703,919,217,702,19971374,2093,14568260,3067409,2255521,0,2414671,3261459,3569200,0,490716,260742,73860,0,0,0,156114,0,6676,6112
2094,7568,7568,7578,7566,104994,62279,42715,9134,9890,23691,7549,36,7513,7559,38,7521,0,2094,62279,39636,20083,0,2560,0,0,0,9890,6103,262,0,0,0,3525,0,19,7
2095,7568,7568,7578,6322,40732146,31291312,9440834,5375689,1861070,2204075,197,194,3,232,229,3,0,2095,31291312,11098554,4531791,0,733999,7461342,7465626,0,1861070,935700,361908,0,0,0,563462,0,7371,6090
2096,7568,7568,7578,7578,0,0,0,0,0,0,7568,29,7539,7578,35,7543,0,2096,0,0,0,0,0,0,0,0,0,0,0,0,0,0,0,0,0,0
2097,7568,7568,7578,7567,186124,103977,82147,24004,23405,34738,7530,33,7497,7540,36,7504,23864,2097,103977,67666,32538,0,3773,0,0,0,23405,12107,4488,0,0,0,6810,0,38,27
2098,7568,7568,7578,7505,641016,408666,232350,13972,77187,141191,7452,30,7422,7461,37,7424,0,2098,408666,278196,128301,0,2169,0,0,0,77187,27957,32487,0,0,0,16743,0,116,44
2099,7568,7543,7578,7552,5526,490,0,0,0,0,7542,45,7497,7552,50,7502,0,2099,490,188,302,0,0,0,0,0,0,0,0,0,0,0,0,0,1,0
