"Year","AFem","AFemDeath","AMal","AMalDeath","Eggs","EggsDeath","FryGrad","FryExit","FryDeath","FryInStr","allMortAF","baseMortAF","tempMortAF","allMortAM","baseMortAM","tempMortAM","InVivo"
2010,7568,7568,7578,6309,13362239,12092346,1269893,715409,251025,303459,1769,193,1576,1812,232,1580,18741005
2011,7568,7568,7578,6312,143676,136636,7040,6428,594,18,3699,167,3532,3743,205,3538,21324834
2012,7568,7568,7578,6324,18114735,15703070,2411665,656912,563548,1191205,3503,177,3326,3548,215,3333,4366710
2013,7568,7568,7578,6325,10740509,9320482,1420027,545637,276543,597847,3458,170,3288,3503,208,3295,12018050
2014,7568,7568,7578,6275,34318990,29255300,5063690,2110564,973320,1979806,884,185,699,931,229,702,2617548
2015,7568,7568,7578,6878,4859628,4418792,440836,61663,146972,232201,6320,88,6232,6342,103,6239,2048251
2016,7568,7568,7578,6651,6995353,6312815,682538,81688,147370,453480,5593,158,5435,5620,177,5443,3937587
2017,7568,7568,7578,6338,20192004,17403272,2788732,679083,715896,1393753,3914,170,3744,3959,211,3748,0
2018,7568,7568,7578,6322,31746870,28610803,3136067,1138186,577964,1419917,1823,200,1623,1863,234,1629,0
2019,7568,7568,7578,6335,3669329,3408302,261027,33246,61174,166607,3520,154,3366,3564,194,3370,18765304
2020,7568,7568,7578,6336,12061013,10925335,1135678,314308,252181,569189,4213,165,4048,4259,203,4056,6504743
2021,7568,7568,7578,6286,30579393,24289857,6289536,3969045,1480307,840184,818,184,634,865,230,635,6739522
2022,7568,7568,7578,6355,5272118,4820684,451434,129393,121654,200387,4795,145,4650,4841,187,4654,10094334
2023,7568,7568,7578,6650,5496672,5027608,469064,52543,124002,292519,5842,123,5719,5865,136,5729,4064814
2024,7568,7568,7578,6292,21540348,18664064,2876284,1081884,568219,1226181,3670,158,3512,3722,203,3519,0
2025,7568,7568,7578,6266,16033419,13216144,2817275,1840108,647192,329975,334,183,151,377,226,151,24001403
2026,7568,7568,7578,6344,27663156,23119561,4543595,1859429,1215307,1468859,2562,188,2374,2600,225,2375,0
2027,7568,7568,7578,7526,453132,329037,124095,879,24586,98630,7486,36,7450,7495,36,7459,0
2028,7568,7568,7578,6926,5305865,4902887,402978,41732,111413,249833,6431,110,6321,6453,122,6331,982321
2029,7568,7568,7578,6324,15355152,13450514,1904638,800851,436293,667494,2845,165,2680,2886,201,2685,10776243
2030,7568,7568,7578,7567,93685,57628,36057,3798,8812,23447,7551,34,7517,7560,34,7526,257
2031,7568,7568,7578,6323,38361492,29529219,8832273,4744945,1765841,2321487,626,196,430,662,232,430,0
2032,7568,7568,7578,6301,21511957,19124366,2387591,1020043,501047,866501,3461,160,3301,3512,205,3307,1186116
2033,7568,7568,7578,6309,31580475,29340353,2240122,684815,480478,1074829,968,194,774,1009,233,776,4904619
2034,7568,7568,7578,6462,13732110,12368917,1363193,103641,354125,905427,5083,121,4962,5128,161,4967,0
2035,7568,7568,7578,7165,3973194,3716988,256206,2055,58016,196135,6849,88,6761,6882,114,6768,0
2036,7568,7568,7578,6337,15327111,13603258,1723853,790214,413179,520460,4191,158,4033,4236,197,4039,3346644
2037,7568,7568,7578,6324,11210694,10019503,1191191,615109,247552,328530,3391,168,3223,3432,206,3226,11915567
2038,7568,7568,7578,6309,15552478,12072362,3480116,2117511,686869,675736,855,188,667,897,228,669,21602155
2039,7568,7568,7578,6341,10297821,9237224,1060597,270275,254737,535585,4092,155,3937,4142,195,3947,8931188
2040,7568,7568,7578,7346,2033568,1621088,412480,41593,109279,261608,7200,77,7123,7204,73,7131,0
2041,7568,7568,7578,6296,26994510,23570532,3423978,1088718,817150,1518110,2683,184,2499,2732,228,2504,0
2042,7568,7568,7578,6456,9672585,8779801,892784,109312,227656,555816,5235,123,5112,5282,164,5118,3234214
2043,7568,7568,7578,6523,10981984,10028719,953265,87086,184526,681653,5332,121,5211,5362,140,5222,1377620
2044,7568,7568,7578,6270,27292914,23203559,4089355,1504680,1072809,1511866,2629,171,2458,2676,215,2461,0
2045,7568,7568,7578,6591,10554660,9956162,598498,61207,150646,386645,5658,109,5549,5681,124,5557,0
2046,7568,7568,7578,6395,13837104,12478837,1358267,300091,324931,733245,5064,128,4936,5113,176,4937,0
2047,7568,7568,7578,6308,8766933,7313957,1452976,611112,272302,569562,1925,195,1730,1966,233,1733,22488452
2048,7568,7568,7578,6331,18583938,16425863,2158075,310551,804063,1043461,4205,176,4029,4250,213,4037,0
2049,7568,7568,7578,7571,71838,38926,32912,5732,9813,17367,7555,15,7540,7567,16,7551,0
2050,7568,7568,7578,7321,2459070,2056729,402341,13703,85402,303236,7123,61,7062,7120,51,7069,0
2051,7568,7568,7578,6282,12798939,10696436,2102503,1119639,450772,532092,2860,175,2685,2909,218,2691,13261502
2052,7568,7568,7578,6303,11425864,10016453,1409411,364257,336883,708271,2175,192,1983,2221,231,1990,18437117
2053,7568,7568,7578,6642,9197681,8514683,682998,25806,142403,514789,5852,125,5727,5879,148,5731,286445
2054,7568,7568,7578,6433,15058350,13619678,1438672,270078,355852,812742,4843,131,4712,4899,181,4718,0
2055,7568,7568,7578,6616,8494654,7812138,682516,96250,150438,435828,5576,112,5464,5600,129,5471,2525198
2056,7568,7568,7578,6703,8852652,8111889,740763,159257,171256,410250,5966,103,5863,5985,112,5873,0
2057,7568,7568,7578,6373,17970552,15794930,2175622,926717,486847,762058,4316,170,4146,4357,206,4151,0
2058,7568,7568,7578,6285,8857021,7699554,1157467,397684,254757,505026,3246,156,3090,3300,203,3097,15081232
2059,7568,7568,7578,6331,132624,127102,5522,4978,480,64,4303,161,4142,4348,198,4150,17992656
2060,7568,7568,7578,6317,27508109,23906792,3601317,1515122,667924,1418271,1451,180,1271,1492,218,1274,6314048
2061,7568,7568,7578,6324,8700875,7486347,1214528,470415,413961,330152,3676,167,3509,3721,201,3520,12859698
2062,7568,7568,7578,7578,5526,2957,2569,380,499,1690,7567,14,7553,7578,9,7569,0
2063,7568,7568,7578,6349,18302112,15929786,2372326,654379,840766,877181,4256,156,4100,4302,197,4105,0
2064,7568,7568,7578,7578,0,0,0,0,0,0,7568,17,7551,7578,13,7565,0
2065,7568,7568,7578,6767,8007569,7202637,804932,122269,236780,445883,6046,109,5937,6066,123,5943,405011
2066,7568,7568,7578,6464,14931252,13088086,1843166,310961,505814,1026391,4866,149,4717,4899,177,4722,0
2067,7568,7568,7578,7564,115521,88936,26585,227,11218,15140,7547,46,7501,7556,49,7507,525
2068,7568,7568,7578,7578,0,0,0,0,0,0,7568,8,7560,7578,0,7578,0
2069,7568,7568,7578,6415,13665798,12316638,1349160,240801,376576,731783,5095,136,4959,5148,183,4965,0
2070,7568,7568,7578,7578,0,0,0,0,0,0,7568,26,7542,7578,27,7551,0
2071,7568,7568,7578,6370,7233081,6605166,627915,127128,177491,323296,5048,145,4903,5097,187,4910,6724695
2072,7568,7568,7578,7379,1488779,1175532,313247,24964,92419,195864,7246,59,7187,7249,50,7199,291497
2073,7568,7568,7578,7574,38682,25643,13039,1537,2804,8698,7561,23,7538,7571,25,7546,0
2074,7568,7568,7578,6979,5581260,5178256,403004,4464,118558,279982,6558,94,6464,6585,112,6473,0
2075,7568,7568,7578,7578,0,0,0,0,0,0,7568,20,7548,7578,23,7555,0
2076,7568,7568,7578,7578,0,0,0,0,0,0,7568,18,7550,7578,20,7558,0
2077,7568,7568,7578,7504,652068,382622,269446,26032,56909,186505,7450,52,7398,7461,61,7400,0
2078,7568,7568,7578,6340,23391558,20069537,3322021,1445006,875092,1001923,3335,180,3155,3374,213,3161,0
2079,7568,7568,7578,7372,1934100,1586307,347793,38061,105741,203991,7218,90,7128,7221,92,7129,0
2080,7568,7568,7578,7219,3332128,2877215,454913,55890,138964,260059,6965,81,6884,6980,88,6892,50
2081,7568,7568,7578,6566,6126443,5514032,612411,101288,159547,351576,5563,113,5450,5589,137,5452,4965747
2082,7568,7568,7578,6434,12645713,11560462,1085251,210915,277482,596854,5148,138,5010,5193,179,5014,730519
2083,7568,7568,7578,6431,3646097,3266563,379534,116562,95120,167852,5178,121,5057,5229,167,5062,9609271
2084,7568,7568,7578,6337,20225160,17850748,2374412,510722,589473,1274217,3908,167,3741,3957,208,3749,0
2085,7568,7568,7578,7571,50517,37446,13071,1100,3485,8486,7558,42,7516,7567,47,7520,4743
2086,7568,7568,7578,6537,9493793,8662147,831646,97145,218670,515831,5455,111,5344,5493,143,5350,2188975
2087,7568,7568,7578,7578,0,0,0,0,0,0,7568,28,7540,7578,34,7544,0
2088,7568,7568,7578,7505,408602,283887,124715,7024,34878,82813,7448,91,7357,7460,98,7362,254518
2089,7568,7568,7578,7393,1597014,1245503,351511,5951,64322,281238,7279,55,7224,7284,52,7232,0
2090,7568,7568,7578,6682,4914841,4581709,333132,51501,95660,185971,5994,111,5883,6024,129,5895,3804782
2091,7568,7568,7578,7548,224256,129388,94868,34256,27217,33395,7520,37,7483,7530,40,7490,40992
2092,7568,7568,7578,6881,5122006,4748446,373560,19616,173824,180120,6374,89,6285,6398,103,6295,1481162
2093,7568,7568,7578,7578,0,0,0,0,0,0,7568,1,7567,7578,3,7575,0
2094,7568,7568,7578,7578,10550,5926,4624,1100,482,3042,7566,53,7513,7578,56,7522,502
2095,7568,7568,7578,6296,3838988,3261745,577243,266728,148211,162304,2960,187,2773,3006,227,2779,21698996
2096,7568,7568,7578,7578,0,0,0,0,0,0,7568,30,7538,7578,35,7543,0
2097,7568,7568,7578,7578,0,0,0,0,0,0,7568,16,7552,7578,20,7558,0
2098,7568,7568,7578,7578,0,0,0,0,0,0,7568,8,7560,7578,14,7564,0
2099,7568,7556,7578,7567,0,0,0,0,0,0,7556,43,7513,7567,47,7520,2712
