"Year","AFem","AFemDeath","AMal","AMalDeath","Eggs","EggsDeath","FryGrad","FryExit","FryDeath","FryInStr","allMortAF","baseMortAF","tempMortAF","allMortAM","baseMortAM","tempMortAM","InVivo","Year","allMortEgg","baseMortEgg","tempMortEgg","denMortEgg","incMortEgg","superMortEgg","lostMortEgg","catMortEgg","allMortFry","baseMortFry","tempMortFry","denMortFry","habMortFry","freshMortFry","seasMortFry","catMortFry","allMortSF","allMortSM"
2010,7568,7568,7578,6309,13362239,12092346,1269893,715409,251025,303459,1769,193,1576,1812,232,1580,18741005,2010,12092346,2584243,1864556,0,1883881,2635419,3124247,0,251025,153292,6563,0,0,0,91170,0,5799,4497
2011,7568,7568,7578,6312,143676,136636,7040,6428,594,18,3699,167,3532,3743,205,3538,21324834,2011,136636,13709,68735,0,468,53724,0,0,594,398,1,0,0,0,195,0,3869,2569
2012,7568,7568,7578,6324,18114735,15703070,2411665,656912,563548,1191205,3503,177,3326,3548,215,3333,4366710,2012,15703070,3425110,2250818,0,226982,3936774,5863386,0,563548,257380,151245,0,0,0,154923,0,4065,2776
2013,7568,7568,7578,6325,10740509,9320482,1420027,545637,276543,597847,3458,170,3288,3503,208,3295,12018050,2013,9320482,1785369,1083927,0,548308,2398199,3504679,0,276543,171891,2232,0,0,0,102420,0,4110,2822
2014,7568,7568,7578,6275,34318990,29255300,5063690,2110564,973320,1979806,884,185,699,931,229,702,2617548,2014,29255300,8303667,6664525,0,948759,6279975,7058374,0,973320,492592,184446,0,0,0,296282,0,6684,5344
2015,7568,7568,7578,6878,4859628,4418792,440836,61663,146972,232201,6320,88,6232,6342,103,6239,2048251,2015,4418792,551899,288690,0,29478,1512686,2036039,0,146972,56285,56914,0,0,0,33773,0,1248,536
2016,7568,7568,7578,6651,6995353,6312815,682538,81688,147370,453480,5593,158,5435,5620,177,5443,3937587,2016,6312815,1023139,528495,0,154939,1539026,3067216,0,147370,79392,20707,0,0,0,47271,0,1975,1031
2017,7568,7568,7578,6338,20192004,17403272,2788732,679083,715896,1393753,3914,170,3744,3959,211,3748,0,2017,17403272,3671507,1383324,0,218396,4907563,7222482,0,715896,314779,211182,0,0,0,189935,0,3654,2379
2018,7568,7568,7578,6322,31746870,28610803,3136067,1138186,577964,1419917,1823,200,1623,1863,234,1629,0,2018,28610803,6657394,5797905,0,2219816,6481114,7454574,0,577964,322396,62227,0,0,0,193341,0,5745,4459
2019,7568,7568,7578,6335,3669329,3408302,261027,33246,61174,166607,3520,154,3366,3564,194,3370,18765304,2019,3408302,465150,336098,0,52639,980731,1573684,0,61174,26511,19272,0,0,0,15391,0,4048,2771
2020,7568,7568,7578,6336,12061013,10925335,1135678,314308,252181,569189,4213,165,4048,4259,203,4056,6504743,2020,10925335,1698896,867198,0,536978,2993827,4828436,0,252181,145434,20063,0,0,0,86684,0,3355,2077
2021,7568,7568,7578,6286,30579393,24289857,6289536,3969045,1480307,840184,818,184,634,865,230,635,6739522,2021,24289857,6468653,4556658,0,1706860,5464656,6093030,0,1480307,709171,343747,0,0,0,427389,0,6750,5421
2022,7568,7568,7578,6355,5272118,4820684,451434,129393,121654,200387,4795,145,4650,4841,187,4654,10094334,2022,4820684,605388,577677,0,86549,1210329,2340741,0,121654,61050,24560,0,0,0,36044,0,2773,1514
2023,7568,7568,7578,6650,5496672,5027608,469064,52543,124002,292519,5842,123,5719,5865,136,5729,4064814,2023,5027608,617689,489663,0,0,1236336,2683920,0,124002,56540,33803,0,0,0,33659,0,1726,785
2024,7568,7568,7578,6292,21540348,18664064,2876284,1081884,568219,1226181,3670,158,3512,3722,203,3519,0,2024,18664064,3704422,1463206,0,878149,5207921,7410366,0,568219,355491,0,0,0,0,212728,0,3898,2570
2025,7568,7568,7578,6266,16033419,13216144,2817275,1840108,647192,329975,334,183,151,377,226,151,24001403,2025,13216144,3206376,2684185,0,1602962,2734701,2987920,0,647192,312468,147109,0,0,0,187615,0,7234,5889
2026,7568,7568,7578,6344,27663156,23119561,4543595,1859429,1215307,1468859,2562,188,2374,2600,225,2375,0,2026,23119561,6111869,3620582,0,550657,5691335,7145118,0,1215307,475570,451413,0,0,0,288324,0,5006,3744
2027,7568,7568,7578,7526,453132,329037,124095,879,24586,98630,7486,36,7450,7495,36,7459,0,2027,329037,196906,130406,0,1725,0,0,0,24586,12360,4850,0,0,0,7376,0,82,31
2028,7568,7568,7578,6926,5305865,4902887,402978,41732,111413,249833,6431,110,6321,6453,122,6331,982321,2028,4902887,547895,293720,0,96721,1577159,2387392,0,111413,49691,32055,0,0,0,29667,0,1137,473
2029,7568,7568,7578,6324,15355152,13450514,1904638,800851,436293,667494,2845,165,2680,2886,201,2685,10776243,2029,13450514,2490981,1362886,0,977526,3828912,4790209,0,436293,214206,93687,0,0,0,128400,0,4723,3438
2030,7568,7568,7578,7567,93685,57628,36057,3798,8812,23447,7551,34,7517,7560,34,7526,257,2030,57628,38184,15278,0,4166,0,0,0,8812,4458,1960,0,0,0,2394,0,17,7
2031,7568,7568,7578,6323,38361492,29529219,8832273,4744945,1765841,2321487,626,196,430,662,232,430,0,2031,29529219,10392319,2916066,0,661541,7944465,7614828,0,1765841,897426,328030,0,0,0,540385,0,6942,5661
2032,7568,7568,7578,6301,21511957,19124366,2387591,1020043,501047,866501,3461,160,3301,3512,205,3307,1186116,2032,19124366,3257190,2269462,0,1697797,4823368,7076549,0,501047,293805,31322,0,0,0,175920,0,4107,2789
2033,7568,7568,7578,6309,31580475,29340353,2240122,684815,480478,1074829,968,194,774,1009,233,776,4904619,2033,29340353,7239445,5823429,0,3790890,6033935,6452654,0,480478,206753,149066,0,0,0,124659,0,6600,5300
2034,7568,7568,7578,6462,13732110,12368917,1363193,103641,354125,905427,5083,121,4962,5128,161,4967,0,2034,12368917,1958397,993553,0,10714,3195029,6211224,0,354125,149857,114035,0,0,0,90233,0,2485,1334
2035,7568,7568,7578,7165,3973194,3716988,256206,2055,58016,196135,6849,88,6761,6882,114,6768,0,2035,3716988,580892,460758,0,97823,1649147,928368,0,58016,25478,17456,0,0,0,15082,0,719,283
2036,7568,7568,7578,6337,15327111,13603258,1723853,790214,413179,520460,4191,158,4033,4236,197,4039,3346644,2036,13603258,1875302,1341153,0,871373,3571830,5943600,0,413179,238182,32543,0,0,0,142454,0,3377,2101
2037,7568,7568,7578,6324,11210694,10019503,1191191,615109,247552,328530,3391,168,3223,3432,206,3226,11915567,2037,10019503,1627828,1741571,0,801895,2250940,3597269,0,247552,154342,1512,0,0,0,91698,0,4177,2892
2038,7568,7568,7578,6309,15552478,12072362,3480116,2117511,686869,675736,855,188,667,897,228,669,21602155,2038,12072362,3669161,1462125,0,879006,2999776,3062294,0,686869,385959,69515,0,0,0,231395,0,6713,5412
2039,7568,7568,7578,6341,10297821,9237224,1060597,270275,254737,535585,4092,155,3937,4142,195,3947,8931188,2039,9237224,1402568,1800926,0,97498,2176532,3759700,0,254737,123899,56842,0,0,0,73996,0,3476,2199
2040,7568,7568,7578,7346,2033568,1621088,412480,41593,109279,261608,7200,77,7123,7204,73,7131,0,2040,1621088,475163,205568,0,989,850952,88416,0,109279,54337,22508,0,0,0,32434,0,368,142
2041,7568,7568,7578,6296,26994510,23570532,3423978,1088718,817150,1518110,2683,184,2499,2732,228,2504,0,2041,23570532,5793582,3062563,0,1295294,6058461,7360632,0,817150,354177,248953,0,0,0,214020,0,4885,3564
2042,7568,7568,7578,6456,9672585,8779801,892784,109312,227656,555816,5235,123,5112,5282,164,5118,3234214,2042,8779801,1147771,663649,0,1,2211250,4757130,0,227656,108574,54222,0,0,0,64860,0,2333,1174
2043,7568,7568,7578,6523,10981984,10028719,953265,87086,184526,681653,5332,121,5211,5362,140,5222,1377620,2043,10028719,1437643,784573,0,172434,2537629,5096440,0,184526,110537,8171,0,0,0,65818,0,2236,1161
2044,7568,7568,7578,6270,27292914,23203559,4089355,1504680,1072809,1511866,2629,171,2458,2676,215,2461,0,2044,23203559,5700147,3701626,0,627760,5736030,7437996,0,1072809,428836,384206,0,0,0,259767,0,4939,3594
2045,7568,7568,7578,6591,10554660,9956162,598498,61207,150646,386645,5658,109,5549,5681,124,5557,0,2045,9956162,1204798,607269,0,588962,2393849,5161284,0,150646,71971,35786,0,0,0,42889,0,1910,910
2046,7568,7568,7578,6395,13837104,12478837,1358267,300091,324931,733245,5064,128,4936,5113,176,4937,0,2046,12478837,1623449,930197,0,61716,3088599,6774876,0,324931,181066,35577,0,0,0,108288,0,2504,1282
2047,7568,7568,7578,6308,8766933,7313957,1452976,611112,272302,569562,1925,195,1730,1966,233,1733,22488452,2047,7313957,2054917,1099453,0,295189,1829098,2035300,0,272302,154991,25136,0,0,0,92175,0,5643,4342
2048,7568,7568,7578,6331,18583938,16425863,2158075,310551,804063,1043461,4205,176,4029,4250,213,4037,0,2048,16425863,2916904,966736,0,242102,5016853,7283268,0,804063,242578,413222,0,0,0,148263,0,3363,2081
2049,7568,7568,7578,7571,71838,38926,32912,5732,9813,17367,7555,15,7540,7567,16,7551,0,2049,38926,30053,8873,0,0,0,0,0,9813,4541,2767,0,0,0,2505,0,13,4
2050,7568,7568,7578,7321,2459070,2056729,402341,13703,85402,303236,7123,61,7062,7120,51,7069,0,2050,2056729,585476,166797,0,100573,1065733,138150,0,85402,45905,12213,0,0,0,27284,0,445,201
2051,7568,7568,7578,6282,12798939,10696436,2102503,1119639,450772,532092,2860,175,2685,2909,218,2691,13261502,2051,10696436,2233157,1342899,0,513060,2851871,3755449,0,450772,261999,32144,0,0,0,156629,0,4708,3373
2052,7568,7568,7578,6303,11425864,10016453,1409411,364257,336883,708271,2175,192,1983,2221,231,1990,18437117,2052,10016453,2577192,1894961,0,204764,2460271,2879265,0,336883,126072,134863,0,0,0,75948,0,5393,4082
2053,7568,7568,7578,6642,9197681,8514683,682998,25806,142403,514789,5852,125,5727,5879,148,5731,286445,2053,8514683,1051913,510124,0,0,2314021,4638625,0,142403,74951,22677,0,0,0,44775,0,1716,763
2054,7568,7568,7578,6433,15058350,13619678,1438672,270078,355852,812742,4843,131,4712,4899,181,4718,0,2054,13619678,1965843,1071371,0,444410,3633952,6504102,0,355852,176986,72693,0,0,0,106173,0,2725,1534
2055,7568,7568,7578,6616,8494654,7812138,682516,96250,150438,435828,5576,112,5464,5600,129,5471,2525198,2055,7812138,1015703,603875,0,358082,1911918,3922560,0,150438,85593,13865,0,0,0,50980,0,1992,1016
2056,7568,7568,7578,6703,8852652,8111889,740763,159257,171256,410250,5966,103,5863,5985,112,5873,0,2056,8111889,1013631,443851,0,182045,2267076,4205286,0,171256,99635,12195,0,0,0,59426,0,1602,718
2057,7568,7568,7578,6373,17970552,15794930,2175622,926717,486847,762058,4316,170,4146,4357,206,4151,0,2057,15794930,2373709,1484994,0,691226,4337501,6907500,0,486847,299510,8261,0,0,0,179076,0,3252,2016
2058,7568,7568,7578,6285,8857021,7699554,1157467,397684,254757,505026,3246,156,3090,3300,203,3097,15081232,2058,7699554,1570087,1251512,0,209802,1830724,2837429,0,254757,133793,41353,0,0,0,79611,0,4322,2985
2059,7568,7568,7578,6331,132624,127102,5522,4978,480,64,4303,161,4142,4348,198,4150,17992656,2059,127102,12554,61749,0,0,52799,0,0,480,339,0,0,0,0,141,0,3265,1983
2060,7568,7568,7578,6317,27508109,23906792,3601317,1515122,667924,1418271,1451,180,1271,1492,218,1274,6314048,2060,23906792,6103157,5185360,0,1618667,4994215,6005393,0,667924,373490,70472,0,0,0,223962,0,6117,4825
2061,7568,7568,7578,6324,8700875,7486347,1214528,470415,413961,330152,3676,167,3509,3721,201,3520,12859698,2061,7486347,1454323,1042124,0,116692,1951363,2921845,0,413961,147895,176769,0,0,0,89297,0,3892,2603
2062,7568,7568,7578,7578,5526,2957,2569,380,499,1690,7567,14,7553,7578,9,7569,0,2062,2957,2301,530,0,126,0,0,0,499,180,238,0,0,0,81,0,1,0
2063,7568,7568,7578,6349,18302112,15929786,2372326,654379,840766,877181,4256,156,4100,4302,197,4105,0,2063,15929786,2915451,1373207,0,354860,4179832,7106436,0,840766,275932,396906,0,0,0,167928,0,3312,2047
2064,7568,7568,7578,7578,0,0,0,0,0,0,7568,17,7551,7578,13,7565,0,2064,0,0,0,0,0,0,0,0,0,0,0,0,0,0,0,0,0,0
2065,7568,7568,7578,6767,8007569,7202637,804932,122269,236780,445883,6046,109,5937,6066,123,5943,405011,2065,7202637,990402,455179,0,71726,2129980,3555350,0,236780,102085,73426,0,0,0,61269,0,1522,701
2066,7568,7568,7578,6464,14931252,13088086,1843166,310961,505814,1026391,4866,149,4717,4899,177,4722,0,2066,13088086,2307135,1027140,0,26214,3571633,6155964,0,505814,221599,150715,0,0,0,133500,0,2702,1565
2067,7568,7568,7578,7564,115521,88936,26585,227,11218,15140,7547,46,7501,7556,49,7507,525,2067,88936,45048,35184,0,8704,0,0,0,11218,2585,7185,0,0,0,1448,0,21,8
2068,7568,7568,7578,7578,0,0,0,0,0,0,7568,8,7560,7578,0,7578,0,2068,0,0,0,0,0,0,0,0,0,0,0,0,0,0,0,0,0,0
2069,7568,7568,7578,6415,13665798,12316638,1349160,240801,376576,731783,5095,136,4959,5148,183,4965,0,2069,12316638,1630753,1039233,0,0,3020978,6625674,0,376576,173417,99060,0,0,0,104099,0,2473,1267
2070,7568,7568,7578,7578,0,0,0,0,0,0,7568,26,7542,7578,27,7551,0,2070,0,0,0,0,0,0,0,0,0,0,0,0,0,0,0,0,0,0
2071,7568,7568,7578,6370,7233081,6605166,627915,127128,177491,323296,5048,145,4903,5097,187,4910,6724695,2071,6605166,759051,777048,0,0,1498863,3570204,0,177491,80167,49432,0,0,0,47892,0,2520,1273
2072,7568,7568,7578,7379,1488779,1175532,313247,24964,92419,195864,7246,59,7187,7249,50,7199,291497,2072,1175532,379614,217458,0,28906,540310,9244,0,92419,39660,29056,0,0,0,23703,0,322,130
2073,7568,7568,7578,7574,38682,25643,13039,1537,2804,8698,7561,23,7538,7571,25,7546,0,2073,25643,16363,3537,0,5743,0,0,0,2804,1480,818,0,0,0,506,0,7,3
2074,7568,7568,7578,6979,5581260,5178256,403004,4464,118558,279982,6558,94,6464,6585,112,6473,0,2074,5178256,664969,317018,0,0,2068759,2127510,0,118558,41714,51782,0,0,0,25062,0,1010,394
2075,7568,7568,7578,7578,0,0,0,0,0,0,7568,20,7548,7578,23,7555,0,2075,0,0,0,0,0,0,0,0,0,0,0,0,0,0,0,0,0,0
2076,7568,7568,7578,7578,0,0,0,0,0,0,7568,18,7550,7578,20,7558,0,2076,0,0,0,0,0,0,0,0,0,0,0,0,0,0,0,0,0,0
2077,7568,7568,7578,7504,652068,382622,269446,26032,56909,186505,7450,52,7398,7461,61,7400,0,2077,382622,283455,92863,0,6304,0,0,0,56909,35571,235,0,0,0,21103,0,118,43
2078,7568,7568,7578,6340,23391558,20069537,3322021,1445006,875092,1001923,3335,180,3155,3374,213,3161,0,2078,20069537,3898550,2641109,0,997781,5309615,7222482,0,875092,384377,258748,0,0,0,231967,0,4233,2966
2079,7568,7568,7578,7372,1934100,1586307,347793,38061,105741,203991,7218,90,7128,7221,92,7129,0,2079,1586307,488358,271392,0,119155,679772,27630,0,105741,44666,34562,0,0,0,26513,0,350,151
2080,7568,7568,7578,7219,3332128,2877215,454913,55890,138964,260059,6965,81,6884,6980,88,6892,50,2080,2877215,548162,298589,0,0,1428130,602334,0,138964,60167,42939,0,0,0,35858,0,603,239
2081,7568,7568,7578,6566,6126443,5514032,612411,101288,159547,351576,5563,113,5450,5589,137,5452,4965747,2081,5514032,741497,426297,0,37892,1381752,2926594,0,159547,77711,35503,0,0,0,46333,0,2005,977
2082,7568,7568,7578,6434,12645713,11560462,1085251,210915,277482,596854,5148,138,5010,5193,179,5014,730519,2082,11560462,1432207,717681,0,299194,2979380,6132000,0,277482,141474,51311,0,0,0,84697,0,2420,1241
2083,7568,7568,7578,6431,3646097,3266563,379534,116562,95120,167852,5178,121,5057,5229,167,5062,9609271,2083,3266563,397001,270497,0,0,828340,1770725,0,95120,52415,11982,0,0,0,30723,0,2390,1202
2084,7568,7568,7578,6337,20225160,17850748,2374412,510722,589473,1274217,3908,167,3741,3957,208,3749,0,2084,17850748,3473703,2205544,0,176143,4767350,7228008,0,589473,257864,176179,0,0,0,155430,0,3660,2380
2085,7568,7568,7578,7571,50517,37446,13071,1100,3485,8486,7558,42,7516,7567,47,7520,4743,2085,37446,19640,8522,0,9284,0,0,0,3485,1381,1555,0,0,0,549,0,10,4
2086,7568,7568,7578,6537,9493793,8662147,831646,97145,218670,515831,5455,111,5344,5493,143,5350,2188975,2086,8662147,1208248,842450,0,888,2063554,4547007,0,218670,97558,62660,0,0,0,58452,0,2113,1044
2087,7568,7568,7578,7578,0,0,0,0,0,0,7568,28,7540,7578,34,7544,0,2087,0,0,0,0,0,0,0,0,0,0,0,0,0,0,0,0,0,0
2088,7568,7568,7578,7505,408602,283887,124715,7024,34878,82813,7448,91,7357,7460,98,7362,254518,2088,283887,157619,81066,0,45202,0,0,0,34878,14776,11281,0,0,0,8821,0,120,45
2089,7568,7568,7578,7393,1597014,1245503,351511,5951,64322,281238,7279,55,7224,7284,52,7232,0,2089,1245503,484279,157389,0,3955,599880,0,0,64322,40337,0,0,0,0,23985,0,289,109
2090,7568,7568,7578,6682,4914841,4581709,333132,51501,95660,185971,5994,111,5883,6024,129,5895,3804782,2090,4581709,452639,317020,0,57642,1302903,2451505,0,95660,42448,28038,0,0,0,25174,0,1574,658
2091,7568,7568,7578,7548,224256,129388,94868,34256,27217,33395,7520,37,7483,7530,40,7490,40992,2091,129388,75092,39830,0,14466,0,0,0,27217,14509,4140,0,0,0,8568,0,48,18
2092,7568,7568,7578,6881,5122006,4748446,373560,19616,173824,180120,6374,89,6285,6398,103,6295,1481162,2092,4748446,550058,465590,0,0,1525398,2207400,0,173824,40691,108370,0,0,0,24763,0,1194,483
2093,7568,7568,7578,7578,0,0,0,0,0,0,7568,1,7567,7578,3,7575,0,2093,0,0,0,0,0,0,0,0,0,0,0,0,0,0,0,0,0,0
2094,7568,7568,7578,7578,10550,5926,4624,1100,482,3042,7566,53,7513,7578,56,7522,502,2094,5926,4148,1778,0,0,0,0,0,482,294,44,0,0,0,144,0,2,0
2095,7568,7568,7578,6296,3838988,3261745,577243,266728,148211,162304,2960,187,2773,3006,227,2779,21698996,2095,3261745,635662,480000,0,106886,863794,1175403,0,148211,70073,36521,0,0,0,41617,0,4608,3290
2096,7568,7568,7578,7578,0,0,0,0,0,0,7568,30,7538,7578,35,7543,0,2096,0,0,0,0,0,0,0,0,0,0,0,0,0,0,0,0,0,0
2097,7568,7568,7578,7578,0,0,0,0,0,0,7568,16,7552,7578,20,7558,0,2097,0,0,0,0,0,0,0,0,0,0,0,0,0,0,0,0,0,0
2098,7568,7568,7578,7578,0,0,0,0,0,0,7568,8,7560,7578,14,7564,0,2098,0,0,0,0,0,0,0,0,0,0,0,0,0,0,0,0,0,0
2099,7568,7556,7578,7567,0,0,0,0,0,0,7556,43,7513,7567,47,7520,2712,2099,0,0,0,0,0,0,0,0,0,0,0,0,0,0,0,0,0,0
