"Year","AFem","AFemDeath","AMal","AMalDeath","Eggs","EggsDeath","FryGrad","FryExit","FryDeath","FryInStr","allMortAF","baseMortAF","tempMortAF","allMortAM","baseMortAM","tempMortAM","InVivo"
2010,7568,7568,7578,6303,40792932,33063947,7728985,4050922,1385797,2292266,186,186,0,227,227,0,0
2011,7568,7568,7578,6322,40770828,34226397,6544431,3375786,1040870,2127775,190,190,0,226,226,0,0
2012,7568,7568,7578,6294,40815036,33606099,7208937,2944366,1399837,2864734,182,182,0,228,228,0,0
2013,7568,7568,7578,6323,39521952,34191288,5330664,2418986,1028317,1883361,416,195,221,454,232,222,0
2014,7568,7568,7578,6359,21758813,17870630,3888183,1711677,857799,1318707,2851,179,2672,2892,217,2675,4309237
2015,7568,7568,7578,6531,14146718,12589176,1557542,214475,278281,1064786,4814,118,4696,4832,131,4701,1075197
2016,7568,7568,7578,6322,40676886,34355022,6321864,3058599,1283622,1979643,207,192,15,243,228,15,0
2017,7568,7568,7578,6336,16509994,14005867,2504127,1231704,519790,752633,2302,174,2128,2347,213,2134,12621200
2018,7568,7568,7578,6322,40770828,32948803,7822025,3987399,1334424,2500202,190,190,0,226,226,0,0
2019,7568,7568,7578,6313,40781880,32638981,8142899,4231189,1351418,2560292,188,188,0,226,226,0,0
2020,7568,7568,7578,6267,40815036,36058633,4756403,1583064,931812,2241527,182,182,0,226,226,0,0
2021,7568,7568,7578,6347,25314606,22092372,3222234,1398267,614806,1209161,2987,175,2812,3030,213,2817,0
2022,7568,7568,7578,6322,40577418,32479196,8098222,4673646,1403195,2021381,225,194,31,261,230,31,0
2023,7568,7568,7578,6322,35101152,29183856,5917296,3420317,1149331,1347648,1216,187,1029,1256,226,1030,0
2024,7568,7568,7578,6323,38344914,30997547,7347367,3802305,1442131,2102931,629,194,435,667,231,436,0
2025,7568,7568,7578,6322,40334274,32716756,7617518,3938680,1345396,2333442,269,193,76,304,229,75,0
2026,7568,7568,7578,6322,29444931,23684119,5760812,2754031,1073055,1933726,324,193,131,359,228,131,10606310
2027,7568,7568,7578,6322,40420549,35165941,5254608,1812247,935236,2507125,192,191,1,228,227,1,339227
2028,7568,7568,7578,7567,93942,61299,32643,1248,7231,24164,7551,46,7505,7560,52,7508,0
2029,7568,7568,7578,6336,28847181,23747502,5099679,2321003,962962,1815714,2266,180,2086,2311,220,2091,451671
2030,7568,7568,7578,6318,40196124,32209189,7986935,4019550,1274729,2692656,294,192,102,331,229,102,0
2031,7568,7568,7578,6267,40638204,33782344,6855860,3521298,1275924,2058638,214,188,26,258,232,26,0
2032,7568,7568,7578,6314,40759776,33537566,7222210,4400390,1225081,1596739,192,191,1,230,229,1,0
2033,7568,7568,7578,6320,40848192,32328602,8519590,4676799,1483980,2358811,176,176,0,213,213,0,0
2034,7568,7568,7578,6322,34885462,27142908,7742554,4323784,1532888,1885882,190,190,0,226,226,0,5898022
2035,7568,7568,7578,6562,11641427,9923209,1718218,559104,367624,791490,4874,161,4713,4902,184,4718,3256667
2036,7568,7568,7578,7504,668646,413028,255618,30818,71338,153462,7447,57,7390,7457,61,7396,0
2037,7568,7568,7578,6365,19865865,16895057,2970808,1494172,658181,818455,3596,167,3429,3643,207,3436,2087246
2038,7568,7568,7578,6322,38101923,31613636,6488287,3728146,1135897,1624244,192,192,0,227,227,0,2661298
2039,7568,7568,7578,6324,36742374,30690582,6051792,2425740,1082220,2543832,919,199,720,958,238,720,0
2040,7568,7568,7578,7574,13335,7738,5597,974,797,3826,7561,31,7530,7571,39,7532,25347
2041,7568,7568,7578,6523,13726584,12229558,1497026,257323,298006,941697,5084,112,4972,5108,128,4980,0
2042,7568,7568,7578,7033,37580232,28331787,9248445,5782282,1724193,1741970,187,187,0,213,213,0,3215108
2043,7568,7568,7578,6459,20247426,17120636,3126790,1277137,684451,1165202,3589,141,3448,3632,183,3449,1744241
2044,7568,7568,7578,6301,38792520,31991151,6801369,3522992,1416262,1862115,548,197,351,590,237,353,0
2045,7568,7568,7578,7578,0,0,0,0,0,0,7568,29,7539,7578,33,7545,0
2046,7568,7568,7578,7578,4672,3515,1157,100,150,907,7567,40,7527,7578,43,7535,854
2047,7568,7568,7578,6322,40770828,33648119,7122709,4158815,1318940,1644954,190,190,0,226,226,0,0
2048,7568,7568,7578,6320,40770828,32229232,8541596,5010307,1512113,2019176,190,190,0,226,226,0,0
2049,7568,7568,7578,7275,12626810,9684536,2942274,1465331,642007,834936,5283,99,5184,5302,109,5193,100
2050,7568,7568,7578,6322,31752711,24562027,7190684,4425658,1225389,1539637,338,192,146,376,228,148,8216370
2051,7568,7568,7578,6298,26747185,21648346,5098839,3061752,946196,1090891,1770,190,1580,1816,232,1584,5304844
2052,7568,7568,7578,6283,40814237,34197818,6616419,3224362,1169586,2222471,181,181,0,228,228,0,6325
2053,7568,7568,7578,6322,30804259,24366707,6437552,3394294,1231824,1811434,192,191,1,227,226,1,9976314
2054,7568,7568,7578,7578,0,0,0,0,0,0,7568,23,7545,7578,27,7551,0
2055,7568,7568,7578,6322,40566366,33077402,7488964,4416982,1265530,1806452,227,191,36,262,226,36,0
2056,7568,7568,7578,7006,30390589,25279939,5110650,2732071,1102210,1276369,176,176,0,216,216,0,10481163
2057,7568,7568,7578,7376,1069334,825163,244171,24960,65546,153665,7175,102,7073,7180,103,7077,1105147
2058,7568,7568,7578,7567,99468,56233,43235,8185,12534,22516,7550,16,7534,7560,21,7539,0
2059,7568,7568,7578,6326,31792908,28516655,3276253,1310125,697768,1268360,1734,198,1536,1771,235,1536,445776
2060,7568,7568,7578,7544,239736,133488,106248,22521,33334,50393,7511,54,7457,7519,58,7461,75246
2061,7568,7568,7578,7267,2907968,2584728,323240,27840,73480,221920,6998,71,6927,7006,73,6933,242983
2062,7568,7568,7578,6322,40748724,33074740,7673984,4315660,1542741,1815583,194,192,2,229,227,2,0
2063,7568,7568,7578,7578,0,0,0,0,0,0,7568,26,7542,7578,32,7546,0
2064,7568,7568,7578,6267,38974712,33345972,5628740,3214166,1077775,1336799,510,187,323,554,231,323,27796
2065,7568,7568,7578,7296,5936921,4847625,1089296,401125,260211,427960,6186,109,6077,6212,135,6077,1706041
2066,7568,7568,7578,6320,36879679,29437907,7441772,4740884,1622780,1078108,457,205,252,494,241,253,2418414
2067,7568,7568,7578,7578,0,0,0,0,0,0,7568,43,7525,7578,47,7531,0
2068,7568,7568,7578,7578,0,0,0,0,0,0,7568,36,7532,7578,42,7536,0
2069,7568,7568,7578,7578,0,0,0,0,0,0,7568,12,7556,7578,15,7563,0
2070,7568,7568,7578,7562,58882,38234,20648,4238,3874,12536,7542,46,7496,7551,49,7502,84794
2071,7568,7568,7578,6323,39160022,32222291,6937731,4334555,1300208,1302968,473,194,279,509,230,279,46948
2072,7568,7568,7578,6268,30390380,24659629,5730751,3704030,1333711,693010,755,182,573,799,226,573,7270545
2073,7568,7568,7578,6409,13055676,11086722,1968954,889984,495127,583843,3897,148,3749,3949,192,3757,7254262
2074,7568,7568,7578,6324,25858396,21039184,4819212,2421342,1150731,1247139,1248,199,1049,1284,234,1050,9088021
2075,7568,7568,7578,7578,0,0,0,0,0,0,7568,49,7519,7578,54,7524,0
2076,7568,7568,7578,7578,0,0,0,0,0,0,7568,35,7533,7578,43,7535,0
2077,7568,7568,7578,7578,0,0,0,0,0,0,7568,14,7554,7578,15,7563,0
2078,7568,7568,7578,6322,12326866,10518854,1808012,902859,428791,476362,192,192,0,227,227,0,28495082
2079,7568,7568,7578,7578,0,0,0,0,0,0,7568,17,7551,7578,24,7554,0
2080,7568,7568,7578,6356,7762878,6682579,1080299,620393,227765,232141,2466,174,2292,2514,215,2299,20482119
2081,7568,7568,7578,6314,26523537,21381322,5142215,3123542,1072496,946177,1074,196,878,1113,233,880,9384004
2082,7568,7568,7578,7033,3180351,2801884,378467,65525,105536,207406,6551,142,6409,6579,166,6413,2448256
2083,7568,7568,7578,6728,7269766,6308608,961158,330024,243365,387769,5768,97,5671,5777,98,5679,2682962
2084,7568,7568,7578,6355,2224246,2102319,121927,44765,23490,53672,2823,180,2643,2866,217,2649,24067852
2085,7568,7568,7578,6283,4218296,3574354,643942,427676,127803,88463,314,195,119,359,239,120,35949432
2086,7568,7568,7578,6267,11431455,10225775,1205680,779742,275715,150223,258,187,71,302,231,71,29032231
2087,7568,7568,7578,6594,12888025,11020707,1867318,702035,521977,643306,4719,127,4592,4744,147,4597,2864589
2088,7568,7568,7578,7578,0,0,0,0,0,0,7568,42,7526,7578,45,7533,0
2089,7568,7568,7578,6862,4106420,3677886,428534,112568,108762,207204,5990,101,5889,6013,117,5896,4633649
2090,7568,7568,7578,7288,1751011,1538050,212961,60110,63458,89393,6319,102,6217,6340,118,6222,5171433
2091,7568,7568,7578,7544,0,0,0,0,0,0,7515,50,7465,7523,57,7466,292878
2092,7568,7568,7578,7578,678,504,174,0,20,154,7567,33,7534,7578,38,7540,4848
2093,7568,7568,7578,7578,0,0,0,0,0,0,7568,32,7536,7578,37,7541,0
2094,7568,7568,7578,7578,0,0,0,0,0,0,7568,25,7543,7578,28,7550,0
2095,7568,7568,7578,7575,0,0,0,0,0,0,7563,49,7514,7574,56,7518,27630
2096,7568,7568,7578,7578,0,0,0,0,0,0,7568,42,7526,7578,46,7532,0
2097,7568,7568,7578,7578,0,0,0,0,0,0,7568,33,7535,7578,39,7539,0
2098,7568,7568,7578,7578,0,0,0,0,0,0,7568,34,7534,7578,37,7541,0
2099,7568,4909,7578,4877,185938,53427,0,0,0,0,4804,154,4650,4815,158,4657,12545938
