"Year","AFem","AFemDeath","AMal","AMalDeath","Eggs","EggsDeath","FryGrad","FryExit","FryDeath","FryInStr","allMortAF","baseMortAF","tempMortAF","allMortAM","baseMortAM","tempMortAM","InVivo","Year","allMortEgg","baseMortEgg","tempMortEgg","denMortEgg","incMortEgg","superMortEgg","lostMortEgg","catMortEgg","allMortFry","baseMortFry","tempMortFry","denMortFry","habMortFry","freshMortFry","seasMortFry","catMortFry","allMortSF","allMortSM"
2010,7568,7568,7578,6303,40792932,33063947,7728985,4050922,1385797,2292266,186,186,0,227,227,0,0,2010,33063947,10634432,6723826,0,1129390,7066465,7509834,0,1385797,754012,178749,0,0,0,453036,0,7382,6076
2011,7568,7568,7578,6322,40770828,34226397,6544431,3375786,1040870,2127775,190,190,0,226,226,0,0,2011,34226397,9645904,5263130,0,4177684,7668527,7471152,0,1040870,646075,7802,0,0,0,386993,0,7378,6096
2012,7568,7568,7578,6294,40815036,33606099,7208937,2944366,1399837,2864734,182,182,0,228,228,0,0,2012,33606099,11588191,4809691,0,1764737,7933646,7509834,0,1399837,655855,348413,0,0,0,395569,0,7386,6066
2013,7568,7568,7578,6323,39521952,34191288,5330664,2418986,1028317,1883361,416,195,221,454,232,222,0,2013,34191288,8777480,7742186,0,2712801,7565033,7393788,0,1028317,501734,224420,0,0,0,302163,0,7152,5869
2014,7568,7568,7578,6359,21758813,17870630,3888183,1711677,857799,1318707,2851,179,2672,2892,217,2675,4309237,2014,17870630,4539466,2272159,0,262194,4743555,6053256,0,857799,424711,177552,0,0,0,255536,0,4717,3467
2015,7568,7568,7578,6531,14146718,12589176,1557542,214475,278281,1064786,4814,118,4696,4832,131,4701,1075197,2015,12589176,2693997,1301159,0,116984,3173661,5303375,0,278281,151967,35257,0,0,0,91057,0,2754,1699
2016,7568,7568,7578,6322,40676886,34355022,6321864,3058599,1283622,1979643,207,192,15,243,228,15,0,2016,34355022,9725598,3129609,0,4635732,9022689,7841394,0,1283622,596751,326930,0,0,0,359941,0,7361,6079
2017,7568,7568,7578,6336,16509994,14005867,2504127,1231704,519790,752633,2302,174,2128,2347,213,2134,12621200,2017,14005867,3040866,1550949,0,1046131,3763814,4604107,0,519790,275326,79408,0,0,0,165056,0,5266,3989
2018,7568,7568,7578,6322,40770828,32948803,7822025,3987399,1334424,2500202,190,190,0,226,226,0,0,2018,32948803,11582886,4302468,0,1942261,7517412,7603776,0,1334424,778432,88879,0,0,0,467113,0,7378,6096
2019,7568,7568,7578,6313,40781880,32638981,8142899,4231189,1351418,2560292,188,188,0,226,226,0,0,2019,32638981,11006579,4037778,0,2965494,7240868,7388262,0,1351418,824771,32282,0,0,0,494365,0,7380,6087
2020,7568,7568,7578,6267,40815036,36058633,4756403,1583064,931812,2241527,182,182,0,226,226,0,0,2020,36058633,11020422,7583197,0,2634373,7343963,7476678,0,931812,397886,293492,0,0,0,240434,0,7386,6041
2021,7568,7568,7578,6347,25314606,22092372,3222234,1398267,614806,1209161,2987,175,2812,3030,213,2817,0,2021,22092372,4656206,1746314,0,2633948,5916312,7139592,0,614806,366912,28195,0,0,0,219699,0,4581,3317
2022,7568,7568,7578,6322,40577418,32479196,8098222,4673646,1403195,2021381,225,194,31,261,230,31,0,2022,32479196,10043622,4685255,0,2937463,7330652,7482204,0,1403195,863341,22409,0,0,0,517445,0,7343,6061
2023,7568,7568,7578,6322,35101152,29183856,5917296,3420317,1149331,1347648,1216,187,1029,1256,226,1030,0,2023,29183856,7268786,3039500,0,5741231,6138423,6995916,0,1149331,657508,97387,0,0,0,394436,0,6352,5066
2024,7568,7568,7578,6323,38344914,30997547,7347367,3802305,1442131,2102931,629,194,435,667,231,436,0,2024,30997547,9924856,5362276,0,1324665,6881442,7504308,0,1442131,755938,231506,0,0,0,454687,0,6939,5656
2025,7568,7568,7578,6322,40334274,32716756,7617518,3938680,1345396,2333442,269,193,76,304,229,75,0,2025,32716756,10914029,3920516,0,2658909,7580844,7642458,0,1345396,772863,108743,0,0,0,463790,0,7299,6018
2026,7568,7568,7578,6322,29444931,23684119,5760812,2754031,1073055,1933726,324,193,131,359,228,131,10606310,2026,23684119,7758607,2967791,0,762831,6094825,6100065,0,1073055,562100,173237,0,0,0,337718,0,7244,5963
2027,7568,7568,7578,6322,40420549,35165941,5254608,1812247,935236,2507125,192,191,1,228,227,1,339227,2027,35165941,10724651,8101540,0,948583,7638189,7752978,0,935236,420634,260651,0,0,0,253951,0,7376,6094
2028,7568,7568,7578,7567,93942,61299,32643,1248,7231,24164,7551,46,7505,7560,52,7508,0,2028,61299,40420,15220,0,5659,0,0,0,7231,3634,1575,0,0,0,2022,0,17,7
2029,7568,7568,7578,6336,28847181,23747502,5099679,2321003,962962,1815714,2266,180,2086,2311,220,2091,451671,2029,23747502,6348281,2507789,0,1107572,6457088,7326772,0,962962,545145,90604,0,0,0,327213,0,5302,4025
2030,7568,7568,7578,6318,40196124,32209189,7986935,4019550,1274729,2692656,294,192,102,331,229,102,0,2030,32209189,11023160,5487759,0,984422,7065864,7647984,0,1274729,778225,30137,0,0,0,466367,0,7274,5987
2031,7568,7568,7578,6267,40638204,33782344,6855860,3521298,1275924,2058638,214,188,26,258,232,26,0,2031,33782344,9409453,7795254,0,2261596,6983039,7333002,0,1275924,676568,192521,0,0,0,406835,0,7354,6009
2032,7568,7568,7578,6314,40759776,33537566,7222210,4400390,1225081,1596739,192,191,1,230,229,1,0,2032,33537566,9965076,5211452,0,4434993,6731193,7194852,0,1225081,766157,0,0,0,0,458924,0,7376,6084
2033,7568,7568,7578,6320,40848192,32328602,8519590,4676799,1483980,2358811,176,176,0,213,213,0,0,2033,32328602,10596268,4514265,0,3153601,6808830,7255638,0,1483980,863375,102539,0,0,0,518066,0,7392,6107
2034,7568,7568,7578,6322,34885462,27142908,7742554,4323784,1532888,1885882,190,190,0,226,226,0,5898022,2034,27142908,9258985,4365987,0,1306908,5867105,6343923,0,1532888,766531,304795,0,0,0,461562,0,7378,6096
2035,7568,7568,7578,6562,11641427,9923209,1718218,559104,367624,791490,4874,161,4713,4902,184,4718,3256667,2035,9923209,2048266,1172186,0,217260,2276705,4208792,0,367624,206722,37300,0,0,0,123602,0,2694,1660
2036,7568,7568,7578,7504,668646,413028,255618,30818,71338,153462,7447,57,7390,7457,61,7396,0,2036,413028,264370,146358,0,2300,0,0,0,71338,33517,17937,0,0,0,19884,0,121,47
2037,7568,7568,7578,6365,19865865,16895057,2970808,1494172,658181,818455,3596,167,3429,3643,207,3436,2087246,2037,16895057,3162828,1418905,0,696819,4585342,7031163,0,658181,368265,69167,0,0,0,220749,0,3972,2722
2038,7568,7568,7578,6322,38101923,31613636,6488287,3728146,1135897,1624244,192,192,0,227,227,0,2661298,2038,31613636,8588091,4166619,0,5409581,6471236,6978109,0,1135897,690373,32118,0,0,0,413406,0,7376,6095
2039,7568,7568,7578,6324,36742374,30690582,6051792,2425740,1082220,2543832,919,199,720,958,238,720,0,2039,30690582,9576765,5445564,0,751735,7318268,7598250,0,1082220,560431,184716,0,0,0,337073,0,6649,5366
2040,7568,7568,7578,7574,13335,7738,5597,974,797,3826,7561,31,7530,7571,39,7532,25347,2040,7738,5628,1911,0,199,0,0,0,797,318,326,0,0,0,153,0,7,3
2041,7568,7568,7578,6523,13726584,12229558,1497026,257323,298006,941697,5084,112,4972,5108,128,4980,0,2041,12229558,2083714,1145020,0,264066,2818412,5918346,0,298006,171450,24077,0,0,0,102479,0,2484,1415
2042,7568,7568,7578,7033,37580232,28331787,9248445,5782282,1724193,1741970,187,187,0,213,213,0,3215108,2042,28331787,10029854,4628754,0,214351,6671872,6786956,0,1724193,938186,222194,0,0,0,563813,0,7381,6820
2043,7568,7568,7578,6459,20247426,17120636,3126790,1277137,684451,1165202,3589,141,3448,3632,183,3449,1744241,2043,17120636,3791950,2113231,0,1305881,4109824,5799750,0,684451,364301,101672,0,0,0,218478,0,3979,2827
2044,7568,7568,7578,6301,38792520,31991151,6801369,3522992,1416262,1862115,548,197,351,590,237,353,0,2044,31991151,9502199,6511417,0,1171191,7263354,7542990,0,1416262,666437,348011,0,0,0,401814,0,7020,5711
2045,7568,7568,7578,7578,0,0,0,0,0,0,7568,29,7539,7578,33,7545,0,2045,0,0,0,0,0,0,0,0,0,0,0,0,0,0,0,0,0,0
2046,7568,7568,7578,7578,4672,3515,1157,100,150,907,7567,40,7527,7578,43,7535,854,2046,3515,1804,368,0,1343,0,0,0,150,66,50,0,0,0,34,0,1,0
2047,7568,7568,7578,6322,40770828,33648119,7122709,4158815,1318940,1644954,190,190,0,226,226,0,0,2047,33648119,9136930,6894739,0,3488335,6645911,7482204,0,1318940,770389,86509,0,0,0,462042,0,7378,6096
2048,7568,7568,7578,6320,40770828,32229232,8541596,5010307,1512113,2019176,190,190,0,226,226,0,0,2048,32229232,10090912,4764959,0,4271967,6348622,6752772,0,1512113,886576,93737,0,0,0,531800,0,7378,6094
2049,7568,7568,7578,7275,12626810,9684536,2942274,1465331,642007,834936,5283,99,5184,5302,109,5193,100,2049,9684536,3107933,973810,0,700826,2116863,2785104,0,642007,372682,46138,0,0,0,223187,0,2285,1973
2050,7568,7568,7578,6322,31752711,24562027,7190684,4425658,1225389,1539637,338,192,146,376,228,148,8216370,2050,24562027,7702967,4042784,0,1674168,5197441,5944667,0,1225389,750628,25004,0,0,0,449757,0,7230,5946
2051,7568,7568,7578,6298,26747185,21648346,5098839,3061752,946196,1090891,1770,190,1580,1816,232,1584,5304844,2051,21648346,5215870,3778002,0,2000617,4550225,6103632,0,946196,590838,1648,0,0,0,353710,0,5798,4482
2052,7568,7568,7578,6283,40814237,34197818,6616419,3224362,1169586,2222471,181,181,0,228,228,0,6325,2052,34197818,11185943,5135803,0,2667780,7626620,7581672,0,1169586,651911,126310,0,0,0,391365,0,7387,6055
2053,7568,7568,7578,6322,30804259,24366707,6437552,3394294,1231824,1811434,192,191,1,227,226,1,9976314,2053,24366707,8047578,3375085,0,1814503,5381955,5747586,0,1231824,638230,209787,0,0,0,383807,0,7376,6095
2054,7568,7568,7578,7578,0,0,0,0,0,0,7568,23,7545,7578,27,7551,0,2054,0,0,0,0,0,0,0,0,0,0,0,0,0,0,0,0,0,0
2055,7568,7568,7578,6322,40566366,33077402,7488964,4416982,1265530,1806452,227,191,36,262,226,36,0,2055,33077402,9749414,3944082,0,5598465,6734265,7051176,0,1265530,791472,0,0,0,0,474058,0,7341,6060
2056,7568,7568,7578,7006,30390589,25279939,5110650,2732071,1102210,1276369,176,176,0,216,216,0,10481163,2056,25279939,6903635,3901568,0,4561069,4734943,5178724,0,1102210,516925,273862,0,0,0,311423,0,7392,6790
2057,7568,7568,7578,7376,1069334,825163,244171,24960,65546,153665,7175,102,7073,7180,103,7077,1105147,2057,825163,299274,144221,0,34441,338938,8289,0,65546,30256,17512,0,0,0,17778,0,393,196
2058,7568,7568,7578,7567,99468,56233,43235,8185,12534,22516,7550,16,7534,7560,21,7539,0,2058,56233,39740,16097,0,396,0,0,0,12534,6083,3025,0,0,0,3426,0,18,7
2059,7568,7568,7578,6326,31792908,28516655,3276253,1310125,697768,1268360,1734,198,1536,1771,235,1536,445776,2059,28516655,6216348,4877069,0,3214019,6724811,7484408,0,697768,311081,199041,0,0,0,187646,0,5834,4555
2060,7568,7568,7578,7544,239736,133488,106248,22521,33334,50393,7511,54,7457,7519,58,7461,75246,2060,133488,95538,36724,0,1226,0,0,0,33334,14599,10103,0,0,0,8632,0,57,25
2061,7568,7568,7578,7267,2907968,2584728,323240,27840,73480,221920,6998,71,6927,7006,73,6933,242983,2061,2584728,474977,364235,0,174047,1102910,468559,0,73480,39604,10480,0,0,0,23396,0,570,261
2062,7568,7568,7578,6322,40748724,33074740,7673984,4315660,1542741,1815583,194,192,2,229,227,2,0,2062,33074740,9683508,5259517,0,2791812,7769283,7570620,0,1542741,764128,318469,0,0,0,460144,0,7374,6093
2063,7568,7568,7578,7578,0,0,0,0,0,0,7568,26,7542,7578,32,7546,0,2063,0,0,0,0,0,0,0,0,0,0,0,0,0,0,0,0,0,0
2064,7568,7568,7578,6267,38974712,33345972,5628740,3214166,1077775,1336799,510,187,323,554,231,323,27796,2064,33345972,8752747,5529629,0,4898250,6799188,7366158,0,1077775,597644,121296,0,0,0,358835,0,7058,5713
2065,7568,7568,7578,7296,5936921,4847625,1089296,401125,260211,427960,6186,109,6077,6212,135,6077,1706041,2065,4847625,1044335,458765,0,91552,1576813,1676160,0,260211,155295,12304,0,0,0,92612,0,1382,1084
2066,7568,7568,7578,6320,36879679,29437907,7441772,4740884,1622780,1078108,457,205,252,494,241,253,2418414,2066,29437907,7799687,5072082,0,3577129,6113673,6875336,0,1622780,809616,325598,0,0,0,487566,0,7111,5826
2067,7568,7568,7578,7578,0,0,0,0,0,0,7568,43,7525,7578,47,7531,0,2067,0,0,0,0,0,0,0,0,0,0,0,0,0,0,0,0,0,0
2068,7568,7568,7578,7578,0,0,0,0,0,0,7568,36,7532,7578,42,7536,0,2068,0,0,0,0,0,0,0,0,0,0,0,0,0,0,0,0,0,0
2069,7568,7568,7578,7578,0,0,0,0,0,0,7568,12,7556,7578,15,7563,0,2069,0,0,0,0,0,0,0,0,0,0,0,0,0,0,0,0,0,0
2070,7568,7568,7578,7562,58882,38234,20648,4238,3874,12536,7542,46,7496,7551,49,7502,84794,2070,38234,20388,11459,0,6387,0,0,0,3874,2597,327,0,0,0,950,0,26,11
2071,7568,7568,7578,6323,39160022,32222291,6937731,4334555,1300208,1302968,473,194,279,509,230,279,46948,2071,32222291,8523282,5813483,0,5015617,5995565,6874344,0,1300208,745298,107564,0,0,0,447346,0,7095,5814
2072,7568,7568,7578,6268,30390380,24659629,5730751,3704030,1333711,693010,755,182,573,799,226,573,7270545,2072,24659629,5761915,5476604,0,2332544,4921871,6166695,0,1333711,645770,299040,0,0,0,388901,0,6813,5469
2073,7568,7568,7578,6409,13055676,11086722,1968954,889984,495127,583843,3897,148,3749,3949,192,3757,7254262,2073,11086722,2149903,1394272,0,585643,2637264,4319640,0,495127,243432,105549,0,0,0,146146,0,3671,2460
2074,7568,7568,7578,6324,25858396,21039184,4819212,2421342,1150731,1247139,1248,199,1049,1284,234,1050,9088021,2074,21039184,5922713,3532792,0,1509388,4642419,5431872,0,1150731,489826,364931,0,0,0,295974,0,6320,5040
2075,7568,7568,7578,7578,0,0,0,0,0,0,7568,49,7519,7578,54,7524,0,2075,0,0,0,0,0,0,0,0,0,0,0,0,0,0,0,0,0,0
2076,7568,7568,7578,7578,0,0,0,0,0,0,7568,35,7533,7578,43,7535,0,2076,0,0,0,0,0,0,0,0,0,0,0,0,0,0,0,0,0,0
2077,7568,7568,7578,7578,0,0,0,0,0,0,7568,14,7554,7578,15,7563,0,2077,0,0,0,0,0,0,0,0,0,0,0,0,0,0,0,0,0,0
2078,7568,7568,7578,6322,12326866,10518854,1808012,902859,428791,476362,192,192,0,227,227,0,28495082,2078,10518854,2440826,1630051,0,798435,2662108,2987434,0,428791,186343,130553,0,0,0,111895,0,7376,6095
2079,7568,7568,7578,7578,0,0,0,0,0,0,7568,17,7551,7578,24,7554,0,2079,0,0,0,0,0,0,0,0,0,0,0,0,0,0,0,0,0,0
2080,7568,7568,7578,6356,7762878,6682579,1080299,620393,227765,232141,2466,174,2292,2514,215,2299,20482119,2080,6682579,1230609,798878,0,639135,1688459,2325498,0,227765,134142,13805,0,0,0,79818,0,5102,3842
2081,7568,7568,7578,6314,26523537,21381322,5142215,3123542,1072496,946177,1074,196,878,1113,233,880,9384004,2081,21381322,5463702,3457467,0,2133455,4679432,5647266,0,1072496,579773,144518,0,0,0,348205,0,6494,5201
2082,7568,7568,7578,7033,3180351,2801884,378467,65525,105536,207406,6551,142,6409,6579,166,6413,2448256,2082,2801884,463316,382725,0,96729,1071193,787921,0,105536,48668,28058,0,0,0,28810,0,1017,454
2083,7568,7568,7578,6728,7269766,6308608,961158,330024,243365,387769,5768,97,5671,5777,98,5679,2682962,2083,6308608,1007754,661948,0,146702,1616920,2875284,0,243365,132857,31217,0,0,0,79291,0,1800,951
2084,7568,7568,7578,6355,2224246,2102319,121927,44765,23490,53672,2823,180,2643,2866,217,2649,24067852,2084,2102319,219859,247129,0,138052,580079,917200,0,23490,15360,0,0,0,0,8130,0,4745,3489
2085,7568,7568,7578,6283,4218296,3574354,643942,427676,127803,88463,314,195,119,359,239,120,35949432,2085,3574354,655952,422585,0,344525,960819,1190473,0,127803,79497,1770,0,0,0,46536,0,7254,5924
2086,7568,7568,7578,6267,11431455,10225775,1205680,779742,275715,150223,258,187,71,302,231,71,29032231,2086,10225775,2007011,1982504,0,2390565,1744885,2100810,0,275715,134294,61428,0,0,0,79993,0,7310,5965
2087,7568,7568,7578,6594,12888025,11020707,1867318,702035,521977,643306,4719,127,4592,4744,147,4597,2864589,2087,11020707,2206934,2005518,0,601284,2195075,4011896,0,521977,219053,170981,0,0,0,131943,0,2849,1850
2088,7568,7568,7578,7578,0,0,0,0,0,0,7568,42,7526,7578,45,7533,0,2088,0,0,0,0,0,0,0,0,0,0,0,0,0,0,0,0,0,0
2089,7568,7568,7578,6862,4106420,3677886,428534,112568,108762,207204,5990,101,5889,6013,117,5896,4633649,2089,3677886,528550,779631,0,172323,977728,1219654,0,108762,55652,20261,0,0,0,32849,0,1578,849
2090,7568,7568,7578,7288,1751011,1538050,212961,60110,63458,89393,6319,102,6217,6340,118,6222,5171433,2090,1538050,244473,209089,0,102519,530889,451080,0,63458,30009,16136,0,0,0,17313,0,1249,948
2091,7568,7568,7578,7544,0,0,0,0,0,0,7515,50,7465,7523,57,7466,292878,2091,0,0,0,0,0,0,0,0,0,0,0,0,0,0,0,0,53,21
2092,7568,7568,7578,7578,678,504,174,0,20,154,7567,33,7534,7578,38,7540,4848,2092,504,280,165,0,59,0,0,0,20,5,13,0,0,0,2,0,1,0
2093,7568,7568,7578,7578,0,0,0,0,0,0,7568,32,7536,7578,37,7541,0,2093,0,0,0,0,0,0,0,0,0,0,0,0,0,0,0,0,0,0
2094,7568,7568,7578,7578,0,0,0,0,0,0,7568,25,7543,7578,28,7550,0,2094,0,0,0,0,0,0,0,0,0,0,0,0,0,0,0,0,0,0
2095,7568,7568,7578,7575,0,0,0,0,0,0,7563,49,7514,7574,56,7518,27630,2095,0,0,0,0,0,0,0,0,0,0,0,0,0,0,0,0,5,1
2096,7568,7568,7578,7578,0,0,0,0,0,0,7568,42,7526,7578,46,7532,0,2096,0,0,0,0,0,0,0,0,0,0,0,0,0,0,0,0,0,0
2097,7568,7568,7578,7578,0,0,0,0,0,0,7568,33,7535,7578,39,7539,0,2097,0,0,0,0,0,0,0,0,0,0,0,0,0,0,0,0,0,0
2098,7568,7568,7578,7578,0,0,0,0,0,0,7568,34,7534,7578,37,7541,0,2098,0,0,0,0,0,0,0,0,0,0,0,0,0,0,0,0,0,0
2099,7568,4909,7578,4877,185938,53427,0,0,0,0,4804,154,4650,4815,158,4657,12545938,2099,53427,8364,43529,0,1534,0,0,0,0,0,0,0,0,0,0,0,105,62
