"Year","AFem","AFemDeath","AMal","AMalDeath","Eggs","EggsDeath","FryGrad","FryExit","FryDeath","FryInStr","allMortAF","baseMortAF","tempMortAF","allMortAM","baseMortAM","tempMortAM","InVivo"
2010,7568,7568,7578,6324,23855742,20435616,3420126,1325107,823145,1271874,3251,161,3090,3294,197,3097,0
2011,7568,7568,7578,6325,17382124,15446892,1935232,324325,457276,1153631,3979,173,3806,4024,209,3815,2460638
2012,7568,7568,7578,6344,20042802,18022213,2020589,433833,458344,1128412,3941,164,3777,3990,204,3786,0
2013,7568,7568,7578,6749,8556672,8084604,472068,78878,97839,295351,6018,103,5915,6035,113,5922,8628
2014,7568,7568,7578,6278,35482446,31996049,3486397,2074419,653977,758001,1147,184,963,1193,228,965,0
2015,7568,7568,7578,6290,1085274,1026144,59130,20703,10892,27535,2356,190,2166,2406,235,2171,27808880
2016,7568,7568,7578,6312,29293326,25506728,3786598,1488755,661943,1635900,2267,191,2076,2308,228,2080,0
2017,7568,7568,7578,6322,34348292,27172482,7175810,4239698,1335632,1600480,1210,193,1017,1251,229,1022,786368
2018,7568,7568,7578,6316,34990632,30004617,4986015,2858346,961465,1166204,1236,192,1044,1276,229,1047,0
2019,7568,7568,7578,6309,10125209,8786884,1338325,503163,298794,536368,1264,192,1072,1308,233,1075,24773944
2020,7568,7568,7578,6514,12555072,11375561,1179511,120433,219006,840072,5296,119,5177,5318,139,5179,0
2021,7568,7568,7578,6480,14555484,12682812,1872672,586114,514984,771574,4934,131,4803,4966,157,4809,0
2022,7568,7568,7578,6354,25789842,21945269,3844573,1523832,844338,1476403,2901,185,2716,2939,222,2717,0
2023,7568,7568,7578,6323,27116082,23608104,3507978,835500,948139,1724339,2661,178,2483,2703,212,2491,0
2024,7568,7568,7578,6351,17467686,16583067,884619,56068,184782,643769,4407,150,4257,4456,190,4266,0
2025,7568,7568,7578,6324,24706746,21909011,2797735,701646,590593,1505496,3097,174,2923,3141,213,2928,0
2026,7568,7568,7578,6322,39599316,33490475,6108841,2395544,2027748,1685549,402,197,205,438,232,206,0
2027,7568,7568,7578,6528,12411396,11166187,1245209,180741,358166,706302,5322,132,5190,5345,149,5196,0
2028,7568,7568,7578,6455,14881518,13697204,1184314,97252,330527,756535,4875,141,4734,4922,182,4740,0
2029,7568,7568,7578,6597,7907515,7315488,592027,119456,170642,301929,5593,113,5480,5615,131,5484,3020905
2030,7568,7568,7578,6322,27701838,25284409,2417429,1035572,555716,826141,2555,184,2371,2597,220,2377,0
2031,7568,7568,7578,6322,32083956,25471976,6611980,3493942,1467709,1650329,1762,194,1568,1801,229,1572,0
2032,7568,7568,7578,6322,29481210,24825305,4655905,1702383,983168,1970354,2233,195,2038,2274,231,2043,0
2033,7568,7568,7578,6334,18136332,15993133,2143199,419890,670674,1052635,4286,176,4110,4332,216,4116,0
2034,7568,7568,7578,7526,480762,298502,182260,17220,51315,113725,7481,48,7433,7490,53,7437,0
2035,7568,7568,7578,6326,25082514,22203039,2879475,1032895,531173,1315407,3029,163,2866,3071,200,2871,0
2036,7568,7568,7578,6321,21533905,21005604,528301,308280,125135,94886,3490,165,3325,3535,203,3332,1002526
2037,7568,7568,7578,6340,16279296,14916972,1362324,78601,298695,985028,4622,152,4470,4669,189,4480,300
2038,7568,7568,7578,6933,3321312,3046609,274703,15850,64096,194757,6352,107,6245,6377,125,6252,3414882
2039,7568,7568,7578,7539,342612,234255,108357,10002,28265,70090,7506,42,7464,7516,45,7471,0
2040,7568,7568,7578,6667,8930016,8328963,601053,104266,126929,369858,5952,93,5859,5971,104,5867,0
2041,7568,7568,7578,6269,29066760,25269297,3797463,1143473,746718,1907272,2308,180,2128,2355,223,2132,0
2042,7568,7568,7578,7578,0,0,0,0,0,0,7568,45,7523,7578,49,7529,0
2043,7568,7568,7578,6322,25189694,20842992,4346702,2295760,991809,1059133,1441,196,1245,1481,232,1249,8675842
2044,7568,7568,7578,6286,28414692,23553411,4861281,2883157,1084603,893521,2426,197,2229,2475,241,2234,0
2045,7568,7568,7578,6326,17462160,15861363,1600797,107669,325751,1167377,4408,160,4248,4451,194,4257,0
2046,7568,7568,7578,6322,35134308,30712692,4421616,2733525,950191,737900,1210,191,1019,1250,227,1023,0
2047,7568,7568,7578,6322,29928816,28070931,1857885,952015,366795,539075,2152,197,1955,2193,232,1961,0
2048,7568,7568,7578,6318,30481416,24372676,6108740,3163501,1428592,1516647,2052,199,1853,2093,235,1858,0
2049,7568,7568,7578,6340,20396466,17755666,2640800,541290,637802,1461708,3877,166,3711,3925,205,3720,0
2050,7568,7568,7578,6325,23269986,20576719,2693267,676628,563930,1452709,3357,165,3192,3400,201,3199,0
2051,7568,7568,7578,6322,27379331,22572997,4806334,2247600,1177203,1381531,2611,184,2427,2652,220,2432,13051
2052,7568,7568,7578,6322,23783904,20607618,3176286,1064054,789108,1323124,3264,173,3091,3306,208,3098,0
2053,7568,7568,7578,6340,8442125,7956164,485961,47173,67101,371687,3833,165,3668,3879,206,3673,12234152
2054,7568,7568,7578,6349,17616888,16165613,1451275,220648,414525,816102,4380,151,4229,4429,191,4238,0
2055,7568,7568,7578,7003,2145611,1998886,146725,3101,51720,91904,6545,95,6450,6571,115,6456,3524567
2056,7568,7568,7578,7578,0,0,0,0,0,0,7568,31,7537,7578,35,7543,0
2057,7568,7568,7578,6425,15235182,13779638,1455544,105313,341981,1008250,4811,144,4667,4864,191,4673,0
2058,7568,7568,7578,6579,11006488,10040734,965754,107208,188228,670318,5576,118,5458,5602,134,5468,1304
2059,7568,7568,7578,6281,30309006,24580666,5728340,2499171,1335129,1894040,2083,176,1907,2134,221,1913,1104
2060,7568,7568,7578,6322,35454816,29360515,6094301,2324261,1995092,1774948,1152,199,953,1192,235,957,0
2061,7568,7568,7578,7247,2328668,2046702,281966,7578,63705,210683,6994,79,6915,7007,88,6919,847627
2062,7568,7568,7578,6340,16296071,14705811,1590260,442583,442193,705484,4225,156,4069,4272,194,4078,2184399
2063,7568,7568,7578,6890,6879870,6425715,454155,21708,122255,310192,6323,101,6222,6347,117,6230,0
2064,7568,7568,7578,6568,11781432,10520415,1261017,410079,312549,538389,5436,120,5316,5461,137,5324,0
2065,7568,7568,7578,6332,10575834,9360748,1215086,386454,447976,380656,4218,168,4050,4262,205,4057,7968072
2066,7568,7568,7578,7479,889686,680076,209610,5970,52705,150935,7407,49,7358,7420,56,7364,0
2067,7568,7568,7578,6520,10853064,10074201,778863,165195,168234,445434,5604,117,5487,5630,134,5496,0
2068,7568,7568,7578,6310,34018286,29070832,4947454,2112794,1152044,1682616,1280,190,1090,1325,231,1094,729604
2069,7568,7568,7578,6333,18467892,15973522,2494370,729357,782883,982130,4226,162,4064,4271,199,4072,0
2070,7568,7568,7578,7347,1521242,1261681,259561,6589,69663,183309,7184,69,7115,7186,63,7123,602299
2071,7568,7568,7578,7571,43104,30229,12875,209,2551,10115,7556,38,7518,7567,43,7524,23208
2072,7568,7568,7578,7375,1795950,1484798,311152,53968,72363,184821,7243,58,7185,7241,51,7190,0
2073,7568,7568,7578,6324,24337726,20204652,4133074,1454343,1024972,1653759,2902,180,2722,2944,217,2727,1448318
2074,7568,7568,7578,7571,52551,35672,16879,206,3957,12716,7558,47,7511,7567,51,7516,2709
2075,7568,7568,7578,7496,326036,251715,74321,787,15929,57605,7430,44,7386,7440,50,7390,436552
2076,7568,7568,7578,6448,15251760,14005323,1246437,266862,305794,673781,4808,133,4675,4858,178,4680,0
2077,7568,7568,7578,6416,13450284,12078479,1371805,195531,345392,830882,5134,113,5021,5192,163,5029,0
2078,7568,7568,7578,6377,15207552,13950046,1257506,305500,299738,652268,4816,139,4677,4868,182,4686,0
2079,7568,7568,7578,6550,6382240,6009233,373007,7180,81276,284551,5720,97,5623,5758,129,5629,3852468
2080,7568,7568,7578,7578,0,0,0,0,0,0,7568,32,7536,7578,35,7543,0
2081,7568,7568,7578,7578,2286,1478,808,81,59,668,7567,33,7534,7578,37,7541,3240
2082,7568,7568,7578,6319,16741169,14618311,2122858,471234,548333,1103291,3755,170,3585,3798,207,3591,4346077
2083,7568,7568,7578,7576,16578,8900,7678,1045,1975,4658,7565,37,7528,7575,42,7533,0
2084,7568,7568,7578,7137,4238442,3888503,349939,3546,139775,206618,6801,58,6743,6836,86,6750,0
2085,7568,7568,7578,7578,0,0,0,0,0,0,7568,6,7562,7578,6,7572,0
2086,7568,7568,7578,7578,0,0,0,0,0,0,7568,28,7540,7578,33,7545,0
2087,7568,7568,7578,7573,49734,29418,20316,2459,4554,13303,7559,39,7520,7570,44,7526,0
2088,7568,7568,7578,6403,12499812,11473292,1026520,172521,300895,553104,5306,121,5185,5358,168,5190,0
2089,7568,7568,7578,7541,326034,184101,141933,13678,34332,93923,7509,35,7474,7519,40,7479,0
2090,7568,7568,7578,6546,10473392,9672696,800696,65049,243507,492140,5561,116,5445,5581,129,5452,620326
2091,7568,7568,7578,7505,668646,434783,233863,30988,96573,106302,7447,56,7391,7458,62,7396,0
2092,7568,7568,7578,7114,4702626,4135843,566783,195814,139964,231005,6717,84,6633,6751,111,6640,0
2093,7568,7568,7578,6338,9348234,8473272,874962,213400,240686,420876,4438,157,4281,4486,196,4290,7979791
2094,7568,7568,7578,7576,16578,10598,5980,215,682,5083,7565,31,7534,7575,36,7539,0
2095,7568,7568,7578,6322,29166228,23676085,5490143,2469019,1225072,1796052,2290,191,2099,2333,227,2106,0
2096,7568,7568,7578,7578,0,0,0,0,0,0,7568,23,7545,7578,29,7549,0
2097,7568,7568,7578,7548,269549,148131,121418,34898,34953,51567,7519,28,7491,7530,34,7496,1225
2098,7568,7568,7578,7487,795744,516534,279210,16502,91362,171346,7424,29,7395,7434,33,7401,0
2099,7568,7410,7578,7415,33156,3415,0,0,0,0,7404,49,7355,7414,52,7362,0
