"Year","AFem","AFemDeath","AMal","AMalDeath","Eggs","EggsDeath","FryGrad","FryExit","FryDeath","FryInStr","allMortAF","baseMortAF","tempMortAF","allMortAM","baseMortAM","tempMortAM","InVivo","Year","allMortEgg","baseMortEgg","tempMortEgg","denMortEgg","incMortEgg","superMortEgg","lostMortEgg","catMortEgg","allMortFry","baseMortFry","tempMortFry","denMortFry","habMortFry","freshMortFry","seasMortFry","catMortFry","allMortSF","allMortSM"
2010,7568,7568,7578,6324,23855742,20435616,3420126,1325107,823145,1271874,3251,161,3090,3294,197,3097,0,2010,20435616,4600381,2117211,0,818236,5483896,7415892,0,823145,396562,187701,0,0,0,238882,0,4317,3030
2011,7568,7568,7578,6325,17382124,15446892,1935232,324325,457276,1153631,3979,173,3806,4024,209,3815,2460638,2011,15446892,2941796,1423967,0,41482,4474165,6565482,0,457276,204358,129828,0,0,0,123090,0,3589,2301
2012,7568,7568,7578,6344,20042802,18022213,2020589,433833,458344,1128412,3941,164,3777,3990,204,3786,0,2012,18022213,3305945,1701118,0,956068,4853178,7205904,0,458344,203483,132232,0,0,0,122629,0,3627,2354
2013,7568,7568,7578,6749,8556672,8084604,472068,78878,97839,295351,6018,103,5915,6035,113,5922,8628,2013,8084604,860783,308692,0,721479,2126514,4067136,0,97839,61531,0,0,0,0,36308,0,1550,714
2014,7568,7568,7578,6278,35482446,31996049,3486397,2074419,653977,758001,1147,184,963,1193,228,965,0,2014,31996049,6701382,4291695,0,6925282,6589960,7487730,0,653977,409240,0,0,0,0,244737,0,6421,5085
2015,7568,7568,7578,6290,1085274,1026144,59130,20703,10892,27535,2356,190,2166,2406,235,2171,27808880,2015,1026144,85106,126774,0,8266,305520,500478,0,10892,6959,388,0,0,0,3545,0,5212,3884
2016,7568,7568,7578,6312,29293326,25506728,3786598,1488755,661943,1635900,2267,191,2076,2308,228,2080,0,2016,25506728,6087972,4065940,0,1423088,6464102,7465626,0,661943,410018,6575,0,0,0,245350,0,5301,4004
2017,7568,7568,7578,6322,34348292,27172482,7175810,4239698,1335632,1600480,1210,193,1017,1251,229,1022,786368,2017,27172482,7803868,2859323,0,1764228,7252335,7492728,0,1335632,812756,35533,0,0,0,487343,0,6358,5071
2018,7568,7568,7578,6316,34990632,30004617,4986015,2858346,961465,1166204,1236,192,1044,1276,229,1047,0,2018,30004617,7379261,3222183,0,4988532,6937963,7476678,0,961465,567171,54304,0,0,0,339990,0,6332,5040
2019,7568,7568,7578,6309,10125209,8786884,1338325,503163,298794,536368,1264,192,1072,1308,233,1075,24773944,2019,8786884,2033891,1354688,0,188500,2299669,2910136,0,298794,135388,82441,0,0,0,80965,0,6304,5001
2020,7568,7568,7578,6514,12555072,11375561,1179511,120433,219006,840072,5296,119,5177,5318,139,5179,0,2020,11375561,1700250,749936,0,245198,2933137,5747040,0,219006,136932,416,0,0,0,81658,0,2272,1196
2021,7568,7568,7578,6480,14555484,12682812,1872672,586114,514984,771574,4934,131,4803,4966,157,4809,0,2021,12682812,2133901,795084,0,424911,3277946,6050970,0,514984,241006,129011,0,0,0,144967,0,2634,1514
2022,7568,7568,7578,6354,25789842,21945269,3844573,1523832,844338,1476403,2901,185,2716,2939,222,2717,0,2022,21945269,5596519,1849030,0,1494050,5926864,7078806,0,844338,428785,157627,0,0,0,257926,0,4667,3415
2023,7568,7568,7578,6323,27116082,23608104,3507978,835500,948139,1724339,2661,178,2483,2703,212,2491,0,2023,23608104,6180304,3441521,0,240914,6329473,7415892,0,948139,301821,462068,0,0,0,184250,0,4907,3620
2024,7568,7568,7578,6351,17467686,16583067,884619,56068,184782,643769,4407,150,4257,4456,190,4266,0,2024,16583067,2236062,1596446,0,1092028,4474731,7183800,0,184782,75991,63090,0,0,0,45701,0,3161,1895
2025,7568,7568,7578,6324,24706746,21909011,2797735,701646,590593,1505496,3097,174,2923,3141,213,2928,0,2025,21909011,4728250,1833671,0,1425072,6472970,7449048,0,590593,269508,158717,0,0,0,162368,0,4471,3183
2026,7568,7568,7578,6322,39599316,33490475,6108841,2395544,2027748,1685549,402,197,205,438,232,206,0,2026,33490475,10349653,7567668,0,578427,7396477,7598250,0,2027748,511179,1200552,0,0,0,316017,0,7166,5884
2027,7568,7568,7578,6528,12411396,11166187,1245209,180741,358166,706302,5322,132,5190,5345,149,5196,0,2027,11166187,1564898,862396,0,239891,2707754,5791248,0,358166,153322,112562,0,0,0,92282,0,2246,1183
2028,7568,7568,7578,6455,14881518,13697204,1184314,97252,330527,756535,4875,141,4734,4922,182,4740,0,2028,13697204,2104344,1075480,0,605841,3628477,6283062,0,330527,115892,144465,0,0,0,70170,0,2693,1533
2029,7568,7568,7578,6597,7907515,7315488,592027,119456,170642,301929,5593,113,5480,5615,131,5484,3020905,2029,7315488,864909,352822,0,351155,1742706,4003896,0,170642,77277,47270,0,0,0,46095,0,1975,982
2030,7568,7568,7578,6322,27701838,25284409,2417429,1035572,555716,826141,2555,184,2371,2597,220,2377,0,2030,25284409,4139060,2049286,0,5052492,6577945,7465626,0,555716,278543,109829,0,0,0,167344,0,5013,3725
2031,7568,7568,7578,6322,32083956,25471976,6611980,3493942,1467709,1650329,1762,194,1568,1801,229,1572,0,2031,25471976,7290291,2699995,0,917351,7087661,7476678,0,1467709,733914,291725,0,0,0,442070,0,5806,4521
2032,7568,7568,7578,6322,29481210,24825305,4655905,1702383,983168,1970354,2233,195,2038,2274,231,2043,0,2032,24825305,6576252,3046792,0,856868,6879767,7465626,0,983168,479948,214156,0,0,0,289064,0,5335,4048
2033,7568,7568,7578,6334,18136332,15993133,2143199,419890,670674,1052635,4286,176,4110,4332,216,4116,0,2033,15993133,2705512,1358983,0,43222,4662934,7222482,0,670674,252865,264776,0,0,0,153033,0,3282,2002
2034,7568,7568,7578,7526,480762,298502,182260,17220,51315,113725,7481,48,7433,7490,53,7437,0,2034,298502,196544,53785,0,48173,0,0,0,51315,23652,13714,0,0,0,13949,0,87,36
2035,7568,7568,7578,6326,25082514,22203039,2879475,1032895,531173,1315407,3029,163,2866,3071,200,2871,0,2035,22203039,4337591,2708855,0,1737501,5909258,7509834,0,531173,310254,35114,0,0,0,185805,0,4539,3255
2036,7568,7568,7578,6321,21533905,21005604,528301,308280,125135,94886,3490,165,3325,3535,203,3332,1002526,2036,21005604,2426063,1728972,0,4372105,5140350,7338114,0,125135,70783,12580,0,0,0,41772,0,4078,2786
2037,7568,7568,7578,6340,16279296,14916972,1362324,78601,298695,985028,4622,152,4470,4669,189,4480,300,2037,14916972,2200762,1665794,0,7501,3875693,7167222,0,298695,149580,59587,0,0,0,89528,0,2946,1671
2038,7568,7568,7578,6933,3321312,3046609,274703,15850,64096,194757,6352,107,6245,6377,125,6252,3414882,2038,3046609,425777,203032,0,78395,1101581,1237824,0,64096,31625,13830,0,0,0,18641,0,1216,556
2039,7568,7568,7578,7539,342612,234255,108357,10002,28265,70090,7506,42,7464,7516,45,7471,0,2039,234255,122515,83842,0,27898,0,0,0,28265,13961,6014,0,0,0,8290,0,62,23
2040,7568,7568,7578,6667,8930016,8328963,601053,104266,126929,369858,5952,93,5859,5971,104,5867,0,2040,8328963,804681,490628,0,204197,2259455,4570002,0,126929,79651,0,0,0,0,47278,0,1616,696
2041,7568,7568,7578,6269,29066760,25269297,3797463,1143473,746718,1907272,2308,180,2128,2355,223,2132,0,2041,25269297,6363277,4217650,0,680150,6553646,7454574,0,746718,367434,158060,0,0,0,221224,0,5260,3914
2042,7568,7568,7578,7578,0,0,0,0,0,0,7568,45,7523,7578,49,7529,0,2042,0,0,0,0,0,0,0,0,0,0,0,0,0,0,0,0,0,0
2043,7568,7568,7578,6322,25189694,20842992,4346702,2295760,991809,1059133,1441,196,1245,1481,232,1249,8675842,2043,20842992,5264713,2511177,0,1157677,5622725,6286700,0,991809,490185,206594,0,0,0,295030,0,6127,4841
2044,7568,7568,7578,6286,28414692,23553411,4861281,2883157,1084603,893521,2426,197,2229,2475,241,2234,0,2044,23553411,4911104,3425285,0,1577358,6185090,7454574,0,1084603,592851,135698,0,0,0,356054,0,5142,3811
2045,7568,7568,7578,6326,17462160,15861363,1600797,107669,325751,1167377,4408,160,4248,4451,194,4257,0,2045,15861363,2513845,1336113,0,5683,4667194,7338528,0,325751,176167,43919,0,0,0,105665,0,3160,1875
2046,7568,7568,7578,6322,35134308,30712692,4421616,2733525,950191,737900,1210,191,1019,1250,227,1023,0,2046,30712692,6578126,3628621,0,5946691,7005212,7554042,0,950191,514847,126252,0,0,0,309092,0,6358,5072
2047,7568,7568,7578,6322,29928816,28070931,1857885,952015,366795,539075,2152,197,1955,2193,232,1961,0,2047,28070931,5741121,2004142,0,5970458,6911688,7443522,0,366795,225720,6239,0,0,0,134836,0,5416,4129
2048,7568,7568,7578,6318,30481416,24372676,6108740,3163501,1428592,1516647,2052,199,1853,2093,235,1858,0,2048,24372676,6695698,2799115,0,545526,6866711,7465626,0,1428592,678367,341133,0,0,0,409092,0,5516,4225
2049,7568,7568,7578,6340,20396466,17755666,2640800,541290,637802,1461708,3877,166,3711,3925,205,3720,0,2049,17755666,3847811,1571751,0,158313,4955309,7222482,0,637802,278525,191317,0,0,0,167960,0,3691,2415
2050,7568,7568,7578,6325,23269986,20576719,2693267,676628,563930,1452709,3357,165,3192,3400,201,3199,0,2050,20576719,4369245,2566038,0,484058,5752538,7404840,0,563930,281467,113374,0,0,0,169089,0,4211,2925
2051,7568,7568,7578,6322,27379331,22572997,4806334,2247600,1177203,1381531,2611,184,2427,2652,220,2432,13051,2051,22572997,5580839,2383881,0,808549,6334102,7465626,0,1177203,553989,289190,0,0,0,334024,0,4957,3670
2052,7568,7568,7578,6322,23783904,20607618,3176286,1064054,789108,1323124,3264,173,3091,3306,208,3098,0,2052,20607618,4474846,2601632,0,561119,5526499,7443522,0,789108,352657,223712,0,0,0,212739,0,4304,3016
2053,7568,7568,7578,6340,8442125,7956164,485961,47173,67101,371687,3833,165,3668,3879,206,3673,12234152,2053,7956164,1266809,936915,0,326228,2111567,3314645,0,67101,38460,5945,0,0,0,22696,0,3735,2461
2054,7568,7568,7578,6349,17616888,16165613,1451275,220648,414525,816102,4380,151,4229,4429,191,4238,0,2054,16165613,2259052,1182760,0,965217,4486368,7272216,0,414525,160415,157135,0,0,0,96975,0,3188,1920
2055,7568,7568,7578,7003,2145611,1998886,146725,3101,51720,91904,6545,95,6450,6571,115,6456,3524567,2055,1998886,257621,155356,0,58387,776362,751160,0,51720,14741,28334,0,0,0,8645,0,1023,432
2056,7568,7568,7578,7578,0,0,0,0,0,0,7568,31,7537,7578,35,7543,0,2056,0,0,0,0,0,0,0,0,0,0,0,0,0,0,0,0,0,0
2057,7568,7568,7578,6425,15235182,13779638,1455544,105313,341981,1008250,4811,144,4667,4864,191,4673,0,2057,13779638,2304234,1112507,0,14778,3794283,6553836,0,341981,153067,96744,0,0,0,92170,0,2757,1561
2058,7568,7568,7578,6579,11006488,10040734,965754,107208,188228,670318,5576,118,5458,5602,134,5468,1304,2058,10040734,1372784,507647,0,373035,2443626,5343642,0,188228,117946,0,0,0,0,70282,0,1992,977
2059,7568,7568,7578,6281,30309006,24580666,5728340,2499171,1335129,1894040,2083,176,1907,2134,221,1913,1104,2059,24580666,7026792,2245121,0,746404,7080145,7482204,0,1335129,611115,355152,0,0,0,368862,0,5485,4147
2060,7568,7568,7578,6322,35454816,29360515,6094301,2324261,1995092,1774948,1152,199,953,1192,235,957,0,2060,29360515,9077764,4637475,0,697663,7321733,7625880,0,1995092,554927,1099053,0,0,0,341112,0,6416,5130
2061,7568,7568,7578,7247,2328668,2046702,281966,7578,63705,210683,6994,79,6915,7007,88,6919,847627,2061,2046702,406977,171642,0,18574,981574,467935,0,63705,32708,11753,0,0,0,19244,0,574,240
2062,7568,7568,7578,6340,16296071,14705811,1590260,442583,442193,705484,4225,156,4069,4272,194,4078,2184399,2062,14705811,2050029,1293061,0,817483,4016544,6528694,0,442193,196251,127835,0,0,0,118107,0,3343,2068
2063,7568,7568,7578,6890,6879870,6425715,454155,21708,122255,310192,6323,101,6222,6347,117,6230,0,2063,6425715,741894,428652,0,251260,2080655,2923254,0,122255,51550,39880,0,0,0,30825,0,1245,543
2064,7568,7568,7578,6568,11781432,10520415,1261017,410079,312549,538389,5436,120,5316,5461,137,5324,0,2064,10520415,1341423,618575,0,273252,2518021,5769144,0,312549,173568,35284,0,0,0,103697,0,2132,1107
2065,7568,7568,7578,6332,10575834,9360748,1215086,386454,447976,380656,4218,168,4050,4262,205,4057,7968072,2065,9360748,1342094,1225191,0,20161,2467445,4305857,0,447976,153429,201633,0,0,0,92914,0,3350,2070
2066,7568,7568,7578,7479,889686,680076,209610,5970,52705,150935,7407,49,7358,7420,56,7364,0,2066,680076,309467,222492,0,67603,80514,0,0,52705,23814,14658,0,0,0,14233,0,161,59
2067,7568,7568,7578,6520,10853064,10074201,778863,165195,168234,445434,5604,117,5487,5630,134,5496,0,2067,10074201,1025122,671494,0,271319,2392382,5713884,0,168234,104945,890,0,0,0,62399,0,1964,890
2068,7568,7568,7578,6310,34018286,29070832,4947454,2112794,1152044,1682616,1280,190,1090,1325,231,1094,729604,2068,29070832,7566579,5975874,0,1293921,6741652,7492806,0,1152044,502759,345533,0,0,0,303752,0,6288,4985
2069,7568,7568,7578,6333,18467892,15973522,2494370,729357,782883,982130,4226,162,4064,4271,199,4072,0,2069,15973522,2785079,1286649,0,71017,4597243,7233534,0,782883,313825,279286,0,0,0,189772,0,3342,2062
2070,7568,7568,7578,7347,1521242,1261681,259561,6589,69663,183309,7184,69,7115,7186,63,7123,602299,2070,1261681,391378,188570,0,0,618229,63504,0,69663,28087,24971,0,0,0,16605,0,384,161
2071,7568,7568,7578,7571,43104,30229,12875,209,2551,10115,7556,38,7518,7567,43,7524,23208,2071,30229,17821,9018,0,3390,0,0,0,2551,1201,850,0,0,0,500,0,12,4
2072,7568,7568,7578,7375,1795950,1484798,311152,53968,72363,184821,7243,58,7185,7241,51,7190,0,2072,1484798,375566,232946,0,134063,714593,27630,0,72363,42842,4340,0,0,0,25181,0,325,134
2073,7568,7568,7578,6324,24337726,20204652,4133074,1454343,1024972,1653759,2902,180,2722,2944,217,2727,1448318,2073,20204652,5237317,1364094,0,47397,6224658,7331186,0,1024972,441312,316971,0,0,0,266689,0,4666,3380
2074,7568,7568,7578,7571,52551,35672,16879,206,3957,12716,7558,47,7511,7567,51,7516,2709,2074,35672,22431,9528,0,3713,0,0,0,3957,1697,1379,0,0,0,881,0,10,4
2075,7568,7568,7578,7496,326036,251715,74321,787,15929,57605,7430,44,7386,7440,50,7390,436552,2075,251715,125415,67785,0,34970,23545,0,0,15929,7300,4309,0,0,0,4320,0,138,56
2076,7568,7568,7578,6448,15251760,14005323,1246437,266862,305794,673781,4808,133,4675,4858,178,4680,0,2076,14005323,1874930,793386,0,1019986,3718977,6598044,0,305794,149400,66755,0,0,0,89639,0,2760,1590
2077,7568,7568,7578,6416,13450284,12078479,1371805,195531,345392,830882,5134,113,5021,5192,163,5029,0,2077,12078479,1676315,613916,0,850,3156198,6631200,0,345392,172993,68622,0,0,0,103777,0,2434,1224
2078,7568,7568,7578,6377,15207552,13950046,1257506,305500,299738,652268,4816,139,4677,4868,182,4686,0,2078,13950046,1770581,1067425,0,690928,3513612,6907500,0,299738,166330,33850,0,0,0,99558,0,2752,1509
2079,7568,7568,7578,6550,6382240,6009233,373007,7180,81276,284551,5720,97,5623,5758,129,5629,3852468,2079,6009233,640249,419762,0,0,1490154,3459068,0,81276,37216,21829,0,0,0,22231,0,1848,792
2080,7568,7568,7578,7578,0,0,0,0,0,0,7568,32,7536,7578,35,7543,0,2080,0,0,0,0,0,0,0,0,0,0,0,0,0,0,0,0,0,0
2081,7568,7568,7578,7578,2286,1478,808,81,59,668,7567,33,7534,7578,37,7541,3240,2081,1478,916,214,0,348,0,0,0,59,38,1,0,0,0,20,0,1,0
2082,7568,7568,7578,6319,16741169,14618311,2122858,471234,548333,1103291,3755,170,3585,3798,207,3591,4346077,2082,14618311,2935821,1399099,0,83855,4159157,6040379,0,548333,230200,179299,0,0,0,138834,0,3813,2521
2083,7568,7568,7578,7576,16578,8900,7678,1045,1975,4658,7565,37,7528,7575,42,7533,0,2083,8900,6563,1407,0,930,0,0,0,1975,729,978,0,0,0,268,0,3,1
2084,7568,7568,7578,7137,4238442,3888503,349939,3546,139775,206618,6801,58,6743,6836,86,6750,0,2084,3888503,603285,425381,0,46816,1702295,1110726,0,139775,34536,84196,0,0,0,21043,0,767,301
2085,7568,7568,7578,7578,0,0,0,0,0,0,7568,6,7562,7578,6,7572,0,2085,0,0,0,0,0,0,0,0,0,0,0,0,0,0,0,0,0,0
2086,7568,7568,7578,7578,0,0,0,0,0,0,7568,28,7540,7578,33,7545,0,2086,0,0,0,0,0,0,0,0,0,0,0,0,0,0,0,0,0,0
2087,7568,7568,7578,7573,49734,29418,20316,2459,4554,13303,7559,39,7520,7570,44,7526,0,2087,29418,21450,5569,0,2399,0,0,0,4554,2741,587,0,0,0,1226,0,9,3
2088,7568,7568,7578,6403,12499812,11473292,1026520,172521,300895,553104,5306,121,5185,5358,168,5190,0,2088,11473292,1313521,922865,0,0,2522816,6714090,0,300895,128596,95079,0,0,0,77220,0,2262,1045
2089,7568,7568,7578,7541,326034,184101,141933,13678,34332,93923,7509,35,7474,7519,40,7479,0,2089,184101,145695,34945,0,3461,0,0,0,34332,18525,4827,0,0,0,10980,0,59,22
2090,7568,7568,7578,6546,10473392,9672696,800696,65049,243507,492140,5561,116,5445,5581,129,5452,620326,2090,9672696,1203593,580907,0,241224,2423222,5223750,0,243507,92616,94999,0,0,0,55892,0,2007,965
2091,7568,7568,7578,7505,668646,434783,233863,30988,96573,106302,7447,56,7391,7458,62,7396,0,2091,434783,246675,119745,0,68363,0,0,0,96573,29700,48978,0,0,0,17895,0,121,47
2092,7568,7568,7578,7114,4702626,4135843,566783,195814,139964,231005,6717,84,6633,6751,111,6640,0,2092,4135843,593075,448537,0,306019,1622226,1165986,0,139964,84442,5362,0,0,0,50160,0,851,363
2093,7568,7568,7578,6338,9348234,8473272,874962,213400,240686,420876,4438,157,4281,4486,196,4290,7979791,2093,8473272,1108442,804440,0,481579,2194406,3884405,0,240686,113607,59083,0,0,0,67996,0,3130,1852
2094,7568,7568,7578,7576,16578,10598,5980,215,682,5083,7565,31,7534,7575,36,7539,0,2094,10598,7266,1909,0,1423,0,0,0,682,488,0,0,0,0,194,0,3,1
2095,7568,7568,7578,6322,29166228,23676085,5490143,2469019,1225072,1796052,2290,191,2099,2333,227,2106,0,2095,23676085,6625960,2557672,0,349979,6676848,7465626,0,1225072,591122,277664,0,0,0,356286,0,5278,3989
2096,7568,7568,7578,7578,0,0,0,0,0,0,7568,23,7545,7578,29,7549,0,2096,0,0,0,0,0,0,0,0,0,0,0,0,0,0,0,0,0,0
2097,7568,7568,7578,7548,269549,148131,121418,34898,34953,51567,7519,28,7491,7530,34,7496,1225,2097,148131,101915,46216,0,0,0,0,0,34953,17971,6345,0,0,0,10637,0,49,18
2098,7568,7568,7578,7487,795744,516534,279210,16502,91362,171346,7424,29,7395,7434,33,7401,0,2098,516534,345131,158472,0,0,12931,0,0,91362,33661,37475,0,0,0,20226,0,144,53
2099,7568,7410,7578,7415,33156,3415,0,0,0,0,7404,49,7355,7414,52,7362,0,2099,3415,1297,2003,0,115,0,0,0,0,0,0,0,0,0,0,0,6,1
