"Year","allMortEgg","baseMortEgg","tempMortEgg","denMortEgg","incMortEgg","superMortEgg","lostMortEgg","catMortEgg","allMortFry","baseMortFry","tempMortFry","denMortFry","habMortFry","freshMortFry","seasMortFry","catMortFry","allMortSF","allMortSM"
2010,35517761,8877016,7995618,0,3055606,7847595,7741926,0,708310,439134,6270,0,0,0,262906,0,7287,6005
2011,11538742,1792968,694752,0,200453,3109055,5741514,0,266919,119966,74753,0,0,0,72200,0,2284,1208
2012,32623426,8474632,3267272,0,5706637,7582161,7592724,0,820834,512984,744,0,0,0,307106,0,6761,5477
2013,19752991,4555549,2025711,0,396476,5359363,7415892,0,492938,308374,0,0,0,0,184564,0,4096,2769
2014,25303752,7033123,3700775,0,738565,6354611,7476678,0,791355,494971,0,0,0,0,296384,0,5435,4096
2015,4314420,1108543,510915,0,247473,1179452,1268037,0,195495,100583,35113,0,0,0,59799,0,5905,4594
2016,16204908,2865957,1197665,0,403455,4598239,7139592,0,412172,253950,6420,0,0,0,151802,0,3307,2039
2017,19219816,4326033,2348909,0,3385122,3907612,5252140,0,599683,329152,73283,0,0,0,197248,0,5328,4036
2018,37901151,10270964,6035142,0,7296171,6816670,7482204,0,498539,302309,15514,0,0,0,180716,0,7343,6061
2019,211768,28015,110671,0,3833,69249,0,0,1671,1123,3,0,0,0,545,0,7175,5876
2020,17432944,2767098,1261697,0,1198257,4922624,7283268,0,553698,263899,131044,0,0,0,158755,0,3522,2240
2021,30690987,8687875,4367154,0,3137371,7045189,7453398,0,1184212,740584,0,0,0,0,443628,0,6952,5671
2022,38858786,8160130,4217125,0,12209362,6966183,7305986,0,55769,35079,326,0,0,0,20364,0,7250,5916
2023,16162691,2594090,1847648,0,373812,4211913,7135228,0,354900,209586,20030,0,0,0,125284,0,3278,1969
2024,29316018,8522868,5027426,0,1483640,6667256,7614828,0,1341081,838710,0,0,0,0,502371,0,6694,5448
2025,32047674,10002842,5845856,0,1364052,7358246,7476678,0,1469649,688379,366077,0,0,0,415193,0,7084,5779
2026,32583752,9397658,6488959,0,2165480,7049451,7482204,0,1133558,572163,217108,0,0,0,344287,0,6958,5675
2027,20178295,3477371,2285834,0,2024953,4996349,7393788,0,525416,295732,52659,0,0,0,177025,0,4081,2796
2028,12992257,3577404,2824736,0,595871,2867663,3126583,0,453886,192510,145657,0,0,0,115719,0,6556,5272
2029,6901522,955552,342514,0,404727,1738370,3460359,0,161154,101140,0,0,0,0,60014,0,1934,998
2030,33201294,8411568,7732037,0,2884420,6674487,7498782,0,810769,407663,157983,0,0,0,245123,0,6759,5430
2031,29946794,9178557,3481000,0,2239680,7499041,7548516,0,1513411,602499,545591,0,0,0,365321,0,6542,5258
2032,12239281,1904694,980255,0,429782,3171984,5752566,0,272002,151758,29422,0,0,0,90822,0,2442,1368
2033,25641790,5760509,3214742,0,2778847,6472150,7415542,0,1089863,486298,310129,0,0,0,293436,0,5604,4324
2034,17431084,4623788,2279045,0,604479,4596610,5327162,0,798206,405384,149031,0,0,0,243791,0,5360,4072
2035,12837042,2040658,1097922,0,413658,3178574,6106230,0,411628,240469,27397,0,0,0,143762,0,2637,1505
2036,32671451,7308236,4939440,0,5851756,7095341,7476678,0,1224231,755966,15411,0,0,0,452854,0,7100,5816
2037,27801898,6714495,5921556,0,1929948,5917963,7317936,0,1055138,636602,37050,0,0,0,381486,0,6194,4894
2038,11889804,3046660,1254690,0,868016,3133227,3587211,0,391379,207694,59330,0,0,0,124355,0,5108,3822
2039,33334103,8514263,8622137,0,2383979,6337046,7476678,0,1445586,810838,147861,0,0,0,486887,0,7383,6044
2040,21744546,5915925,3129323,0,723212,5555284,6420802,0,785140,393475,154945,0,0,0,236720,0,5290,4003
2041,30003360,7641734,5255168,0,3105396,6452546,7548516,0,954013,596698,0,0,0,0,357315,0,6388,5047
2042,11140935,1993949,1338500,0,1136186,3038870,3633430,0,351211,220028,0,0,0,0,131183,0,4813,3508
2043,17555300,4388566,3582631,0,1054522,4042140,4487441,0,463175,289940,0,0,0,0,173235,0,6447,5111
2044,32234784,8907447,5682828,0,3509639,6669244,7465626,0,1029143,623520,32069,0,0,0,373554,0,6892,5547
2045,20485673,4312896,3520808,0,252900,4955547,7443522,0,508143,290374,43819,0,0,0,173950,0,4210,2887
2046,19008486,5053035,3026819,0,177852,4763208,5987572,0,1074343,458586,338554,0,0,0,277203,0,5054,3768
2047,13537080,2538912,910092,0,268244,3910357,5909475,0,496620,280891,47614,0,0,0,168115,0,3013,1862
2048,7949779,1514675,974350,0,664152,2116112,2680490,0,253938,159267,0,0,0,0,94671,0,5254,3968
2049,19939926,3698985,3156848,0,788672,4939397,7356024,0,681907,406440,32074,0,0,0,243393,0,4222,2885
2050,6682296,1067091,512226,0,10694,1734141,3358144,0,194431,85674,57505,0,0,0,51252,0,2415,1291
2051,25370616,5817081,2355009,0,3540201,6242433,7415892,0,310162,188374,9334,0,0,0,112454,0,4898,3615
2052,19196265,3983098,2204882,0,1433286,4747263,6827736,0,523547,318935,13771,0,0,0,190841,0,4230,2927
2053,10423504,2198500,1687668,0,244523,2675121,3617692,0,318958,162894,58669,0,0,0,97395,0,4631,3322
2054,19615704,4074929,2471648,0,390639,5279174,7399314,0,471762,224931,111483,0,0,0,135348,0,3964,2679
2055,10176933,1450464,884042,0,616167,2462252,4764008,0,98072,60700,1608,0,0,0,35764,0,2905,1660
2056,24684187,7137764,6107782,0,893200,5197703,5347738,0,633589,323428,115928,0,0,0,194233,0,6927,5634
2057,105286,56186,31152,0,17948,0,0,0,8496,3804,2533,0,0,0,2159,0,28,11
2058,10247302,1488324,628714,0,93855,2410941,5625468,0,209656,93877,59369,0,0,0,56410,0,2021,965
2059,10789951,1690108,711994,0,403820,2640387,5343642,0,218312,108874,44421,0,0,0,65017,0,2135,1128
2060,5109148,677425,367517,0,240901,1778685,2044620,0,76796,38142,15968,0,0,0,22686,0,990,446
2061,15029816,2900682,1121794,0,170541,4233594,6603205,0,410020,220709,57128,0,0,0,132183,0,3390,2118
2062,32523856,8850434,5927262,0,2716643,7409163,7620354,0,1290627,546109,414275,0,0,0,330243,0,6887,5607
2063,27906601,8051357,4257925,0,1172228,6931835,7493256,0,894831,512183,75393,0,0,0,307255,0,5993,4709
2064,10085872,1296329,671892,0,49297,2387626,5680728,0,264823,160679,8344,0,0,0,95800,0,2039,966
2065,18040489,4148049,2296663,0,322001,4663616,6610160,0,565702,334647,30683,0,0,0,200372,0,4236,2966
2066,15123340,3787974,2638561,0,203823,3248808,5244174,0,502294,183365,207838,0,0,0,111091,0,3106,2087
2067,0,0,0,0,0,0,0,0,0,0,0,0,0,0,0,0,0,0
2068,14264122,2256690,1550991,0,1137367,3396963,5922111,0,445501,189861,141315,0,0,0,114325,0,3826,2561
2069,32555831,6109488,3520121,0,8019423,7280919,7625880,0,195185,120081,3753,0,0,0,71351,0,6077,4793
2070,22220509,6210874,4168151,0,1238525,5122389,5480570,0,844219,340566,297572,0,0,0,206081,0,6327,4995
2071,6279264,779159,748479,0,63189,1903333,2785104,0,77305,41194,11560,0,0,0,24551,0,1208,513
2072,66472,40659,24701,0,1112,0,0,0,7277,2695,3096,0,0,0,1486,0,17,7
2073,0,0,0,0,0,0,0,0,0,0,0,0,0,0,0,0,0,0
2074,12711660,1789340,1664527,0,343445,2885482,6028866,0,232949,99330,73902,0,0,0,59717,0,2470,1349
2075,130427,55093,27326,0,3956,44052,0,0,11325,3849,5242,0,0,0,2234,0,227,91
2076,0,0,0,0,0,0,0,0,0,0,0,0,0,0,0,0,0,0
2077,15683237,2162567,887826,0,1277342,4326430,7029072,0,257092,160975,154,0,0,0,95963,0,3069,1814
2078,17637375,3310797,1586025,0,308060,5066335,7366158,0,519689,305730,30870,0,0,0,183089,0,3655,2362
2079,15835827,3494625,2704429,0,2234688,3299235,4102850,0,478444,278820,32914,0,0,0,166710,0,5921,4627
2080,5497044,1230459,1126633,0,223544,1373566,1542842,0,242229,124104,44293,0,0,0,73832,0,5512,4225
2081,9355661,1415370,915086,0,19613,2431646,4573946,0,229112,119957,37509,0,0,0,71646,0,2797,1574
2082,21881085,3697236,1291882,0,4023706,5502103,7366158,0,271784,143541,42514,0,0,0,85729,0,4175,2881
2083,4451069,776893,799943,0,53000,1108536,1712697,0,159908,83044,27592,0,0,0,49272,0,3883,2595
2084,4978119,603360,472320,0,247991,1880602,1773846,0,37926,23902,0,0,0,0,14024,0,939,371
2085,12689905,1642150,959243,0,121403,3214337,6752772,0,354231,166832,87310,0,0,0,100089,0,2532,1299
2086,12655842,1790555,733306,0,681,3433788,6697512,0,471261,227503,107076,0,0,0,136682,0,2592,1378
2087,436933,307776,116778,0,417,11962,0,0,104625,47840,28186,0,0,0,28599,0,148,56
2088,10595957,1969758,1248444,0,181813,2624278,4571664,0,487281,205155,158493,0,0,0,123633,0,2556,1542
2089,19005165,4444405,2356988,0,1170945,4966633,6066194,0,581079,362868,1156,0,0,0,217055,0,5073,3786
2090,9392608,1259556,517358,0,1920,2438954,5174820,0,291684,103129,126276,0,0,0,62279,0,1885,873
2091,7362486,945719,493423,0,128626,2169662,3625056,0,206353,109123,31996,0,0,0,65234,0,1475,668
2092,15992177,2911775,1488876,0,293923,4285109,7012494,0,443588,216415,97243,0,0,0,129930,0,3249,1999
2093,7620770,1196833,501049,0,22899,2183815,3716174,0,221402,113783,39668,0,0,0,67951,0,3032,1756
2094,10507631,1576242,647779,0,268912,2582640,5432058,0,252473,129924,44770,0,0,0,77779,0,2097,1055
2095,9233620,1704712,663172,0,1437611,2275565,3152560,0,215026,114405,32570,0,0,0,68051,0,4317,3076
2096,586672,193008,157397,0,34752,201515,0,0,35794,22057,810,0,0,0,12927,0,267,104
2097,14441278,1970567,1112804,0,542781,3791580,7023546,0,324417,198172,7849,0,0,0,118396,0,2882,1610
2098,14613382,2475829,1054176,0,288361,3904094,6890922,0,407064,254391,667,0,0,0,152006,0,3001,1707
2099,205285,52537,152666,0,82,0,0,0,0,0,0,0,0,0,0,0,255,200
