"Year","AFem","AFemDeath","AMal","AMalDeath","Eggs","EggsDeath","FryGrad","FryExit","FryDeath","FryInStr","allMortAF","baseMortAF","tempMortAF","allMortAM","baseMortAM","tempMortAM","InVivo"
2010,7568,7568,7578,6327,32841018,27684850,5156168,2341623,935366,1879179,1625,191,1434,1663,226,1437,0
2011,7568,7568,7578,6335,26620451,23639595,2980856,576134,488383,1916339,2749,169,2580,2791,210,2581,9343
2012,7568,7568,7578,6322,40759776,32950292,7809484,4766045,1378942,1664497,192,191,1,228,227,1,0
2013,7568,7568,7578,6322,40577065,33200803,7376262,3111657,1484914,2779691,191,191,0,227,227,0,188237
2014,7568,7568,7578,6546,12883948,11991795,892153,65295,144027,682831,5234,132,5102,5258,150,5108,13736
2015,7568,7568,7578,6322,40770828,35083561,5687267,1771370,961524,2954373,190,190,0,226,226,0,0
2016,7568,7568,7578,6488,16222371,14560629,1661742,427744,348059,885939,4624,145,4479,4655,170,4485,46173
2017,7568,7568,7578,7578,0,0,0,0,0,0,7568,37,7531,7578,41,7537,0
2018,7568,7568,7578,6322,40754250,35413254,5340996,2102881,807394,2430721,193,192,1,228,227,1,0
2019,7568,7568,7578,7007,20459018,17532275,2926743,1309197,464028,1153518,181,181,0,215,215,0,20405974
2020,7568,7568,7578,6267,40815036,34073880,6741156,3110578,1238025,2392553,182,182,0,226,226,0,0
2021,7568,7568,7578,6322,32608926,26543939,6064987,3588763,1224774,1251450,1667,187,1480,1710,228,1482,0
2022,7568,7568,7578,6324,37598904,32090647,5508257,2897285,942533,1668439,764,194,570,801,230,571,0
2023,7568,7568,7578,6314,40682412,34214332,6468080,2869524,1119257,2479299,206,188,18,243,226,17,0
2024,7568,7568,7578,6299,40803984,32902376,7901608,3956426,1226134,2719048,184,184,0,227,227,0,0
2025,7568,7568,7578,6322,37192028,30686014,6506014,2888704,1398051,2219259,192,191,1,228,227,1,3572448
2026,7568,7568,7578,6638,11455398,10276368,1179030,188245,257792,732993,5495,138,5357,5516,153,5363,0
2027,7568,7568,7578,6317,40770828,33463128,7307700,4022819,1317006,1967875,190,190,0,227,227,0,0
2028,7568,7568,7578,6330,32155794,31395892,759902,363369,156174,240359,1749,188,1561,1791,226,1565,0
2029,7568,7568,7578,6317,40754250,33779588,6974662,3389150,1476397,2109115,193,190,3,230,227,3,0
2030,7568,7568,7578,6743,10206522,9210524,995998,196836,253639,545523,5721,123,5598,5736,128,5608,0
2031,7568,7568,7578,6323,38781468,30938016,7843452,3500152,1469420,2873880,550,192,358,586,229,357,0
2032,7568,7568,7578,6303,40792932,34078768,6714164,3780498,1526879,1406787,186,186,0,227,227,0,0
2033,7568,7568,7578,6268,39836934,32489387,7347547,4370935,1362891,1613721,359,190,169,401,233,168,0
2034,7568,7568,7578,6322,40770828,34157011,6613817,3572257,1138942,1902618,190,190,0,226,226,0,0
2035,7568,7568,7578,6309,40792932,31070627,9722305,5585208,1755075,2382022,186,186,0,226,226,0,0
2036,7568,7568,7578,6338,29934342,24950624,4983718,2325400,956324,1701994,2151,179,1972,2195,219,1976,0
2037,7568,7568,7578,6322,40759776,33602308,7157468,3464781,1213969,2478718,192,192,0,227,227,0,0
2038,7568,7568,7578,6326,29357209,26153474,3203735,1012140,520830,1670765,1372,193,1179,1411,230,1181,4893243
2039,7568,7568,7578,6376,22606866,19563504,3043362,1144882,595369,1303111,3477,169,3308,3517,207,3310,0
2040,7568,7568,7578,6322,40588470,33731432,6857038,3446349,1278048,2132641,223,193,30,260,229,31,0
2041,7568,7568,7578,6334,32940486,28186723,4753763,2408679,822428,1522656,1607,192,1415,1644,225,1419,0
2042,7568,7568,7578,6290,36626681,30557691,6068990,3224165,1175149,1669676,183,181,2,229,227,2,4192495
2043,7568,7568,7578,6381,19036841,16605745,2431096,928920,496457,1005719,3704,133,3571,3758,178,3580,2318262
2044,7568,7568,7578,6306,40798458,34035742,6762716,3380710,1156037,2225969,185,185,0,227,227,0,0
2045,7568,7568,7578,6322,40726620,32294235,8432385,5709288,1524351,1198746,198,191,7,235,227,8,0
2046,7568,7568,7578,6267,40809510,32890768,7918742,5318582,1601357,998803,183,183,0,227,227,0,0
2047,7568,7568,7578,7577,10098,6188,3910,590,477,2843,7566,22,7544,7577,24,7553,954
2048,7568,7568,7578,6322,39476968,31200225,8276743,4591870,1663752,2021121,190,190,0,226,226,0,1296303
2049,7568,7568,7578,6322,40770828,35989918,4780910,2777956,889912,1113042,190,190,0,226,226,0,0
2050,7568,7568,7578,6322,33696441,27765978,5930463,2702170,1123269,2105024,190,190,0,226,226,0,7089411
2051,7568,7568,7578,6327,24619704,20280201,4339503,2427381,857650,1054472,858,201,657,895,237,658,12489702
2052,7568,7568,7578,6323,38898909,31322043,7576866,4001450,1370279,2205137,523,202,321,559,236,323,31761
2053,7568,7568,7578,6322,36036905,30188092,5848813,2964862,964270,1919681,190,190,0,226,226,0,4741661
2054,7568,7568,7578,6285,40820562,33896148,6924414,3589556,1328990,2005868,181,181,0,228,228,0,0
2055,7568,7568,7578,7096,2703212,2377523,325689,70176,89578,165935,6648,82,6566,6681,110,6571,2390956
2056,7568,7568,7578,6323,37543644,32032719,5510925,3144697,1068547,1297681,774,197,577,812,235,577,0
2057,7568,7568,7578,6272,31862985,26055586,5807399,2675119,1412900,1719380,258,186,72,301,229,72,8549704
2058,7568,7568,7578,7578,0,0,0,0,0,0,7568,36,7532,7578,37,7541,0
2059,7568,7568,7578,7578,0,0,0,0,0,0,7568,37,7531,7578,40,7538,0
2060,7568,7568,7578,6571,12488760,11448524,1040236,185747,290047,564442,5308,116,5192,5330,132,5198,0
2061,7568,7568,7578,6346,18559478,17011994,1547484,432550,355050,759884,3314,165,3149,3356,205,3151,4962496
2062,7568,7568,7578,7431,1320714,970801,349913,26306,108584,215023,7329,50,7279,7335,50,7285,0
2063,7568,7568,7578,7567,99468,66995,32473,2356,7163,22954,7550,68,7482,7560,73,7487,0
2064,7568,7568,7578,6323,31451559,27380283,4071276,1934451,966342,1170483,470,197,273,507,234,273,7778746
2065,7568,7568,7578,7578,0,0,0,0,0,0,7568,34,7534,7578,36,7542,0
2066,7568,7568,7578,6322,38884392,31192254,7692138,4417718,1523421,1750999,201,196,5,236,231,5,1826402
2067,7568,7568,7578,6598,13262400,11214909,2047491,846926,537209,663356,5168,139,5029,5200,165,5035,0
2068,7568,7568,7578,7368,1880457,1431292,449165,75862,98983,274320,7209,66,7143,7210,64,7146,103653
2069,7568,7568,7578,6285,40815036,33371408,7443628,4850452,1387164,1206012,182,182,0,229,229,0,0
2070,7568,7568,7578,6271,24263740,19382549,4881191,2837668,1121988,921535,1418,182,1236,1462,225,1237,9748963
2071,7568,7568,7578,6744,8467394,7843308,624086,26628,151231,446227,5979,95,5884,5996,104,5892,314652
2072,7568,7568,7578,6324,35266932,28185658,7081274,3672691,1489797,1918786,1186,191,995,1224,227,997,0
2073,7568,7568,7578,6347,25414074,21292412,4121662,1633905,996069,1491688,2969,176,2793,3013,216,2797,0
2074,7568,7568,7578,7578,0,0,0,0,0,0,7568,53,7515,7578,58,7520,0
2075,7568,7568,7578,7578,0,0,0,0,0,0,7568,43,7525,7578,47,7531,0
2076,7568,7568,7578,6322,23831604,18562834,5268770,2826472,1156200,1286098,190,190,0,226,226,0,16977206
2077,7568,7568,7578,7578,0,0,0,0,0,0,7568,10,7558,7578,14,7564,0
2078,7568,7568,7578,7485,839952,548596,291356,80406,69462,141488,7416,52,7364,7426,53,7373,0
2079,7568,7568,7578,6301,33249942,27274159,5975783,3450984,1297507,1227292,1551,182,1369,1599,228,1371,0
2080,7568,7568,7578,6333,30934548,25729448,5205100,2621321,1163286,1420493,1970,186,1784,2009,226,1783,0
2081,7568,7568,7578,6317,13062980,11249933,1813047,750655,414420,647972,3620,155,3465,3669,197,3472,8767731
2082,7568,7568,7578,6322,40273488,31045152,9228336,5405381,1938609,1884346,280,199,81,317,234,83,0
2083,7568,7568,7578,6471,7732619,6706796,1025823,395035,281928,348860,4308,141,4167,4348,172,4176,10317935
2084,7568,7568,7578,7578,0,0,0,0,0,0,7568,33,7535,7578,37,7541,0
2085,7568,7568,7578,6324,28198529,23656164,4542365,2448068,997015,1097282,1435,197,1238,1475,233,1242,5694337
2086,7568,7568,7578,6623,11842218,10191882,1650336,635897,439586,574853,5425,111,5314,5448,126,5322,0
2087,7568,7568,7578,7573,28416,14889,13527,5261,3962,4304,7560,59,7501,7570,65,7505,15792
2088,7568,7568,7578,7578,0,0,0,0,0,0,7568,35,7533,7578,38,7540,0
2089,7568,7568,7578,6300,26092988,20177844,5915144,4000972,1211355,702817,910,181,729,960,227,733,10725623
2090,7568,7568,7578,7574,50288,34224,16064,800,3493,11771,7554,49,7505,7565,55,7510,27076
2091,7568,7568,7578,6410,8864369,7767192,1097177,415978,377856,303343,4209,143,4066,4262,191,4071,9733260
2092,7568,7568,7578,7578,0,0,0,0,0,0,7568,30,7538,7578,33,7545,0
2093,7568,7568,7578,7578,0,0,0,0,0,0,7568,47,7521,7578,51,7527,0
2094,7568,7568,7578,7578,0,0,0,0,0,0,7568,22,7546,7578,25,7553,0
2095,7568,7568,7578,7578,0,0,0,0,0,0,7568,23,7545,7578,27,7551,0
2096,7568,7568,7578,7578,0,0,0,0,0,0,7568,13,7555,7578,3,7575,0
2097,7568,7568,7578,7578,0,0,0,0,0,0,7568,8,7560,7578,12,7566,0
2098,7568,7568,7578,7578,0,0,0,0,0,0,7568,49,7519,7578,54,7524,0
2099,7568,7568,7578,7578,0,0,0,0,0,0,7568,28,7540,7578,33,7545,0
