"Year","allMortEgg","baseMortEgg","tempMortEgg","denMortEgg","incMortEgg","superMortEgg","lostMortEgg","catMortEgg","allMortFry","baseMortFry","tempMortFry","denMortFry","habMortFry","freshMortFry","seasMortFry","catMortFry","allMortSF","allMortSM"
2010,32242094,9679769,4185462,0,3039198,7744941,7592724,0,1366500,815859,61431,0,0,0,489210,0,7221,5939
2011,19549046,4542276,2310074,0,2906444,4915655,4874597,0,736460,460274,971,0,0,0,275215,0,7027,5687
2012,33103656,11058081,4411800,0,3602579,6847396,7183800,0,1327154,778472,81655,0,0,0,467027,0,7383,6083
2013,32965262,10762933,6580638,0,2114497,6351024,7156170,0,1513029,749623,311970,0,0,0,451436,0,7378,6096
2014,2336813,703717,286093,0,75299,1078294,193410,0,131114,70000,19631,0,0,0,41483,0,523,264
2015,29040085,8413909,5097587,0,2148609,6462311,6917669,0,992942,527685,148285,0,0,0,316972,0,7294,5954
2016,33995154,10511669,5324081,0,3610914,7154702,7393788,0,1699426,662499,635108,0,0,0,401819,0,7372,6089
2017,612385,345161,118151,0,6484,142589,0,0,82301,41228,16672,0,0,0,24401,0,213,87
2018,27363886,8776329,3481575,0,2274570,5896282,6935130,0,1595506,749593,393833,0,0,0,452080,0,6241,4979
2019,25212150,7639611,2781720,0,582426,6869865,7338528,0,1152345,571626,236437,0,0,0,344282,0,5582,4251
2020,35073351,9870176,6993762,0,4471862,6559277,7178274,0,1000575,565355,96095,0,0,0,339125,0,7378,6096
2021,32790997,10263764,5918799,0,2405386,6997144,7205904,0,1443813,656731,390753,0,0,0,396329,0,7198,5917
2022,17506044,4126036,1926811,0,366778,4329369,6757050,0,802559,329167,274336,0,0,0,199056,0,3940,2635
2023,0,0,0,0,0,0,0,0,0,0,0,0,0,0,0,0,0,0
2024,2374106,651707,316010,0,137712,1086319,182358,0,82852,37194,23383,0,0,0,22275,0,496,229
2025,3535519,720637,219976,0,85929,1552979,955998,0,119060,68540,9922,0,0,0,40598,0,735,319
2026,32024467,10481347,5017714,0,924433,8071435,7529538,0,1922141,800468,637141,0,0,0,484532,0,7382,6506
2027,3320674,775537,393740,0,39158,1498853,613386,0,137310,60090,41396,0,0,0,35824,0,696,333
2028,955117,355813,228073,0,24954,346277,0,0,129810,68568,20573,0,0,0,40669,0,268,111
2029,6216041,1005112,452484,0,180331,1575450,3002664,0,140723,83850,7100,0,0,0,49773,0,2070,1103
2030,20368410,4323435,2625406,0,1635801,5008892,6774876,0,576646,238370,194211,0,0,0,144065,0,4110,2887
2031,131116,77166,34455,0,19495,0,0,0,22710,6949,11719,0,0,0,4042,0,35,16
2032,0,0,0,0,0,0,0,0,0,0,0,0,0,0,0,0,0,0
2033,18343668,5712390,2321347,0,1652712,4029605,4627614,0,725225,405661,76391,0,0,0,243173,0,7203,5922
2034,32322031,8573779,7984031,0,3258258,6355671,6150292,0,1295129,464244,548792,0,0,0,282093,0,7379,6092
2035,118706,91144,20293,0,7269,0,0,0,20461,9809,4894,0,0,0,5758,0,42,16
2036,626026,310336,107877,0,80675,127138,0,0,78303,35180,22163,0,0,0,20960,0,190,76
2037,34200251,6695680,4007028,0,7685895,8533906,7277742,0,924500,518854,94419,0,0,0,311227,0,7082,5806
2038,33673517,10179929,6757620,0,2130147,7223085,7382736,0,975815,385167,357359,0,0,0,233289,0,6958,5678
2039,332231,172129,111928,0,48174,0,0,0,19316,6042,9654,0,0,0,3620,0,74,30
2040,0,0,0,0,0,0,0,0,0,0,0,0,0,0,0,0,0,0
2041,31003691,7353622,7070055,0,3278037,6283957,7018020,0,610182,243341,219581,0,0,0,147260,0,6187,4925
2042,2674,1730,530,0,414,0,0,0,195,68,95,0,0,0,32,0,2,0
2043,1392014,479400,182650,0,252370,477594,0,0,108988,63300,8142,0,0,0,37546,0,331,145
2044,22265683,4730521,3503808,0,1739338,5323994,6968022,0,811531,408086,157976,0,0,0,245469,0,4945,3670
2045,35946573,9784212,5587555,0,6535960,6899254,7139592,0,961903,497174,165968,0,0,0,298761,0,7369,6087
2046,25020104,5734820,3699834,0,2803896,5741430,7040124,0,1010633,553604,124677,0,0,0,332352,0,5409,4134
2047,32074922,9056794,5682823,0,3028345,6962906,7344054,0,1305272,771235,71499,0,0,0,462538,0,7119,5837
2048,24187937,6915607,3639187,0,3009828,5123082,5500233,0,775469,448401,58277,0,0,0,268791,0,7190,5846
2049,17382264,4431992,1954730,0,421540,4268836,6305166,0,864705,492058,77529,0,0,0,295118,0,3884,3314
2050,1114786,380326,331271,0,96195,306994,0,0,90889,32972,38281,0,0,0,19636,0,265,113
2051,45025,28316,10636,0,6073,0,0,0,8946,4586,1981,0,0,0,2379,0,14,5
2052,1713003,339018,195163,0,209716,779488,189618,0,33554,20520,1154,0,0,0,11880,0,485,207
2053,21912695,6245983,4443301,0,2146675,4352478,4724258,0,1136248,636340,118058,0,0,0,381850,0,7110,6524
2054,19807747,4875205,4159594,0,1577010,4206668,4989270,0,847074,456649,116291,0,0,0,274134,0,6208,4902
2055,1800346,486644,403170,0,72881,765813,71838,0,117634,51092,36091,0,0,0,30451,0,398,171
2056,0,0,0,0,0,0,0,0,0,0,0,0,0,0,0,0,0,0
2057,17672818,4180834,1803464,0,697730,4448006,6542784,0,647828,300317,166768,0,0,0,180743,0,3699,2463
2058,16232869,3678506,2382354,0,1674282,3397229,5100498,0,619066,308999,124351,0,0,0,185716,0,3389,2890
2059,4031935,764382,480225,0,127180,1057557,1602591,0,146965,55430,58440,0,0,0,33095,0,1861,1009
2060,4084858,596759,433814,0,174829,1630580,1248876,0,96856,44712,25601,0,0,0,26543,0,808,322
2061,32751271,9323674,6326491,0,2533766,7059664,7507676,0,1216654,494036,423575,0,0,0,299043,0,7157,5876
2062,0,0,0,0,0,0,0,0,0,0,0,0,0,0,0,0,0,0
2063,0,0,0,0,0,0,0,0,0,0,0,0,0,0,0,0,0,0
2064,6985833,1981687,993541,0,452719,1955346,1602540,0,375746,164705,111791,0,0,0,99250,0,1532,979
2065,0,0,0,0,0,0,0,0,0,0,0,0,0,0,0,0,0,0
2066,9646604,1909244,1289661,0,563027,2237512,3647160,0,332118,131173,121955,0,0,0,78990,0,1963,1123
2067,0,0,0,0,0,0,0,0,0,0,0,0,0,0,0,0,0,0
2068,2422,1226,828,0,368,0,0,0,235,66,137,0,0,0,32,0,2,1
2069,0,0,0,0,0,0,0,0,0,0,0,0,0,0,0,0,0,0
2070,1132435,336027,250595,0,115960,429853,0,0,82501,40231,18525,0,0,0,23745,0,298,125
2071,77498,39452,25217,0,12829,0,0,0,7660,3537,2144,0,0,0,1979,0,31,11
2072,1886741,345103,334049,0,111468,813627,282494,0,68488,43309,0,0,0,0,25179,0,830,609
2073,18253638,4191245,2253945,0,2705918,4228538,4873992,0,637694,382095,26903,0,0,0,228696,0,5989,4651
2074,68080,35882,24021,0,8177,0,0,0,9618,4058,3509,0,0,0,2051,0,81,30
2075,0,0,0,0,0,0,0,0,0,0,0,0,0,0,0,0,0,0
2076,0,0,0,0,0,0,0,0,0,0,0,0,0,0,0,0,0,0
2077,0,0,0,0,0,0,0,0,0,0,0,0,0,0,0,0,0,0
2078,0,0,0,0,0,0,0,0,0,0,0,0,0,0,0,0,0,0
2079,0,0,0,0,0,0,0,0,0,0,0,0,0,0,0,0,0,0
2080,0,0,0,0,0,0,0,0,0,0,0,0,0,0,0,0,0,0
2081,0,0,0,0,0,0,0,0,0,0,0,0,0,0,0,0,0,0
2082,0,0,0,0,0,0,0,0,0,0,0,0,0,0,0,0,0,0
2083,0,0,0,0,0,0,0,0,0,0,0,0,0,0,0,0,0,0
2084,0,0,0,0,0,0,0,0,0,0,0,0,0,0,0,0,0,0
2085,0,0,0,0,0,0,0,0,0,0,0,0,0,0,0,0,0,0
2086,0,0,0,0,0,0,0,0,0,0,0,0,0,0,0,0,0,0
2087,0,0,0,0,0,0,0,0,0,0,0,0,0,0,0,0,0,0
2088,0,0,0,0,0,0,0,0,0,0,0,0,0,0,0,0,0,0
2089,1279,915,236,0,128,0,0,0,278,48,209,0,0,0,21,0,0,0
2090,0,0,0,0,0,0,0,0,0,0,0,0,0,0,0,0,0,0
2091,0,0,0,0,0,0,0,0,0,0,0,0,0,0,0,0,0,0
2092,0,0,0,0,0,0,0,0,0,0,0,0,0,0,0,0,0,0
2093,0,0,0,0,0,0,0,0,0,0,0,0,0,0,0,0,0,0
2094,0,0,0,0,0,0,0,0,0,0,0,0,0,0,0,0,0,0
2095,0,0,0,0,0,0,0,0,0,0,0,0,0,0,0,0,0,0
2096,0,0,0,0,0,0,0,0,0,0,0,0,0,0,0,0,0,0
2097,0,0,0,0,0,0,0,0,0,0,0,0,0,0,0,0,0,0
2098,0,0,0,0,0,0,0,0,0,0,0,0,0,0,0,0,1,0
2099,0,0,0,0,0,0,0,0,0,0,0,0,0,0,0,0,0,0
