"Year","AFem","AFemDeath","AMal","AMalDeath","Eggs","EggsDeath","FryGrad","FryExit","FryDeath","FryInStr","allMortAF","baseMortAF","tempMortAF","allMortAM","baseMortAM","tempMortAM","InVivo"
2010,7568,7568,7578,6309,31586868,28609686,2977182,1708490,556116,712576,1196,189,1007,1237,228,1009,3632142
2011,7568,7568,7578,6309,12195495,11067798,1127697,585870,279203,262624,2614,172,2442,2660,211,2449,15226983
2012,7568,7568,7578,6322,31990014,26749678,5240336,1904404,1105571,2230361,1779,194,1585,1821,230,1591,0
2013,7568,7568,7578,6322,26790961,22811842,3979119,1659176,730277,1589666,2640,187,2453,2683,223,2460,441167
2014,7568,7568,7578,6275,39709836,33633914,6075922,2500532,1133014,2442376,382,184,198,427,228,199,0
2015,7568,7568,7578,6492,11360495,10154117,1206378,223366,396932,586080,5325,119,5206,5350,140,5210,1039020
2016,7568,7568,7578,6340,14746632,13181184,1565448,364011,308062,893375,3678,179,3499,3724,217,3507,6770808
2017,7568,7568,7578,6323,25408548,21409421,3999127,1359386,951690,1688051,2970,182,2788,3011,219,2792,0
2018,7568,7568,7578,6322,32564718,29293244,3271474,1195678,583357,1492439,1675,197,1478,1712,232,1480,0
2019,7568,7568,7578,6322,8487499,7674858,812641,186379,178387,447875,2194,196,1998,2237,232,2005,21268733
2020,7568,7568,7578,6323,19027009,16744661,2282348,1017886,437981,826481,2585,174,2411,2626,211,2415,8532239
2021,7568,7568,7578,6285,39936402,31324495,8611907,5398524,1951601,1261782,341,181,160,388,227,161,0
2022,7568,7568,7578,6325,20330154,18200290,2129864,713398,527202,889264,3889,167,3722,3932,205,3727,0
2023,7568,7568,7578,6353,15638580,14088799,1549781,164857,395846,989078,4738,154,4584,4787,195,4592,0
2024,7568,7568,7578,6290,28072080,23734515,4337565,1971030,791908,1574627,2488,179,2309,2538,223,2315,0
2025,7568,7568,7578,6266,28293843,23127775,5166068,3274923,1155201,735944,213,182,31,258,226,32,12378015
2026,7568,7568,7578,6323,37399968,30493275,6906693,3310667,1652054,1943972,800,197,603,836,233,603,0
2027,7568,7568,7578,7408,1525176,1288737,236439,604,43943,191892,7292,48,7244,7301,51,7250,0
2028,7568,7568,7578,6786,7492028,6922436,569592,62978,155412,351202,6155,122,6033,6172,132,6040,317617
2029,7568,7568,7578,6323,19582771,16909794,2672977,1209109,579118,884750,2150,187,1963,2192,225,1967,10383948
2030,7568,7568,7578,7466,1016310,682383,333927,31439,84701,217787,7384,38,7346,7395,50,7345,474
2031,7568,7568,7578,6322,37698372,29283944,8414428,4323604,1682374,2408450,746,194,552,782,229,553,0
2032,7568,7568,7578,6288,30891766,26786612,4105154,2142684,782728,1179742,1889,183,1706,1938,228,1710,490539
2033,7568,7568,7578,6309,36372132,33746264,2625868,778037,546809,1301022,986,191,795,1027,230,797,0
2034,7568,7568,7578,6328,21170106,18526713,2643393,523092,618604,1501697,3737,166,3571,3780,202,3578,0
2035,7568,7568,7578,6629,10051794,9525905,525889,12690,121043,392156,5749,122,5627,5776,142,5634,0
2036,7568,7568,7578,6324,23441292,20339186,3102106,1607506,675603,818997,3326,167,3159,3369,204,3165,0
2037,7568,7568,7578,6322,29437002,25802854,3634148,1965585,698798,969765,2241,195,2046,2282,231,2051,0
2038,7568,7568,7578,6309,38621611,29528312,9093299,5403582,1733482,1956235,475,188,287,516,228,288,574457
2039,7568,7568,7578,6324,25215138,21736530,3478608,1229621,763191,1485796,3005,168,2837,3048,205,2843,0
2040,7568,7568,7578,6497,11891952,10687566,1204386,175495,295063,733828,5416,117,5299,5447,142,5305,0
2041,7568,7568,7578,6285,32730498,28296336,4434162,1625650,997079,1811433,1645,186,1459,1695,232,1463,0
2042,7568,7568,7578,6344,13733646,12347535,1386111,163058,342861,880192,4624,146,4478,4673,188,4485,2544976
2043,7568,7568,7578,6349,17189795,15511323,1678472,247730,304479,1126263,4281,145,4136,4329,185,4144,975224
2044,7568,7568,7578,6269,32763654,27415257,5348397,2147370,1318683,1882344,1639,186,1453,1685,230,1455,0
2045,7568,7568,7578,6360,15334650,14506212,828438,67733,197225,563480,4793,141,4652,4839,181,4658,0
2046,7568,7568,7578,6327,18992862,16745394,2247468,612891,496978,1137599,4131,161,3970,4177,199,3978,0
2047,7568,7568,7578,6308,27564524,22984095,4580429,1845850,834874,1899705,1595,191,1404,1638,232,1406,5456335
2048,7568,7568,7578,6322,28773882,24282817,4491065,1466340,1420335,1604390,2361,191,2170,2403,227,2176,0
2049,7568,7568,7578,7423,1398078,1000874,397204,51606,119314,226284,7315,32,7283,7331,27,7304,0
2050,7568,7568,7578,6873,7272216,6653813,618403,27189,124429,466785,6252,89,6163,6278,106,6172,0
2051,7568,7568,7578,6281,24004686,19630477,4374209,2536477,868320,969412,1638,187,1451,1685,231,1454,8788559
2052,7568,7568,7578,6302,30303592,26338161,3965431,1101369,906438,1957624,1435,187,1248,1480,229,1251,3594806
2053,7568,7568,7578,6448,13212516,12087395,1125121,45860,230682,848579,5177,129,5048,5226,168,5058,150
2054,7568,7568,7578,6345,18197118,16278967,1918151,442559,443941,1031651,4275,144,4131,4325,187,4138,0
2055,7568,7568,7578,6389,13556315,12522580,1033735,145244,210335,678156,4721,140,4581,4771,185,4586,2184947
2056,7568,7568,7578,6326,18777348,16751333,2026015,615644,428614,981757,4170,157,4013,4216,196,4020,0
2057,7568,7568,7578,6323,26182188,22235806,3946382,2113169,784341,1048872,2830,178,2652,2872,214,2658,0
2058,7568,7568,7578,6283,16067687,13762355,2305332,921235,455581,928516,1931,176,1755,1983,223,1760,15125705
2059,7568,7568,7578,6323,20124158,17234903,2889255,1092935,537176,1259144,2881,170,2711,2924,206,2718,5793137
2060,7568,7568,7578,6317,36316872,31410558,4906314,1984960,847868,2073486,996,179,817,1037,217,820,0
2061,7568,7568,7578,6322,28149444,23439237,4710207,2092025,1453476,1164706,2474,195,2279,2513,230,2283,0
2062,7568,7568,7578,7565,143676,79052,64624,16801,18564,29259,7542,18,7524,7557,14,7543,0
2063,7568,7568,7578,6323,27906300,23269352,4636948,1886633,1398193,1352122,2518,185,2333,2560,222,2338,0
2064,7568,7568,7578,7569,93942,62522,31420,960,5702,24758,7551,23,7528,7563,20,7543,0
2065,7568,7568,7578,6336,19081178,16612035,2469143,632031,660775,1176337,4115,165,3950,4161,203,3958,100
2066,7568,7568,7578,6330,23026842,19583124,3443718,1068985,833502,1541231,3401,174,3227,3441,208,3233,0
2067,7568,7568,7578,7422,1398078,1193883,204195,1608,81453,121134,7315,48,7267,7324,51,7273,0
2068,7568,7568,7578,7578,0,0,0,0,0,0,7568,8,7560,7578,0,7578,0
2069,7568,7568,7578,6324,21258522,18325773,2932749,871003,720067,1341679,3721,172,3549,3764,209,3555,0
2070,7568,7568,7578,7578,0,0,0,0,0,0,7568,35,7533,7578,42,7536,0
2071,7568,7568,7578,6324,21617712,18784693,2833019,789554,713890,1329575,3656,171,3485,3702,209,3493,0
2072,7568,7568,7578,6597,10162314,9321941,840373,75281,232604,532488,5729,115,5614,5749,129,5620,0
2073,7568,7568,7578,7492,757062,503157,253905,25094,65931,162880,7431,30,7401,7440,32,7408,0
2074,7568,7568,7578,6618,9471564,8833510,638054,13769,185122,439163,5854,127,5727,5879,144,5735,0
2075,7568,7568,7578,7578,0,0,0,0,0,0,7568,25,7543,7578,29,7549,0
2076,7568,7568,7578,7578,0,0,0,0,0,0,7568,22,7546,7578,28,7550,0
2077,7568,7568,7578,7113,4713678,4209282,504396,25768,94107,384521,6715,84,6631,6746,111,6635,0
2078,7568,7568,7578,6321,30951126,25778789,5172337,2608322,1234490,1329525,1967,197,1770,2005,231,1774,0
2079,7568,7568,7578,6750,8438202,7829851,608351,78303,174193,355855,6041,123,5918,6060,135,5925,0
2080,7568,7568,7578,6377,14450490,12906391,1544099,282584,448634,812881,4953,145,4808,5001,187,4814,0
2081,7568,7568,7578,6339,10848508,9658412,1190096,230308,292835,666953,4327,154,4173,4374,195,4179,7075853
2082,7568,7568,7578,6354,15779769,14289320,1490449,278567,368609,843273,4712,155,4557,4756,195,4561,2487
2083,7568,7568,7578,6326,14036606,12370317,1666289,450167,406324,809798,4385,164,4221,4428,197,4231,3569985
2084,7568,7568,7578,6323,26154558,22655401,3499157,1058184,804775,1636198,2835,175,2660,2874,212,2662,0
2085,7568,7568,7578,7499,699452,520906,178546,20226,52401,105919,7441,53,7388,7452,62,7390,2350
2086,7568,7568,7578,6325,19960709,17830903,2129806,397971,504229,1227606,3932,162,3770,3978,200,3778,131827
2087,7568,7568,7578,7578,0,0,0,0,0,0,7568,30,7538,7578,35,7543,0
2088,7568,7568,7578,6645,7407009,6912902,494107,23380,129501,341226,5755,135,5620,5785,158,5627,2625699
2089,7568,7568,7578,6813,7222482,6740930,481552,6311,81528,393713,6261,86,6175,6285,99,6186,0
2090,7568,7568,7578,6311,16437333,14677315,1760018,483459,466792,809767,4099,158,3941,4150,200,3950,2743737
2091,7568,7568,7578,7422,1322672,966188,356484,89579,99109,167796,7316,45,7271,7326,49,7277,69880
2092,7568,7568,7578,6375,13992257,12770240,1222017,101462,551107,569448,4969,132,4837,5019,175,4844,370517
2093,7568,7568,7578,7578,0,0,0,0,0,0,7568,2,7566,7578,4,7574,0
2094,7568,7568,7578,6489,11007792,10296278,711514,129730,151614,430170,5576,124,5452,5610,153,5457,0
2095,7568,7568,7578,6296,14994648,12356540,2638108,1312920,631851,693337,1885,190,1695,1933,236,1697,16459121
2096,7568,7568,7578,7576,11052,6074,4978,1122,1189,2667,7566,33,7533,7575,36,7539,0
2097,7568,7568,7578,7557,157536,89764,67772,9346,28020,30406,7536,21,7515,7545,21,7524,19296
2098,7568,7568,7578,7578,0,0,0,0,0,0,7568,12,7556,7578,16,7562,0
2099,7568,7106,7578,7085,99468,15754,0,0,0,0,7088,69,7019,7078,51,7027,0
