"Year","allMortEgg","baseMortEgg","tempMortEgg","denMortEgg","incMortEgg","superMortEgg","lostMortEgg","catMortEgg","allMortFry","baseMortFry","tempMortFry","denMortFry","habMortFry","freshMortFry","seasMortFry","catMortFry","allMortSF","allMortSM"
2010,18023245,3359153,1497443,0,704387,5096104,7366158,0,571098,334427,36373,0,0,0,200298,0,3743,2456
2011,9690968,1294810,713209,0,358291,2730684,4593974,0,252679,158164,350,0,0,0,94165,0,3125,1849
2012,32781088,11059176,4363376,0,2455786,7409494,7493256,0,1347306,791405,81250,0,0,0,474651,0,7339,6039
2013,32729986,10925594,6661949,0,563320,7025081,7554042,0,1558274,771094,322877,0,0,0,464303,0,7371,6089
2014,1455458,516584,203804,0,30886,698658,5526,0,101495,54349,14913,0,0,0,32233,0,340,149
2015,21497252,5079578,3112781,0,824567,5633816,6846510,0,688082,344373,136598,0,0,0,207111,0,5211,3924
2016,17477577,3030427,1550025,0,500976,4996835,7399314,0,655431,225382,293116,0,0,0,136933,0,3521,2232
2017,160752,121805,38947,0,0,0,0,0,32651,15327,8217,0,0,0,9107,0,66,24
2018,18291367,4379815,1838496,0,418669,4603211,7051176,0,1034675,428851,346456,0,0,0,259368,0,3982,2725
2019,6589202,802965,282005,0,0,2260470,3243762,0,142701,63317,41336,0,0,0,38048,0,1292,530
2020,33492346,9403087,6604879,0,2731047,7199291,7554042,0,984615,554858,96894,0,0,0,332863,0,7056,5773
2021,16583982,2891770,1675927,0,50173,4649688,7316424,0,535346,215933,188978,0,0,0,130435,0,3361,2078
2022,11669089,1671632,829534,0,1086,2967637,6199200,0,368291,144250,137119,0,0,0,86922,0,2406,1240
2023,0,0,0,0,0,0,0,0,0,0,0,0,0,0,0,0,0,0
2024,1567237,494606,231217,0,98146,737742,5526,0,65084,29455,18118,0,0,0,17511,0,335,144
2025,3506950,704552,214980,0,83995,1552951,950472,0,115933,66808,9589,0,0,0,39536,0,727,317
2026,29290983,8852860,4272514,0,716031,7915789,7533789,0,1882215,695160,764659,0,0,0,422396,0,6650,5772
2027,1347306,471584,226751,0,18353,630618,0,0,91908,40607,27135,0,0,0,24166,0,306,126
2028,70087,44738,24243,0,1106,0,0,0,18940,9860,3292,0,0,0,5788,0,25,9
2029,4177393,447105,224460,0,59273,1371794,2074761,0,54869,32652,2956,0,0,0,19261,0,1336,554
2030,11152041,1439949,861480,0,402208,2789780,5658624,0,252618,88397,110673,0,0,0,53548,0,2162,1093
2031,66146,40649,17315,0,8182,0,0,0,13403,3717,7616,0,0,0,2070,0,18,7
2032,0,0,0,0,0,0,0,0,0,0,0,0,0,0,0,0,0,0
2033,7736757,1065548,470857,0,45744,2081588,4073020,0,180363,96934,25707,0,0,0,57722,0,2628,1396
2034,28191802,7592654,6732513,0,612730,6186715,7067190,0,1387572,453202,657860,0,0,0,276510,0,6516,5229
2035,78334,60337,13255,0,4742,0,0,0,13614,6569,3225,0,0,0,3820,0,28,11
2036,412689,258400,84619,0,63206,6464,0,0,69011,31048,19389,0,0,0,18574,0,140,55
2037,22526679,3575539,2158573,0,3118894,6412509,7261164,0,566141,310914,68912,0,0,0,186315,0,4557,3288
2038,15336479,2363181,1585576,0,103084,4139520,7145118,0,270935,95695,117405,0,0,0,57835,0,2972,1700
2039,125966,64565,42470,0,18931,0,0,0,7114,2185,3642,0,0,0,1287,0,28,13
2040,0,0,0,0,0,0,0,0,0,0,0,0,0,0,0,0,0,0
2041,19415957,3027453,2962023,0,899405,5111184,7415892,0,259112,101024,97242,0,0,0,60846,0,3741,2453
2042,1312,912,223,0,177,0,0,0,100,34,50,0,0,0,16,0,1,0
2043,1090143,414058,156378,0,200045,319662,0,0,105638,57662,13887,0,0,0,34089,0,269,111
2044,13408416,1676038,1302804,0,279719,3270903,6878952,0,349185,164801,85313,0,0,0,99071,0,2736,1481
2045,24489991,5378462,3022330,0,2477886,6151213,7460100,0,625933,313554,123924,0,0,0,188455,0,4930,3643
2046,13471451,1814325,1217281,0,380957,3372428,6686460,0,398481,207472,66710,0,0,0,124299,0,2715,1502
2047,17709541,3242397,2016984,0,358815,4785973,7305372,0,589549,328511,64074,0,0,0,196964,0,3686,2406
2048,14672759,3116764,1610359,0,736446,3867939,5341251,0,443266,234715,67880,0,0,0,140671,0,4340,3055
2049,7157579,822103,392429,0,0,2235101,3707946,0,163566,91597,17511,0,0,0,54458,0,1420,579
2050,554301,276215,209717,0,50186,18183,0,0,76157,27000,32897,0,0,0,16260,0,149,59
2051,593513,301991,128195,0,66223,97104,0,0,106155,49103,27673,0,0,0,29379,0,168,63
2052,287314,152302,59073,0,75939,0,0,0,26637,16175,886,0,0,0,9576,0,109,39
2053,16234559,3138642,2231579,0,313778,4267645,6282915,0,741190,381346,130715,0,0,0,229129,0,4155,2842
2054,14128500,2517560,2209764,0,120793,3672552,5607831,0,525702,271604,91223,0,0,0,162875,0,4146,2858
2055,13375,9185,3970,0,220,0,0,0,2098,798,996,0,0,0,304,0,4,1
2056,0,0,0,0,0,0,0,0,0,0,0,0,0,0,0,0,0,0
2057,9504431,1300402,542539,0,62117,2443615,5155758,0,236064,105541,67013,0,0,0,63510,0,1883,884
2058,9055408,1320853,909966,0,468456,2090061,4266072,0,274736,125001,74609,0,0,0,75126,0,1805,916
2059,5050704,693717,453283,0,1485,1265017,2637202,0,144407,49319,65661,0,0,0,29427,0,2403,1267
2060,1410540,392148,247225,0,98606,644931,27630,0,75366,34945,19484,0,0,0,20937,0,307,116
2061,3992017,734336,512220,0,72333,1700552,972576,0,119675,43744,49622,0,0,0,26309,0,799,355
2062,0,0,0,0,0,0,0,0,0,0,0,0,0,0,0,0,0,0
2063,0,0,0,0,0,0,0,0,0,0,0,0,0,0,0,0,0,0
2064,15310055,2275159,1203851,0,337230,4337645,7156170,0,466395,183096,172545,0,0,0,110754,0,3056,1784
2065,0,0,0,0,0,0,0,0,0,0,0,0,0,0,0,0,0,0
2066,375786,229620,131590,0,14576,0,0,0,53224,21378,18944,0,0,0,12902,0,100,37
2067,0,0,0,0,0,0,0,0,0,0,0,0,0,0,0,0,0,0
2068,0,0,0,0,0,0,0,0,0,0,0,0,0,0,0,0,0,0
2069,0,0,0,0,0,0,0,0,0,0,0,0,0,0,0,0,0,0
2070,167143,85858,53733,0,27552,0,0,0,25059,12390,5362,0,0,0,7307,0,53,20
2071,4748,2542,1388,0,818,0,0,0,249,96,105,0,0,0,48,0,2,1
2072,383377,150124,102179,0,29380,101694,0,0,40286,24454,1511,0,0,0,14321,0,210,82
2073,9633670,1196457,728429,0,275644,2553736,4879404,0,224594,131716,14436,0,0,0,78442,0,2795,1508
2074,1230,810,420,0,0,0,0,0,66,30,22,0,0,0,14,0,2,1
2075,0,0,0,0,0,0,0,0,0,0,0,0,0,0,0,0,0,0
2076,0,0,0,0,0,0,0,0,0,0,0,0,0,0,0,0,0,0
2077,0,0,0,0,0,0,0,0,0,0,0,0,0,0,0,0,0,0
2078,0,0,0,0,0,0,0,0,0,0,0,0,0,0,0,0,0,0
2079,0,0,0,0,0,0,0,0,0,0,0,0,0,0,0,0,0,0
2080,0,0,0,0,0,0,0,0,0,0,0,0,0,0,0,0,0,0
2081,0,0,0,0,0,0,0,0,0,0,0,0,0,0,0,0,0,0
2082,0,0,0,0,0,0,0,0,0,0,0,0,0,0,0,0,0,0
2083,0,0,0,0,0,0,0,0,0,0,0,0,0,0,0,0,0,0
2084,0,0,0,0,0,0,0,0,0,0,0,0,0,0,0,0,0,0
2085,0,0,0,0,0,0,0,0,0,0,0,0,0,0,0,0,0,0
2086,0,0,0,0,0,0,0,0,0,0,0,0,0,0,0,0,0,0
2087,0,0,0,0,0,0,0,0,0,0,0,0,0,0,0,0,0,0
2088,0,0,0,0,0,0,0,0,0,0,0,0,0,0,0,0,0,0
2089,0,0,0,0,0,0,0,0,0,0,0,0,0,0,0,0,0,0
2090,0,0,0,0,0,0,0,0,0,0,0,0,0,0,0,0,0,0
2091,0,0,0,0,0,0,0,0,0,0,0,0,0,0,0,0,0,0
2092,0,0,0,0,0,0,0,0,0,0,0,0,0,0,0,0,0,0
2093,0,0,0,0,0,0,0,0,0,0,0,0,0,0,0,0,0,0
2094,0,0,0,0,0,0,0,0,0,0,0,0,0,0,0,0,0,0
2095,0,0,0,0,0,0,0,0,0,0,0,0,0,0,0,0,0,0
2096,0,0,0,0,0,0,0,0,0,0,0,0,0,0,0,0,0,0
2097,0,0,0,0,0,0,0,0,0,0,0,0,0,0,0,0,0,0
2098,0,0,0,0,0,0,0,0,0,0,0,0,0,0,0,0,0,0
2099,0,0,0,0,0,0,0,0,0,0,0,0,0,0,0,0,0,0
