"Year","AFem","AFemDeath","AMal","AMalDeath","Eggs","EggsDeath","FryGrad","FryExit","FryDeath","FryInStr","allMortAF","baseMortAF","tempMortAF","allMortAM","baseMortAM","tempMortAM","InVivo","Year","allMortEgg","baseMortEgg","tempMortEgg","denMortEgg","incMortEgg","superMortEgg","lostMortEgg","catMortEgg","allMortFry","baseMortFry","tempMortFry","denMortFry","habMortFry","freshMortFry","seasMortFry","catMortFry","allMortSF","allMortSM"
2010,7568,7568,7578,6325,20683818,18023245,2660573,1029245,571098,1060230,3825,158,3667,3869,193,3676,0,2010,18023245,3359153,1497443,0,704387,5096104,7366158,0,571098,334427,36373,0,0,0,200298,0,3743,2456
2011,7568,7568,7578,6340,10841896,9690968,1150928,413436,252679,484813,4443,144,4299,4491,182,4309,6452822,2011,9690968,1294810,713209,0,358291,2730684,4593974,0,252679,158164,350,0,0,0,94165,0,3125,1849
2012,7568,7568,7578,6309,40555314,32781088,7774226,4047230,1347306,2379690,229,185,44,270,226,44,0,2012,32781088,11059176,4363376,0,2455786,7409494,7493256,0,1347306,791405,81250,0,0,0,474651,0,7339,6039
2013,7568,7568,7578,6322,40732146,32729986,8002160,3960987,1558274,2482899,197,190,7,233,226,7,0,2013,32729986,10925594,6661949,0,563320,7025081,7554042,0,1558274,771094,322877,0,0,0,464303,0,7371,6089
2014,7568,7568,7578,7376,1878840,1455458,423382,33658,101495,288229,7228,81,7147,7227,74,7153,0,2014,1455458,516584,203804,0,30886,698658,5526,0,101495,54349,14913,0,0,0,32233,0,340,149
2015,7568,7568,7578,6322,24798854,21497252,3301602,1181435,688082,1432085,2357,191,2166,2398,228,2170,4000974,2015,21497252,5079578,3112781,0,824567,5633816,6846510,0,688082,344373,136598,0,0,0,207111,0,5211,3924
2016,7568,7568,7578,6324,19457046,17477577,1979469,408947,655431,915091,4047,162,3885,4092,199,3893,0,2016,17477577,3030427,1550025,0,500976,4996835,7399314,0,655431,225382,293116,0,0,0,136933,0,3521,2232
2017,7568,7568,7578,7536,276870,160752,116118,11212,32651,72255,7502,38,7464,7512,40,7472,87846,2017,160752,121805,38947,0,0,0,0,0,32651,15327,8217,0,0,0,9107,0,66,24
2018,7568,7568,7578,6352,22004532,18291367,3713165,1501384,1034675,1177106,3586,178,3408,3627,212,3415,0,2018,18291367,4379815,1838496,0,418669,4603211,7051176,0,1034675,428851,346456,0,0,0,259368,0,3982,2725
2019,7568,7568,7578,6832,7139592,6589202,550390,25919,142701,381770,6276,93,6183,6302,112,6190,0,2019,6589202,802965,282005,0,0,2260470,3243762,0,142701,63317,41336,0,0,0,38048,0,1292,530
2020,7568,7568,7578,6322,38991456,33492346,5499110,2666472,984615,1848023,512,192,320,549,228,321,0,2020,33492346,9403087,6604879,0,2731047,7199291,7554042,0,984615,554858,96894,0,0,0,332863,0,7056,5773
2021,7568,7568,7578,6328,18572788,16583982,1988806,263589,535346,1189871,4207,158,4049,4250,195,4055,98,2021,16583982,2891770,1675927,0,50173,4649688,7316424,0,535346,215933,188978,0,0,0,130435,0,3361,2078
2022,7568,7568,7578,6448,12910645,11669089,1241556,119803,368291,753462,5162,138,5024,5208,179,5029,386297,2022,11669089,1671632,829534,0,1086,2967637,6199200,0,368291,144250,137119,0,0,0,86922,0,2406,1240
2023,7568,7568,7578,7578,0,0,0,0,0,0,7568,45,7523,7578,49,7529,0,2023,0,0,0,0,0,0,0,0,0,0,0,0,0,0,0,0,0,0
2024,7568,7568,7578,7378,1851210,1567237,283973,2340,65084,216549,7233,64,7169,7234,62,7172,0,2024,1567237,494606,231217,0,98146,737742,5526,0,65084,29455,18118,0,0,0,17511,0,335,144
2025,7568,7568,7578,7190,4017402,3506950,510452,62571,115933,331948,6841,73,6768,6873,102,6771,0,2025,3506950,704552,214980,0,83995,1552951,950472,0,115933,66808,9589,0,0,0,39536,0,727,317
2026,7568,7568,7578,6730,36224256,29290983,6933273,3170388,1882215,1880670,918,189,729,958,227,731,523794,2026,29290983,8852860,4272514,0,716031,7915789,7533789,0,1882215,695160,764659,0,0,0,422396,0,6650,5772
2027,7568,7568,7578,7388,1690956,1347306,343650,12118,91908,239624,7262,47,7215,7262,40,7222,0,2027,1347306,471584,226751,0,18353,630618,0,0,91908,40607,27135,0,0,0,24166,0,306,126
2028,7568,7568,7578,7562,133750,70087,63663,26889,18940,17834,7543,32,7511,7553,36,7517,4400,2028,70087,44738,24243,0,1106,0,0,0,18940,9860,3292,0,0,0,5788,0,25,9
2029,7568,7568,7578,6803,4461679,4177393,284286,13206,54869,216211,6232,111,6121,6249,120,6129,2936352,2029,4177393,447105,224460,0,59273,1371794,2074761,0,54869,32652,2956,0,0,0,19261,0,1336,554
2030,7568,7568,7578,6528,11947212,11152041,795171,51197,252618,491356,5406,128,5278,5435,147,5288,0,2030,11152041,1439949,861480,0,402208,2789780,5658624,0,252618,88397,110673,0,0,0,53548,0,2162,1093
2031,7568,7568,7578,7567,99468,66146,33322,1425,13403,18494,7550,26,7524,7560,31,7529,0,2031,66146,40649,17315,0,8182,0,0,0,13403,3717,7616,0,0,0,2070,0,18,7
2032,7568,7568,7578,7578,0,0,0,0,0,0,7568,40,7528,7578,44,7534,0,2032,0,0,0,0,0,0,0,0,0,0,0,0,0,0,0,0,0,0
2033,7568,7568,7578,6383,8523864,7736757,787107,98398,180363,508346,4940,159,4781,4987,195,4792,6025296,2033,7736757,1065548,470857,0,45744,2081588,4073020,0,180363,96934,25707,0,0,0,57722,0,2628,1396
2034,7568,7568,7578,6318,33118250,28191802,4926448,1924887,1387572,1613989,1052,193,859,1089,229,860,2895189,2034,28191802,7592654,6732513,0,612730,6186715,7067190,0,1387572,453202,657860,0,0,0,276510,0,6516,5229
2035,7568,7568,7578,7560,132216,78334,53882,2997,13614,37271,7540,46,7494,7549,50,7499,22512,2035,78334,60337,13255,0,4742,0,0,0,13614,6569,3225,0,0,0,3820,0,28,11
2036,7568,7568,7578,7491,650955,412689,238266,23677,69011,145578,7428,57,7371,7436,63,7373,122685,2036,412689,258400,84619,0,63206,6464,0,0,69011,31048,19389,0,0,0,18574,0,140,55
2037,7568,7568,7578,6340,25181982,22526679,2655303,1186349,566141,902813,3011,174,2837,3052,212,2840,0,2037,22526679,3575539,2158573,0,3118894,6412509,7261164,0,566141,310914,68912,0,0,0,186315,0,4557,3288
2038,7568,7568,7578,6345,16423272,15336479,1086793,19125,270935,796733,4596,151,4445,4645,191,4454,0,2038,15336479,2363181,1585576,0,103084,4139520,7145118,0,270935,95695,117405,0,0,0,57835,0,2972,1700
2039,7568,7568,7578,7563,154728,125966,28762,0,7114,21648,7540,56,7484,7550,60,7490,0,2039,125966,64565,42470,0,18931,0,0,0,7114,2185,3642,0,0,0,1287,0,28,13
2040,7568,7568,7578,7578,0,0,0,0,0,0,7568,28,7540,7578,34,7544,0,2040,0,0,0,0,0,0,0,0,0,0,0,0,0,0,0,0,0,0
2041,7568,7568,7578,6324,20672766,19415957,1256809,111605,259112,886092,3827,181,3646,3871,217,3654,0,2041,19415957,3027453,2962023,0,899405,5111184,7415892,0,259112,101024,97242,0,0,0,60846,0,3741,2453
2042,7568,7568,7578,7578,1984,1312,672,0,100,572,7567,39,7528,7578,42,7536,3542,2042,1312,912,223,0,177,0,0,0,100,34,50,0,0,0,16,0,1,0
2043,7568,7568,7578,7417,1486494,1090143,396351,103652,105638,187061,7299,70,7229,7306,75,7231,0,2043,1090143,414058,156378,0,200045,319662,0,0,105638,57662,13887,0,0,0,34089,0,269,111
2044,7568,7568,7578,6363,14710394,13408416,1301978,221671,349185,731122,4832,141,4691,4882,184,4698,408994,2044,13408416,1676038,1302804,0,279719,3270903,6878952,0,349185,164801,85313,0,0,0,99071,0,2736,1481
2045,7568,7568,7578,6322,27243180,24489991,2753189,1180802,625933,946454,2638,187,2451,2679,223,2456,0,2045,24489991,5378462,3022330,0,2477886,6151213,7460100,0,625933,313554,123924,0,0,0,188455,0,4930,3643
2046,7568,7568,7578,6405,15003090,13471451,1531639,470530,398481,662628,4853,143,4710,4903,186,4717,0,2046,13471451,1814325,1217281,0,380957,3372428,6686460,0,398481,207472,66710,0,0,0,124299,0,2715,1502
2047,7568,7568,7578,6333,20368836,17709541,2659295,879914,589549,1189832,3882,162,3720,3927,201,3726,0,2047,17709541,3242397,2016984,0,358815,4785973,7305372,0,589549,328511,64074,0,0,0,196964,0,3686,2406
2048,7568,7568,7578,6325,16721929,14672759,2049170,708014,443266,897890,3228,178,3050,3270,213,3057,7285801,2048,14672759,3116764,1610359,0,736446,3867939,5341251,0,443266,234715,67880,0,0,0,140671,0,4340,3055
2049,7568,7568,7578,6745,7846920,7157579,689341,126312,163566,399463,6148,103,6045,6166,112,6054,0,2049,7157579,822103,392429,0,0,2235101,3707946,0,163566,91597,17511,0,0,0,54458,0,1420,579
2050,7568,7568,7578,7485,774378,554301,220077,16257,76157,127663,7419,52,7367,7426,57,7369,48996,2050,554301,276215,209717,0,50186,18183,0,0,76157,27000,32897,0,0,0,16260,0,149,59
2051,7568,7568,7578,7473,928368,593513,334855,90919,106155,137781,7400,89,7311,7410,88,7322,0,2051,593513,301991,128195,0,66223,97104,0,0,106155,49103,27673,0,0,0,29379,0,168,63
2052,7568,7568,7578,7510,401157,287314,113843,23463,26637,63743,7459,34,7425,7471,36,7435,201177,2052,287314,152302,59073,0,75939,0,0,0,26637,16175,886,0,0,0,9576,0,109,39
2053,7568,7568,7578,6300,19263961,16234559,3029402,1469888,741190,818324,3413,179,3234,3458,217,3241,3710308,2053,16234559,3138642,2231579,0,313778,4267645,6282915,0,741190,381346,130715,0,0,0,229129,0,4155,2842
2054,7568,7568,7578,6323,16372369,14128500,2243869,902510,525702,815657,3422,175,3247,3465,212,3253,6552415,2054,14128500,2517560,2209764,0,120793,3672552,5607831,0,525702,271604,91223,0,0,0,162875,0,4146,2858
2055,7568,7568,7578,7576,22104,13375,8729,492,2098,6139,7564,29,7535,7575,35,7540,0,2055,13375,9185,3970,0,220,0,0,0,2098,798,996,0,0,0,304,0,4,1
2056,7568,7568,7578,7578,0,0,0,0,0,0,7568,29,7539,7578,35,7543,0,2056,0,0,0,0,0,0,0,0,0,0,0,0,0,0,0,0,0,0
2057,7568,7568,7578,6592,10405458,9504431,901027,59707,236064,605256,5685,120,5565,5708,137,5571,0,2057,9504431,1300402,542539,0,62117,2443615,5155758,0,236064,105541,67013,0,0,0,63510,0,1883,884
2058,7568,7568,7578,6705,9974430,9055408,919022,257920,274736,386366,5763,126,5637,5789,144,5645,0,2058,9055408,1320853,909966,0,468456,2090061,4266072,0,274736,125001,74609,0,0,0,75126,0,1805,916
2059,7568,7568,7578,6465,5511919,5050704,461215,38274,144407,278534,5165,158,5007,5198,185,5013,7799512,2059,5050704,693717,453283,0,1485,1265017,2637202,0,144407,49319,65661,0,0,0,29427,0,2403,1267
2060,7568,7568,7578,7387,1696482,1410540,285942,14326,75366,196250,7261,70,7191,7271,74,7197,0,2060,1410540,392148,247225,0,98606,644931,27630,0,75366,34945,19484,0,0,0,20937,0,307,116
2061,7568,7568,7578,7155,4399731,3992017,407714,11350,119675,276689,6769,104,6665,6800,135,6665,15543,2061,3992017,734336,512220,0,72333,1700552,972576,0,119675,43744,49622,0,0,0,26309,0,799,355
2062,7568,7568,7578,7578,0,0,0,0,0,0,7568,25,7543,7578,31,7547,0,2062,0,0,0,0,0,0,0,0,0,0,0,0,0,0,0,0,0,0
2063,7568,7568,7578,7578,0,0,0,0,0,0,7568,19,7549,7578,26,7552,0,2063,0,0,0,0,0,0,0,0,0,0,0,0,0,0,0,0,0,0
2064,7568,7568,7578,6342,16887456,15310055,1577401,194182,466395,916824,4512,154,4358,4558,194,4364,0,2064,15310055,2275159,1203851,0,337230,4337645,7156170,0,466395,183096,172545,0,0,0,110754,0,3056,1784
2065,7568,7568,7578,7578,0,0,0,0,0,0,7568,32,7536,7578,36,7542,0,2065,0,0,0,0,0,0,0,0,0,0,0,0,0,0,0,0,0,0
2066,7568,7568,7578,7515,552600,375786,176814,9671,53224,113919,7468,48,7420,7478,52,7426,0,2066,375786,229620,131590,0,14576,0,0,0,53224,21378,18944,0,0,0,12902,0,100,37
2067,7568,7568,7578,7578,0,0,0,0,0,0,7568,9,7559,7578,12,7566,0,2067,0,0,0,0,0,0,0,0,0,0,0,0,0,0,0,0,0,0
2068,7568,7568,7578,7578,0,0,0,0,0,0,7568,25,7543,7578,26,7552,0,2068,0,0,0,0,0,0,0,0,0,0,0,0,0,0,0,0,0,0
2069,7568,7568,7578,7578,0,0,0,0,0,0,7568,25,7543,7578,29,7549,0,2069,0,0,0,0,0,0,0,0,0,0,0,0,0,0,0,0,0,0
2070,7568,7568,7578,7544,254294,167143,87151,18059,25059,44033,7515,40,7475,7524,46,7478,38584,2070,167143,85858,53733,0,27552,0,0,0,25059,12390,5362,0,0,0,7307,0,53,20
2071,7568,7568,7578,7576,6634,4748,1886,88,249,1549,7566,63,7503,7575,69,7506,4418,2071,4748,2542,1388,0,818,0,0,0,249,96,105,0,0,0,48,0,2,1
2072,7568,7568,7578,7448,547182,383377,163805,51404,40286,72115,7358,60,7298,7366,55,7311,613278,2072,383377,150124,102179,0,29380,101694,0,0,40286,24454,1511,0,0,0,14321,0,210,82
2073,7568,7568,7578,6331,10577051,9633670,943381,301032,224594,417755,4773,153,4620,4823,196,4627,4880075,2073,9633670,1196457,728429,0,275644,2553736,4879404,0,224594,131716,14436,0,0,0,78442,0,2795,1508
2074,7568,7568,7578,7576,1966,1230,736,122,66,548,7566,33,7533,7575,36,7539,9086,2074,1230,810,420,0,0,0,0,0,66,30,22,0,0,0,14,0,2,1
2075,7568,7568,7578,7578,0,0,0,0,0,0,7568,25,7543,7578,28,7550,0,2075,0,0,0,0,0,0,0,0,0,0,0,0,0,0,0,0,0,0
2076,7568,7568,7578,7578,0,0,0,0,0,0,7568,43,7525,7578,46,7532,0,2076,0,0,0,0,0,0,0,0,0,0,0,0,0,0,0,0,0,0
2077,7568,7568,7578,7578,0,0,0,0,0,0,7568,14,7554,7578,20,7558,0,2077,0,0,0,0,0,0,0,0,0,0,0,0,0,0,0,0,0,0
2078,7568,7568,7578,7578,0,0,0,0,0,0,7568,33,7535,7578,35,7543,0,2078,0,0,0,0,0,0,0,0,0,0,0,0,0,0,0,0,0,0
2079,7568,7568,7578,7578,0,0,0,0,0,0,7568,7,7561,7578,10,7568,0,2079,0,0,0,0,0,0,0,0,0,0,0,0,0,0,0,0,0,0
2080,7568,7568,7578,7578,0,0,0,0,0,0,7568,24,7544,7578,28,7550,0,2080,0,0,0,0,0,0,0,0,0,0,0,0,0,0,0,0,0,0
2081,7568,7568,7578,7578,0,0,0,0,0,0,7568,10,7558,7578,12,7566,0,2081,0,0,0,0,0,0,0,0,0,0,0,0,0,0,0,0,0,0
2082,7568,7568,7578,7578,0,0,0,0,0,0,7568,26,7542,7578,31,7547,0,2082,0,0,0,0,0,0,0,0,0,0,0,0,0,0,0,0,0,0
2083,7568,7568,7578,7578,0,0,0,0,0,0,7568,12,7556,7578,15,7563,0,2083,0,0,0,0,0,0,0,0,0,0,0,0,0,0,0,0,0,0
2084,7568,7568,7578,7578,0,0,0,0,0,0,7568,1,7567,7578,3,7575,0,2084,0,0,0,0,0,0,0,0,0,0,0,0,0,0,0,0,0,0
2085,7568,7568,7578,7578,0,0,0,0,0,0,7568,6,7562,7578,3,7575,0,2085,0,0,0,0,0,0,0,0,0,0,0,0,0,0,0,0,0,0
2086,7568,7568,7578,7578,0,0,0,0,0,0,7568,13,7555,7578,16,7562,0,2086,0,0,0,0,0,0,0,0,0,0,0,0,0,0,0,0,0,0
2087,7568,7568,7578,7578,0,0,0,0,0,0,7568,5,7563,7578,9,7569,0,2087,0,0,0,0,0,0,0,0,0,0,0,0,0,0,0,0,0,0
2088,7568,7568,7578,7578,0,0,0,0,0,0,7568,5,7563,7578,8,7570,0,2088,0,0,0,0,0,0,0,0,0,0,0,0,0,0,0,0,0,0
2089,7568,7568,7578,7578,0,0,0,0,0,0,7568,33,7535,7578,38,7540,0,2089,0,0,0,0,0,0,0,0,0,0,0,0,0,0,0,0,0,0
2090,7568,7568,7578,7578,0,0,0,0,0,0,7568,5,7563,7578,9,7569,0,2090,0,0,0,0,0,0,0,0,0,0,0,0,0,0,0,0,0,0
2091,7568,7568,7578,7578,0,0,0,0,0,0,7568,0,7568,7578,0,7578,0,2091,0,0,0,0,0,0,0,0,0,0,0,0,0,0,0,0,0,0
2092,7568,7568,7578,7578,0,0,0,0,0,0,7568,19,7549,7578,23,7555,0,2092,0,0,0,0,0,0,0,0,0,0,0,0,0,0,0,0,0,0
2093,7568,7568,7578,7578,0,0,0,0,0,0,7568,4,7564,7578,8,7570,0,2093,0,0,0,0,0,0,0,0,0,0,0,0,0,0,0,0,0,0
2094,7568,7568,7578,7578,0,0,0,0,0,0,7568,5,7563,7578,9,7569,0,2094,0,0,0,0,0,0,0,0,0,0,0,0,0,0,0,0,0,0
2095,7568,7568,7578,7578,0,0,0,0,0,0,7568,2,7566,7578,3,7575,0,2095,0,0,0,0,0,0,0,0,0,0,0,0,0,0,0,0,0,0
2096,7568,7568,7578,7578,0,0,0,0,0,0,7568,0,7568,7578,0,7578,0,2096,0,0,0,0,0,0,0,0,0,0,0,0,0,0,0,0,0,0
2097,7568,7568,7578,7578,0,0,0,0,0,0,7568,21,7547,7578,26,7552,0,2097,0,0,0,0,0,0,0,0,0,0,0,0,0,0,0,0,0,0
2098,7568,7568,7578,7578,0,0,0,0,0,0,7568,7,7561,7578,10,7568,0,2098,0,0,0,0,0,0,0,0,0,0,0,0,0,0,0,0,0,0
2099,7568,7568,7578,7578,0,0,0,0,0,0,7568,6,7562,7578,10,7568,0,2099,0,0,0,0,0,0,0,0,0,0,0,0,0,0,0,0,0,0
