"Year","AFem","AFemDeath","AMal","AMalDeath","Eggs","EggsDeath","FryGrad","FryExit","FryDeath","FryInStr","allMortAF","baseMortAF","tempMortAF","allMortAM","baseMortAM","tempMortAM","InVivo"
2010,7568,7568,7578,6325,20683818,18023245,2660573,1029245,571098,1060230,3825,158,3667,3869,193,3676,0
2011,7568,7568,7578,6340,10841896,9690968,1150928,413436,252679,484813,4443,144,4299,4491,182,4309,6452822
2012,7568,7568,7578,6309,40555314,32781088,7774226,4047230,1347306,2379690,229,185,44,270,226,44,0
2013,7568,7568,7578,6322,40732146,32729986,8002160,3960987,1558274,2482899,197,190,7,233,226,7,0
2014,7568,7568,7578,7376,1878840,1455458,423382,33658,101495,288229,7228,81,7147,7227,74,7153,0
2015,7568,7568,7578,6322,24798854,21497252,3301602,1181435,688082,1432085,2357,191,2166,2398,228,2170,4000974
2016,7568,7568,7578,6324,19457046,17477577,1979469,408947,655431,915091,4047,162,3885,4092,199,3893,0
2017,7568,7568,7578,7536,276870,160752,116118,11212,32651,72255,7502,38,7464,7512,40,7472,87846
2018,7568,7568,7578,6352,22004532,18291367,3713165,1501384,1034675,1177106,3586,178,3408,3627,212,3415,0
2019,7568,7568,7578,6832,7139592,6589202,550390,25919,142701,381770,6276,93,6183,6302,112,6190,0
2020,7568,7568,7578,6322,38991456,33492346,5499110,2666472,984615,1848023,512,192,320,549,228,321,0
2021,7568,7568,7578,6328,18572788,16583982,1988806,263589,535346,1189871,4207,158,4049,4250,195,4055,98
2022,7568,7568,7578,6448,12910645,11669089,1241556,119803,368291,753462,5162,138,5024,5208,179,5029,386297
2023,7568,7568,7578,7578,0,0,0,0,0,0,7568,45,7523,7578,49,7529,0
2024,7568,7568,7578,7378,1851210,1567237,283973,2340,65084,216549,7233,64,7169,7234,62,7172,0
2025,7568,7568,7578,7190,4017402,3506950,510452,62571,115933,331948,6841,73,6768,6873,102,6771,0
2026,7568,7568,7578,6730,36224256,29290983,6933273,3170388,1882215,1880670,918,189,729,958,227,731,523794
2027,7568,7568,7578,7388,1690956,1347306,343650,12118,91908,239624,7262,47,7215,7262,40,7222,0
2028,7568,7568,7578,7562,133750,70087,63663,26889,18940,17834,7543,32,7511,7553,36,7517,4400
2029,7568,7568,7578,6803,4461679,4177393,284286,13206,54869,216211,6232,111,6121,6249,120,6129,2936352
2030,7568,7568,7578,6528,11947212,11152041,795171,51197,252618,491356,5406,128,5278,5435,147,5288,0
2031,7568,7568,7578,7567,99468,66146,33322,1425,13403,18494,7550,26,7524,7560,31,7529,0
2032,7568,7568,7578,7578,0,0,0,0,0,0,7568,40,7528,7578,44,7534,0
2033,7568,7568,7578,6383,8523864,7736757,787107,98398,180363,508346,4940,159,4781,4987,195,4792,6025296
2034,7568,7568,7578,6318,33118250,28191802,4926448,1924887,1387572,1613989,1052,193,859,1089,229,860,2895189
2035,7568,7568,7578,7560,132216,78334,53882,2997,13614,37271,7540,46,7494,7549,50,7499,22512
2036,7568,7568,7578,7491,650955,412689,238266,23677,69011,145578,7428,57,7371,7436,63,7373,122685
2037,7568,7568,7578,6340,25181982,22526679,2655303,1186349,566141,902813,3011,174,2837,3052,212,2840,0
2038,7568,7568,7578,6345,16423272,15336479,1086793,19125,270935,796733,4596,151,4445,4645,191,4454,0
2039,7568,7568,7578,7563,154728,125966,28762,0,7114,21648,7540,56,7484,7550,60,7490,0
2040,7568,7568,7578,7578,0,0,0,0,0,0,7568,28,7540,7578,34,7544,0
2041,7568,7568,7578,6324,20672766,19415957,1256809,111605,259112,886092,3827,181,3646,3871,217,3654,0
2042,7568,7568,7578,7578,1984,1312,672,0,100,572,7567,39,7528,7578,42,7536,3542
2043,7568,7568,7578,7417,1486494,1090143,396351,103652,105638,187061,7299,70,7229,7306,75,7231,0
2044,7568,7568,7578,6363,14710394,13408416,1301978,221671,349185,731122,4832,141,4691,4882,184,4698,408994
2045,7568,7568,7578,6322,27243180,24489991,2753189,1180802,625933,946454,2638,187,2451,2679,223,2456,0
2046,7568,7568,7578,6405,15003090,13471451,1531639,470530,398481,662628,4853,143,4710,4903,186,4717,0
2047,7568,7568,7578,6333,20368836,17709541,2659295,879914,589549,1189832,3882,162,3720,3927,201,3726,0
2048,7568,7568,7578,6325,16721929,14672759,2049170,708014,443266,897890,3228,178,3050,3270,213,3057,7285801
2049,7568,7568,7578,6745,7846920,7157579,689341,126312,163566,399463,6148,103,6045,6166,112,6054,0
2050,7568,7568,7578,7485,774378,554301,220077,16257,76157,127663,7419,52,7367,7426,57,7369,48996
2051,7568,7568,7578,7473,928368,593513,334855,90919,106155,137781,7400,89,7311,7410,88,7322,0
2052,7568,7568,7578,7510,401157,287314,113843,23463,26637,63743,7459,34,7425,7471,36,7435,201177
2053,7568,7568,7578,6300,19263961,16234559,3029402,1469888,741190,818324,3413,179,3234,3458,217,3241,3710308
2054,7568,7568,7578,6323,16372369,14128500,2243869,902510,525702,815657,3422,175,3247,3465,212,3253,6552415
2055,7568,7568,7578,7576,22104,13375,8729,492,2098,6139,7564,29,7535,7575,35,7540,0
2056,7568,7568,7578,7578,0,0,0,0,0,0,7568,29,7539,7578,35,7543,0
2057,7568,7568,7578,6592,10405458,9504431,901027,59707,236064,605256,5685,120,5565,5708,137,5571,0
2058,7568,7568,7578,6705,9974430,9055408,919022,257920,274736,386366,5763,126,5637,5789,144,5645,0
2059,7568,7568,7578,6465,5511919,5050704,461215,38274,144407,278534,5165,158,5007,5198,185,5013,7799512
2060,7568,7568,7578,7387,1696482,1410540,285942,14326,75366,196250,7261,70,7191,7271,74,7197,0
2061,7568,7568,7578,7155,4399731,3992017,407714,11350,119675,276689,6769,104,6665,6800,135,6665,15543
2062,7568,7568,7578,7578,0,0,0,0,0,0,7568,25,7543,7578,31,7547,0
2063,7568,7568,7578,7578,0,0,0,0,0,0,7568,19,7549,7578,26,7552,0
2064,7568,7568,7578,6342,16887456,15310055,1577401,194182,466395,916824,4512,154,4358,4558,194,4364,0
2065,7568,7568,7578,7578,0,0,0,0,0,0,7568,32,7536,7578,36,7542,0
2066,7568,7568,7578,7515,552600,375786,176814,9671,53224,113919,7468,48,7420,7478,52,7426,0
2067,7568,7568,7578,7578,0,0,0,0,0,0,7568,9,7559,7578,12,7566,0
2068,7568,7568,7578,7578,0,0,0,0,0,0,7568,25,7543,7578,26,7552,0
2069,7568,7568,7578,7578,0,0,0,0,0,0,7568,25,7543,7578,29,7549,0
2070,7568,7568,7578,7544,254294,167143,87151,18059,25059,44033,7515,40,7475,7524,46,7478,38584
2071,7568,7568,7578,7576,6634,4748,1886,88,249,1549,7566,63,7503,7575,69,7506,4418
2072,7568,7568,7578,7448,547182,383377,163805,51404,40286,72115,7358,60,7298,7366,55,7311,613278
2073,7568,7568,7578,6331,10577051,9633670,943381,301032,224594,417755,4773,153,4620,4823,196,4627,4880075
2074,7568,7568,7578,7576,1966,1230,736,122,66,548,7566,33,7533,7575,36,7539,9086
2075,7568,7568,7578,7578,0,0,0,0,0,0,7568,25,7543,7578,28,7550,0
2076,7568,7568,7578,7578,0,0,0,0,0,0,7568,43,7525,7578,46,7532,0
2077,7568,7568,7578,7578,0,0,0,0,0,0,7568,14,7554,7578,20,7558,0
2078,7568,7568,7578,7578,0,0,0,0,0,0,7568,33,7535,7578,35,7543,0
2079,7568,7568,7578,7578,0,0,0,0,0,0,7568,7,7561,7578,10,7568,0
2080,7568,7568,7578,7578,0,0,0,0,0,0,7568,24,7544,7578,28,7550,0
2081,7568,7568,7578,7578,0,0,0,0,0,0,7568,10,7558,7578,12,7566,0
2082,7568,7568,7578,7578,0,0,0,0,0,0,7568,26,7542,7578,31,7547,0
2083,7568,7568,7578,7578,0,0,0,0,0,0,7568,12,7556,7578,15,7563,0
2084,7568,7568,7578,7578,0,0,0,0,0,0,7568,1,7567,7578,3,7575,0
2085,7568,7568,7578,7578,0,0,0,0,0,0,7568,6,7562,7578,3,7575,0
2086,7568,7568,7578,7578,0,0,0,0,0,0,7568,13,7555,7578,16,7562,0
2087,7568,7568,7578,7578,0,0,0,0,0,0,7568,5,7563,7578,9,7569,0
2088,7568,7568,7578,7578,0,0,0,0,0,0,7568,5,7563,7578,8,7570,0
2089,7568,7568,7578,7578,0,0,0,0,0,0,7568,33,7535,7578,38,7540,0
2090,7568,7568,7578,7578,0,0,0,0,0,0,7568,5,7563,7578,9,7569,0
2091,7568,7568,7578,7578,0,0,0,0,0,0,7568,0,7568,7578,0,7578,0
2092,7568,7568,7578,7578,0,0,0,0,0,0,7568,19,7549,7578,23,7555,0
2093,7568,7568,7578,7578,0,0,0,0,0,0,7568,4,7564,7578,8,7570,0
2094,7568,7568,7578,7578,0,0,0,0,0,0,7568,5,7563,7578,9,7569,0
2095,7568,7568,7578,7578,0,0,0,0,0,0,7568,2,7566,7578,3,7575,0
2096,7568,7568,7578,7578,0,0,0,0,0,0,7568,0,7568,7578,0,7578,0
2097,7568,7568,7578,7578,0,0,0,0,0,0,7568,21,7547,7578,26,7552,0
2098,7568,7568,7578,7578,0,0,0,0,0,0,7568,7,7561,7578,10,7568,0
2099,7568,7568,7578,7578,0,0,0,0,0,0,7568,6,7562,7578,10,7568,0
