"Year","AFem","AFemDeath","AMal","AMalDeath","Eggs","EggsDeath","FryGrad","FryExit","FryDeath","FryInStr","allMortAF","baseMortAF","tempMortAF","allMortAM","baseMortAM","tempMortAM","InVivo","Year","allMortEgg","baseMortEgg","tempMortEgg","denMortEgg","incMortEgg","superMortEgg","lostMortEgg","catMortEgg","allMortFry","baseMortFry","tempMortFry","denMortFry","habMortFry","freshMortFry","seasMortFry","catMortFry","allMortSF","allMortSM"
2010,7568,7568,7578,6310,25689317,20896191,4793126,2216306,916153,1660667,598,190,408,641,231,410,12858952,2010,20896191,6957549,2230846,0,1245223,5358769,5103804,0,916153,477443,151751,0,0,0,286959,0,6970,5669
2011,7568,7568,7578,6322,30696930,25380445,5316485,2480609,1077621,1758255,2013,198,1815,2053,233,1820,0,2011,25380445,6839196,2335087,0,2027026,6735614,7443522,0,1077621,593686,127328,0,0,0,356607,0,5555,4269
2012,7568,7568,7578,6322,31730292,26441372,5288920,2389599,1144777,1754544,1826,197,1629,1868,233,1635,0,2012,26441372,7213842,5315255,0,266990,6174133,7471152,0,1144777,542192,275760,0,0,0,326825,0,5742,4454
2013,7568,7568,7578,6331,23788462,21813340,1975122,285707,283637,1405778,2985,178,2807,3027,215,2812,1539662,2013,21813340,4834416,4134789,0,224093,5478242,7141800,0,283637,151503,41415,0,0,0,90719,0,4583,3304
2014,7568,7568,7578,6324,22178046,20149349,2028697,466980,317263,1244454,2274,183,2091,2316,219,2097,7096613,2014,20149349,4400436,3119873,0,1237067,5354165,6037808,0,317263,163130,56226,0,0,0,97907,0,5294,4008
2015,7568,7568,7578,6322,28469952,25511816,2958136,692214,604508,1661414,2416,195,2221,2457,231,2226,0,2015,25511816,6456320,3427023,0,1221830,6957595,7449048,0,604508,268496,174087,0,0,0,161925,0,5152,3865
2016,7568,7568,7578,6339,17949313,15701735,2247578,474844,501092,1271642,3737,157,3580,3783,199,3584,3231237,2016,15701735,3561803,1515335,0,13283,4350554,6260760,0,501092,222509,144466,0,0,0,134117,0,3831,2556
2017,7568,7568,7578,6876,6251253,5801821,449432,20902,82422,346108,6220,106,6114,6245,122,6123,1203948,2017,5801821,766805,349859,0,272568,1708035,2704554,0,82422,49442,3614,0,0,0,29366,0,1348,631
2018,7568,7568,7578,6268,24767532,22081672,2685860,584503,539281,1562076,3086,156,2930,3135,201,2934,0,2018,22081672,5170814,2621326,0,1095476,5772638,7421418,0,539281,260608,121952,0,0,0,156721,0,4482,3133
2019,7568,7568,7578,6310,26966880,23186715,3780165,1123536,776077,1880552,2688,183,2505,2733,222,2511,0,2019,23186715,5897796,2832138,0,445461,6545694,7465626,0,776077,379136,168611,0,0,0,228330,0,4880,3577
2020,7568,7568,7578,6510,13063464,12361308,702156,93248,144627,464281,5204,114,5090,5232,134,5098,0,2020,12361308,1667811,767722,0,960704,3140667,5824404,0,144627,84232,10319,0,0,0,50076,0,2364,1278
2021,7568,7568,7578,6322,7509193,6299238,1209955,584770,240013,385172,503,195,308,538,231,307,31605817,2021,6299238,1663875,1145031,0,368481,1499107,1622744,0,240013,127212,37327,0,0,0,75474,0,7065,5784
2022,7568,7568,7578,6336,25198560,21346288,3852272,1182432,753004,1916836,3008,186,2822,3051,224,2827,0,2022,21346288,5738717,2391683,0,93287,5839333,7283268,0,753004,378228,147059,0,0,0,227717,0,4560,3285
2023,7568,7568,7578,6323,36207918,30613813,5594105,2006509,971362,2616234,926,205,721,964,241,723,495824,2023,30613813,9446887,4688401,0,878082,7936831,7663612,0,971362,506138,160868,0,0,0,304356,0,6642,5359
2024,7568,7568,7578,6327,23706540,19015718,4690822,2746402,960251,984169,3278,168,3110,3321,205,3116,0,2024,19015718,4207218,1470302,0,235041,5742525,7360632,0,960251,596150,7019,0,0,0,357082,0,4290,3006
2025,7568,7568,7578,6313,24286772,21174574,3112198,963020,642613,1506565,1311,195,1116,1351,232,1119,10319254,2025,21174574,5909493,3906210,0,844309,5277290,5237272,0,642613,275452,200781,0,0,0,166380,0,6257,4962
2026,7568,7568,7578,7574,27630,17222,10408,352,1813,8243,7563,58,7505,7571,60,7511,0,2026,17222,12039,4969,0,214,0,0,0,1813,1024,429,0,0,0,360,0,5,3
2027,7568,7568,7578,6345,20871702,18348941,2522761,808767,530731,1183263,3791,153,3638,3838,194,3644,0,2027,18348941,3615742,1699355,0,1003974,4846070,7183800,0,530731,284045,76230,0,0,0,170456,0,3777,2507
2028,7568,7568,7578,6288,23704546,21480061,2224485,1373292,433480,417713,821,193,628,867,238,629,13613840,2028,21480061,4135672,2523519,0,5418152,4480934,4921784,0,433480,261200,16225,0,0,0,156055,0,6747,5421
2029,7568,7568,7578,6324,19149756,16349149,2800607,1224713,675798,900096,3799,179,3620,3844,216,3628,1681354,2029,16349149,2962935,2283095,0,265018,4191161,6646940,0,675798,357064,104584,0,0,0,214150,0,3769,2480
2030,7568,7568,7578,6266,23877688,18978627,4899061,3128315,1090947,679799,642,187,455,690,231,459,14434318,2030,18978627,5134359,3354759,0,1861263,4105473,4522773,0,1090947,547560,213931,0,0,0,329456,0,6926,5576
2031,7568,7568,7578,6323,30492468,24657710,5834758,3060995,1219537,1554226,2050,186,1864,2091,223,1868,0,2031,24657710,6468891,3649059,0,693652,6386008,7460100,0,1219537,654009,172483,0,0,0,393045,0,5518,4232
2032,7568,7568,7578,6325,23457870,20864067,2593803,562601,443086,1588116,3323,169,3154,3367,210,3157,0,2032,20864067,4508076,2655991,0,558366,5720216,7421418,0,443086,264527,20236,0,0,0,158323,0,4245,2958
2033,7568,7568,7578,6320,28747095,25087422,3659673,1594992,688282,1376399,2321,188,2133,2362,225,2137,247927,2033,25087422,6197651,2899292,0,2108876,6438081,7443522,0,688282,408708,34789,0,0,0,244785,0,5247,3958
2034,7568,7568,7578,6312,20182107,17172424,3009683,1355684,519189,1134810,850,190,660,892,230,662,16985464,2034,17172424,5066415,2963510,0,1121806,3805218,4215475,0,519189,320600,6983,0,0,0,191606,0,6718,5420
2035,7568,7568,7578,6291,14501511,12165081,2336430,876522,433822,1026086,2213,179,2034,2261,225,2036,15137466,2035,12165081,3310973,1263178,0,552310,3310595,3728025,0,433822,248500,36553,0,0,0,148769,0,5355,4030
2036,7568,7568,7578,6311,13133841,11453231,1680610,553662,290532,836416,2764,180,2584,2806,218,2588,13455971,2036,11453231,2752254,1110944,0,618439,3124384,3847210,0,290532,182040,0,0,0,0,108492,0,4804,3505
2037,7568,7568,7578,6294,27303966,23417551,3886415,1095951,696354,2094110,2627,191,2436,2675,233,2442,0,2037,23417551,6138500,2919314,0,537069,6357042,7465626,0,696354,376522,93754,0,0,0,226078,0,4941,3619
2038,7568,7568,7578,7342,2331972,1966734,365238,2067,90670,272501,7146,72,7074,7148,68,7080,0,2038,1966734,596592,217523,0,119913,944290,88416,0,90670,36716,31920,0,0,0,22034,0,422,194
2039,7568,7568,7578,6360,17305565,16259358,1046207,88713,197844,759650,4433,167,4266,4479,206,4273,18445,2039,16259358,2282078,1344035,0,965686,4489285,7178274,0,197844,95803,44597,0,0,0,57444,0,3135,1881
2040,7568,7568,7578,6646,7004973,6363020,641953,54695,137144,450114,5740,134,5606,5766,154,5612,3113385,2040,6363020,893741,572381,0,9627,1605349,3281922,0,137144,77022,14305,0,0,0,45817,0,1828,880
2041,7568,7568,7578,6491,14987182,13246519,1740663,709722,335323,695618,3669,189,3480,3697,213,3484,6578313,2041,13246519,3426919,1303358,0,1491291,2867227,4157724,0,335323,199846,16043,0,0,0,119434,0,3899,2794
2042,7568,7568,7578,6277,35324782,29387132,5937650,2558780,1356681,2022189,1152,186,966,1199,230,969,130034,2042,29387132,8483976,5396310,0,1052118,6978050,7476678,0,1356681,584303,419264,0,0,0,353114,0,6416,5078
2043,7568,7568,7578,6717,4587008,4272048,314960,6535,77785,230640,5970,92,5878,5988,104,5884,4263388,2043,4272048,542786,280697,0,44754,1243311,2160500,0,77785,31510,27477,0,0,0,18798,0,1598,729
2044,7568,7568,7578,6361,13629441,12737424,892017,312442,222052,357523,4566,156,4410,4613,198,4415,2971264,2044,12737424,1561947,975224,0,984656,3202379,6013218,0,222052,121816,27742,0,0,0,72494,0,3002,1748
2045,7568,7568,7578,6292,12278106,10764722,1513384,493171,317717,702496,1850,192,1658,1898,235,1663,19379625,2045,10764722,2858181,1473509,0,701553,2742724,2988755,0,317717,150110,77550,0,0,0,90057,0,5718,4394
2046,7568,7568,7578,6324,31100328,25238964,5861364,2544026,1157119,2160219,1940,190,1750,1979,229,1750,0,2046,25238964,7478401,1895822,0,1405498,7026773,7432470,0,1157119,626861,153584,0,0,0,376674,0,5628,4345
2047,7568,7568,7578,6327,20589876,17447995,3141881,1191235,798304,1152342,3842,175,3667,3885,212,3673,0,2047,17447995,3420042,1293584,0,280181,5093556,7360632,0,798304,395410,165140,0,0,0,237754,0,3726,2442
2048,7568,7568,7578,6348,18221750,16185830,2035920,684049,421644,930227,4221,164,4057,4269,205,4064,273772,2048,16185830,2638928,1514535,0,805071,4242432,6984864,0,421644,263996,0,0,0,0,157648,0,3347,2079
2049,7568,7568,7578,6291,27308364,22421524,4886840,2545905,1257679,1083256,2374,187,2187,2422,229,2193,1398985,2049,22421524,5243448,3187027,0,1122235,5858603,7010211,0,1257679,576981,332465,0,0,0,348233,0,5194,3869
2050,7568,7568,7578,7573,28035,19320,8715,1072,1969,5674,7559,37,7522,7570,42,7528,21699,2050,19320,10320,7397,0,1603,0,0,0,1969,799,875,0,0,0,295,0,9,3
2051,7568,7568,7578,7566,110520,69960,40560,2105,8860,29595,7548,34,7514,7559,39,7520,0,2051,69960,48483,18090,0,3387,0,0,0,8860,4971,1030,0,0,0,2859,0,20,7
2052,7568,7568,7578,7576,11052,7992,3060,6,567,2487,7566,67,7499,7575,71,7504,0,2052,7992,4678,2774,0,540,0,0,0,567,184,301,0,0,0,82,0,2,1
2053,7568,7568,7578,7463,869896,645946,223950,3278,57097,163575,7382,45,7337,7391,51,7340,157940,2053,645946,335402,170321,0,20474,119749,0,0,57097,23876,18968,0,0,0,14253,0,186,72
2054,7568,7568,7578,6342,21999006,18998425,3000581,1215777,729730,1055074,3587,171,3416,3631,208,3423,0,2054,18998425,4041758,1505327,0,1090588,5160374,7200378,0,729730,362320,149494,0,0,0,217916,0,3981,2711
2055,7568,7568,7578,6323,15587640,13124502,2463138,1070093,553393,839652,1284,197,1087,1321,233,1088,19192896,2055,13124502,3825717,2769960,0,255244,2949881,3323700,0,553393,236275,174768,0,0,0,142350,0,6284,5002
2056,7568,7568,7578,7480,895212,606920,288292,26282,67509,194501,7406,50,7356,7416,52,7364,0,2056,606920,359525,102268,0,75143,69984,0,0,67509,37779,7387,0,0,0,22343,0,162,64
2057,7568,7568,7578,6312,15970509,14095855,1874654,1249585,389011,236058,2150,194,1956,2192,231,1961,14013164,2057,14095855,2742582,1422061,0,2285421,3465384,4180407,0,389011,237763,9310,0,0,0,141938,0,5418,4120
2058,7568,7568,7578,6457,4804002,4361615,442387,57404,90868,294115,5350,135,5215,5394,174,5220,7489967,2058,4361615,581090,293319,0,0,1078926,2408280,0,90868,54307,4594,0,0,0,31967,0,2218,1063
2059,7568,7568,7578,6323,26618667,22623265,3995402,1246286,890030,1859086,2751,183,2568,2792,219,2573,75,2059,22623265,5864313,2563244,0,463781,6299457,7432470,0,890030,405770,239475,0,0,0,244785,0,4817,3531
2060,7568,7568,7578,6634,8674287,7853354,820933,179857,177939,463137,5773,111,5662,5801,132,5669,1251663,2060,7853354,980634,516310,0,95869,2018541,4242000,0,177939,111547,0,0,0,0,66392,0,1795,833
2061,7568,7568,7578,6313,16212262,15085291,1126971,602301,246738,277932,2522,191,2331,2561,226,2335,11711921,2061,15085291,2458384,1666121,0,3135293,3567643,4257850,0,246738,138842,25265,0,0,0,82631,0,5046,3752
2062,7568,7568,7578,6323,11612073,10280767,1331306,395879,311141,624286,3170,168,3002,3214,205,3009,12712415,2062,10280767,2116832,2011048,0,192627,2553871,3406389,0,311141,136786,92399,0,0,0,81956,0,4398,3109
2063,7568,7568,7578,6595,11273459,10242666,1030793,207921,261743,561129,5526,132,5394,5549,148,5401,10633,2063,10242666,1392934,822748,0,539487,2353843,5133654,0,261743,131323,51739,0,0,0,78681,0,2042,1046
2064,7568,7568,7578,6325,13844578,11996885,1847693,571642,430483,845568,3791,161,3630,3835,199,3636,7057843,2064,11996885,2244544,1532174,0,191461,3217268,4811438,0,430483,223617,72948,0,0,0,133918,0,3777,2490
2065,7568,7568,7578,6508,14146206,12415807,1730399,264165,363883,1102351,4826,154,4672,4853,172,4681,1009397,2065,12415807,2523860,1047744,0,29736,3338667,5475800,0,363883,191543,57497,0,0,0,114843,0,2742,1655
2066,7568,7568,7578,6324,13657122,12169083,1488039,795994,270835,421210,2308,180,2128,2349,218,2131,15450733,2066,12169083,2433449,1224722,0,1178806,3288589,4043517,0,270835,169716,0,0,0,0,101119,0,5260,3975
2067,7568,7568,7578,6275,8302852,7396649,906203,309371,233054,363778,3900,169,3731,3951,212,3739,11990364,2067,7396649,1121046,1369142,0,69111,2014722,2822628,0,233054,110511,56504,0,0,0,66039,0,3668,2324
2068,7568,7568,7578,6375,15439644,14279648,1159996,38683,234568,886745,4774,144,4630,4825,187,4638,0,2068,14279648,2219731,1168741,0,201040,3766058,6924078,0,234568,115196,50263,0,0,0,69109,0,2794,1550
2069,7568,7568,7578,6533,10631687,9639232,992455,110550,215943,665962,5323,104,5219,5345,122,5223,1782477,2069,9639232,1383429,502115,0,376194,2462334,4915160,0,215943,116206,30329,0,0,0,69408,0,2245,1188
2070,7568,7568,7578,6550,11532762,10414507,1118255,146888,361206,610161,5481,129,5352,5503,143,5360,0,2070,10414507,1474285,869957,0,141213,2474890,5454162,0,361206,134097,146060,0,0,0,81049,0,2087,1047
2071,7568,7568,7578,7578,0,0,0,0,0,0,7568,44,7524,7578,50,7528,0,2071,0,0,0,0,0,0,0,0,0,0,0,0,0,0,0,0,0,0
2072,7568,7568,7578,6815,7841394,7108048,733346,126071,186514,420761,6149,130,6019,6171,147,6024,0,2072,7108048,987808,428570,0,115278,2216584,3359808,0,186514,97568,30749,0,0,0,58197,0,1419,644
2073,7568,7568,7578,6357,17333471,15333997,1999474,485656,560611,953207,4388,159,4229,4433,197,4236,239259,2073,15333997,2544381,1516519,0,166790,4091708,7014599,0,560611,248885,161750,0,0,0,149976,0,3180,1924
2074,7568,7568,7578,6969,38682,38682,0,0,0,0,6523,62,6461,6548,78,6470,5769144,2074,38682,2896,15043,0,0,20743,0,0,0,0,0,0,0,0,0,0,1045,421
2075,7568,7568,7578,6601,6648876,5941671,707205,151151,165489,390565,5614,114,5500,5638,132,5506,4170028,2075,5941671,857062,399723,0,93913,1451669,3139304,0,165489,93962,15678,0,0,0,55849,0,1954,963
2076,7568,7568,7578,6325,14336012,12839027,1496985,455776,332587,708622,4872,157,4715,4923,200,4723,563666,2076,12839027,1688240,1060547,0,118172,3256968,6715100,0,332587,207445,1413,0,0,0,123729,0,2696,1402
2077,7568,7568,7578,6307,31127958,27005981,4121977,1540634,995564,1585779,1935,188,1747,1981,230,1751,0,2077,27005981,6408130,5432086,0,1388921,6300166,7476678,0,995564,429568,306457,0,0,0,259539,0,5633,4326
2078,7568,7568,7578,7576,13866,7918,5948,92,1459,4397,7565,31,7534,7575,35,7540,2712,2078,7918,6304,1614,0,0,0,0,0,1459,450,803,0,0,0,206,0,3,1
2079,7568,7568,7578,7578,8792,5196,3596,1162,894,1540,7566,10,7556,7578,12,7566,2260,2079,5196,3108,1254,0,834,0,0,0,894,218,562,0,0,0,114,0,2,0
2080,7568,7568,7578,7355,2041422,1671071,370351,52219,94287,223845,7198,65,7133,7199,59,7140,3198,2080,1671071,500797,183133,0,90252,753213,143676,0,94287,50545,13881,0,0,0,29861,0,370,156
2081,7568,7568,7578,6324,1908098,1689973,218125,132311,51306,34508,3131,175,2956,3176,212,2964,22678831,2081,1689973,300642,377065,0,112704,470565,428997,0,51306,26146,10202,0,0,0,14958,0,4437,3148
2082,7568,7568,7578,6455,8137706,7453170,684536,53788,217649,413099,5012,134,4878,5059,176,4883,6003614,2082,7453170,1136884,852497,0,65183,1885562,3513044,0,217649,72075,102016,0,0,0,43558,0,2556,1396
2083,7568,7568,7578,7384,1713060,1533574,179486,545,38480,140461,7258,65,7193,7260,58,7202,0,2083,1533574,399346,303799,0,146692,678211,5526,0,38480,16726,11791,0,0,0,9963,0,310,124
2084,7568,7568,7578,7578,0,0,0,0,0,0,7568,10,7558,7578,12,7566,0,2084,0,0,0,0,0,0,0,0,0,0,0,0,0,0,0,0,0,0
2085,7568,7568,7578,7578,0,0,0,0,0,0,7568,62,7506,7578,65,7513,0,2085,0,0,0,0,0,0,0,0,0,0,0,0,0,0,0,0,0,0
2086,7568,7568,7578,7462,1044414,789377,255037,19499,73591,161947,7379,42,7337,7391,47,7344,0,2086,789377,335779,202813,0,119857,130928,0,0,73591,32126,22276,0,0,0,19189,0,189,71
2087,7568,7568,7578,7578,0,0,0,0,0,0,7568,43,7525,7578,47,7531,0,2087,0,0,0,0,0,0,0,0,0,0,0,0,0,0,0,0,0,0
2088,7568,7568,7578,6310,143676,138074,5602,5129,451,22,3401,173,3228,3447,212,3235,22971582,2088,138074,14080,61466,0,1034,61494,0,0,451,296,0,0,0,0,155,0,4167,2863
2089,7568,7568,7578,6287,14977139,13137326,1839813,809749,444317,585747,4349,161,4188,4400,205,4195,2825119,2089,13137326,1816748,1641467,0,136557,3501454,6041100,0,444317,261769,25937,0,0,0,156611,0,3219,1887
2090,7568,7568,7578,6547,4091535,3720924,370611,155443,91956,123212,5548,112,5436,5572,131,5441,7109672,2090,3720924,425741,303906,0,115733,878598,1996946,0,91956,54235,5991,0,0,0,31730,0,2020,975
2091,7568,7568,7578,6968,6206565,5652493,554072,48411,125971,379690,6443,99,6344,6468,116,6352,10185,2091,5652493,862263,567164,0,48331,1980913,2193822,0,125971,66028,20547,0,0,0,39396,0,1125,500
2092,7568,7568,7578,6324,26596638,21903763,4692875,2596635,1119012,977228,2755,182,2573,2793,214,2579,0,2092,21903763,4829999,2657534,0,1047064,5969852,7399314,0,1119012,572788,201653,0,0,0,344571,0,4813,3531
2093,7568,7568,7578,6663,9399726,8513476,886250,282935,236449,366866,5867,100,5767,5890,119,5771,0,2093,8513476,938885,747059,0,69467,2160433,4597632,0,236449,127618,32957,0,0,0,75874,0,1701,773
2094,7568,7568,7578,7516,455490,247490,208000,86966,63576,57458,7469,48,7421,7480,49,7431,91584,2094,247490,147190,100300,0,0,0,0,0,63576,32670,11450,0,0,0,19456,0,99,36
2095,7568,7568,7578,7523,513918,314788,199130,54207,61610,83313,7475,39,7436,7487,43,7444,0,2095,314788,176215,102258,0,36315,0,0,0,61610,28856,15557,0,0,0,17197,0,93,36
2096,7568,7568,7578,7578,0,0,0,0,0,0,7568,13,7555,7578,16,7562,0,2096,0,0,0,0,0,0,0,0,0,0,0,0,0,0,0,0,0,0
2097,7568,7568,7578,7578,0,0,0,0,0,0,7568,34,7534,7578,43,7535,0,2097,0,0,0,0,0,0,0,0,0,0,0,0,0,0,0,0,0,0
2098,7568,7568,7578,7578,0,0,0,0,0,0,7568,29,7539,7578,33,7545,0,2098,0,0,0,0,0,0,0,0,0,0,0,0,0,0,0,0,0,0
2099,7568,7568,7578,7578,0,0,0,0,0,0,7568,11,7557,7578,14,7564,0,2099,0,0,0,0,0,0,0,0,0,0,0,0,0,0,0,0,0,0
