"Year","AFem","AFemDeath","AMal","AMalDeath","Eggs","EggsDeath","FryGrad","FryExit","FryDeath","FryInStr","allMortAF","baseMortAF","tempMortAF","allMortAM","baseMortAM","tempMortAM","InVivo","Year","allMortEgg","baseMortEgg","tempMortEgg","denMortEgg","incMortEgg","superMortEgg","lostMortEgg","catMortEgg","allMortFry","baseMortFry","tempMortFry","denMortFry","habMortFry","freshMortFry","seasMortFry","catMortFry","allMortSF","allMortSM"
2010,7568,7568,7578,6322,40406112,35608403,4797709,1995369,708434,2093906,256,192,64,292,228,64,0,2010,35608403,8989141,7974837,0,2936409,7943986,7764030,0,708434,439881,5278,0,0,0,263275,0,7312,6030
2011,7568,7568,7578,6330,20147796,18084433,2063363,341041,462604,1259718,3922,162,3760,3965,197,3768,0,2011,18084433,3610369,1431094,0,606079,5114941,7321950,0,462604,216886,115138,0,0,0,130580,0,3646,2365
2012,7568,7568,7578,6322,40212702,34974350,5238352,2719676,884475,1634201,291,191,100,327,227,100,0,2012,34974350,9505060,3502990,0,6355650,7951614,7659036,0,884475,553275,0,0,0,0,331200,0,7277,5995
2013,7568,7568,7578,6292,28121814,24185181,3936633,1105846,641571,2189216,2479,177,2302,2531,223,2308,0,2013,24185181,6591081,2737570,0,817821,6550979,7487730,0,641571,401314,0,0,0,0,240257,0,5089,3761
2014,7568,7568,7578,6279,32133690,26916504,5217186,1930286,849694,2437206,1753,178,1575,1799,222,1577,0,2014,26916504,7964339,3856205,0,837093,6782189,7476678,0,849694,531436,0,0,0,0,318258,0,5815,4480
2015,7568,7568,7578,6305,23839658,19400856,4438802,2267204,925787,1245811,1174,186,988,1218,227,991,11521794,2015,19400856,5692430,1840936,0,1209042,5194328,5464120,0,925787,481638,154786,0,0,0,289363,0,6394,5087
2016,7568,7568,7578,6324,24833844,21514483,3319361,1156314,607788,1555259,3074,180,2894,3116,218,2898,0,2016,21514483,4829004,1959732,0,1196192,6102611,7426944,0,607788,378452,2779,0,0,0,226557,0,4494,3208
2017,7568,7568,7578,6319,31222462,27233560,3988902,2115445,813808,1059649,1676,200,1476,1714,237,1477,1338512,2017,27233560,6519620,3287814,0,5112055,5469071,6845000,0,813808,458166,80909,0,0,0,274733,0,5892,4605
2018,7568,7568,7578,6322,40732146,38691946,2040200,1363844,366352,310004,197,190,7,233,226,7,0,2018,38691946,10766039,5276542,0,8079195,7087966,7482204,0,366352,223990,8579,0,0,0,133783,0,7371,6089
2019,7568,7568,7578,6310,10978960,9570706,1408254,562832,314624,530798,498,190,308,538,229,309,28150121,2019,9570706,2157824,1131307,0,558425,2540704,3182446,0,314624,149162,76514,0,0,0,88948,0,7070,5772
2020,7568,7568,7578,6322,28022346,24355570,3666776,1749236,864684,1052856,2497,185,2312,2539,221,2318,0,2020,24355570,5316767,2000541,0,2985737,6586899,7465626,0,864684,432160,172567,0,0,0,259957,0,5071,3783
2021,7568,7568,7578,6322,39925350,32638336,7287014,4356596,1247751,1682667,343,193,150,379,229,150,0,2021,32638336,9743306,4416157,0,3444277,7491606,7542990,0,1247751,780328,0,0,0,0,467423,0,7225,5943
2022,7568,7568,7578,6284,40621626,40419927,201699,163229,33082,5388,217,179,38,265,227,38,0,2022,40419927,8649882,3867499,0,13063221,7323965,7515360,0,33082,21047,43,0,0,0,11992,0,7351,6019
2023,7568,7568,7578,6301,22811328,20235998,2575330,733373,485201,1356756,3440,165,3275,3492,210,3282,0,2023,20235998,4177365,2563870,0,888066,5152123,7454574,0,485201,294379,14701,0,0,0,176121,0,4128,2809
2024,7568,7568,7578,6331,38786994,30667940,8119054,4643782,1381719,2093553,549,185,364,557,193,364,0,2024,30667940,9380407,5085335,0,1635371,6946473,7620354,0,1381719,864006,0,0,0,0,517713,0,7019,5774
2025,7568,7568,7578,6306,38753838,31659681,7094157,3152770,1442637,2498750,555,187,368,598,228,370,0,2025,31659681,10472032,5274474,0,809168,7627329,7476678,0,1442637,663823,378271,0,0,0,400543,0,7013,5708
2026,7568,7568,7578,6322,35775324,30489755,5285569,1812390,989754,2483425,1094,197,897,1132,232,900,0,2026,30489755,9344851,5033661,0,1275995,7325414,7509834,0,989754,485293,212167,0,0,0,292294,0,6474,5190
2027,7568,7568,7578,6325,21877434,19843751,2033683,706923,422786,903974,3609,173,3436,3654,211,3443,0,2027,19843751,3597638,1590962,0,1949934,5305903,7399314,0,422786,240357,38456,0,0,0,143973,0,3959,2671
2028,7568,7568,7578,6322,40112686,33882282,6230404,2318357,1250825,2661222,299,190,109,335,226,109,55808,2028,33882282,11040068,7126719,0,468445,7676430,7570620,0,1250825,527132,404802,0,0,0,318891,0,7269,5987
2029,7568,7568,7578,6460,12203519,11111788,1091731,248709,226217,616805,4938,140,4798,4980,175,4805,2338430,2029,11111788,1468270,473335,0,583654,3113238,5473291,0,226217,141733,0,0,0,0,84484,0,2630,1480
2030,7568,7568,7578,6288,38798046,34425284,4372762,1630681,822080,1920001,547,183,364,594,229,365,0,2030,34425284,9437470,7411172,0,2876064,7201796,7498782,0,822080,411674,162766,0,0,0,247640,0,7021,5694
2031,7568,7568,7578,6322,39107502,32385672,6721830,2609829,1579108,2532893,491,192,299,529,228,301,0,2031,32385672,10359029,3964285,0,2375201,8072329,7614828,0,1579108,630770,566045,0,0,0,382293,0,7077,5793
2032,7568,7568,7578,6359,17837928,16117403,1720525,326304,353199,1041022,4340,151,4189,4386,191,4195,0,2032,16117403,2733428,1351544,0,674148,4290529,7067754,0,353199,198383,35955,0,0,0,118861,0,3228,1973
2033,7568,7568,7578,6322,37213726,31239791,5973935,3235609,1354193,1384133,811,191,620,848,227,621,125456,2033,31239791,8051940,3994407,0,4051126,7510912,7631406,0,1354193,634570,337073,0,0,0,382550,0,6757,5474
2034,7568,7568,7578,6322,32717076,26656025,6061051,2703304,1261755,2095992,1646,195,1451,1686,231,1455,7896,2034,26656025,7870325,3378501,0,1015270,6915251,7476678,0,1261755,646521,226129,0,0,0,389105,0,5922,4636
2035,7568,7568,7578,6340,19655982,17370664,2285318,1093945,507007,684366,4011,163,3848,4060,204,3856,0,2035,17370664,3132600,1498467,0,952653,4614196,7172748,0,507007,300286,27097,0,0,0,179624,0,3557,2280
2036,7568,7568,7578,6319,40046922,33059791,6987131,4443762,1264271,1279098,321,190,131,356,226,130,0,2036,33059791,7991115,4028439,0,6045344,7518215,7476678,0,1264271,787996,4204,0,0,0,472071,0,7247,5963
2037,7568,7568,7578,6312,39090924,31965240,7125684,3729639,1253136,2142909,494,188,306,534,228,306,0,2037,31965240,8956952,6257942,0,2442510,6820106,7487730,0,1253136,755391,44910,0,0,0,452835,0,7074,5778
2038,7568,7568,7578,6322,32514984,27737829,4777155,2011101,939713,1826341,1684,192,1492,1721,228,1493,0,2038,27737829,8010319,2836083,0,2182254,7232495,7476678,0,939713,506316,129167,0,0,0,304230,0,5884,4601
2039,7568,7568,7578,6272,40815036,33074824,7740212,4543773,1472798,1723641,182,182,0,226,226,0,0,2039,33074824,9073945,7428172,0,2478356,6617673,7476678,0,1472798,829497,145337,0,0,0,497964,0,7386,6046
2040,7568,7568,7578,6322,32238684,27167688,5070996,1722359,964548,2384089,1734,194,1540,1774,230,1544,0,2040,27167688,7963955,4001518,0,817761,6913302,7471152,0,964548,484819,187967,0,0,0,291762,0,5834,4548
2041,7568,7568,7578,6275,39671154,33606706,6064448,3836314,1056022,1172112,389,183,206,433,227,206,0,2041,33606706,9230888,5919557,0,3966611,6896926,7592724,0,1056022,660437,0,0,0,0,395585,0,7179,5842
2042,7568,7568,7578,6309,33642288,28308232,5334056,2953541,983000,1397515,1480,188,1292,1524,228,1296,0,2042,28308232,6220175,2780014,0,3866437,7959402,7482204,0,983000,614842,0,0,0,0,368158,0,6088,4785
2043,7568,7568,7578,6280,28933732,24966239,3967493,1595492,644708,1727293,676,185,491,722,229,493,9158743,2043,24966239,6708110,4630103,0,1612768,5730023,6285235,0,644708,403447,0,0,0,0,241261,0,6892,5558
2044,7568,7568,7578,6268,39571686,33350476,6221210,3069361,1043617,2108232,407,184,223,451,227,224,0,2044,33350476,10085327,4701907,0,3817568,7280048,7465626,0,1043617,638159,23104,0,0,0,382354,0,7161,5817
2045,7568,7568,7578,6295,29746458,25648390,4098068,1396923,690110,2011035,2185,184,2001,2234,229,2005,0,2045,25648390,6730235,4532187,0,545619,6352619,7487730,0,690110,395939,56686,0,0,0,237485,0,5383,4061
2046,7568,7568,7578,6322,32487354,26121526,6365828,2914922,1560868,1890038,1689,191,1498,1730,227,1503,0,2046,26121526,8142829,3050044,0,258774,7182149,7487730,0,1560868,655042,509343,0,0,0,396483,0,5879,4592
2047,7568,7568,7578,6323,27873144,23107228,4765916,2052568,934694,1778654,2524,189,2335,2565,224,2341,0,2047,23107228,5978024,1761143,0,1232199,6697866,7437996,0,934694,536926,75674,0,0,0,322094,0,5044,3758
2048,7568,7568,7578,6322,15846119,13432839,2413280,1441825,456161,515294,1265,193,1072,1303,229,1074,19025061,2048,13432839,2894408,1610028,0,1359599,3405870,4162934,0,456161,285645,0,0,0,0,170516,0,6303,5019
2049,7568,7568,7578,6280,29011500,24436704,4574796,2203883,881636,1489277,2318,187,2131,2367,231,2136,0,2049,24436704,5730791,3259091,0,1464657,6499961,7482204,0,881636,534393,26941,0,0,0,320302,0,5250,3913
2050,7568,7568,7578,6335,19412838,17109534,2303304,414560,541885,1346859,4055,162,3893,4101,201,3900,0,2050,17109534,3395274,1461374,0,121341,4903537,7228008,0,541885,240735,156008,0,0,0,145142,0,3513,2234
2051,7568,7568,7578,6322,29718828,27975042,1743786,653579,309583,780624,2190,188,2002,2230,225,2005,0,2051,27975042,6773861,2672645,0,4312884,6755552,7460100,0,309583,190955,4521,0,0,0,114107,0,5378,4092
2052,7568,7568,7578,6309,24259140,21244402,3014738,1121220,573186,1320332,3178,171,3007,3226,212,3014,0,2052,21244402,4624464,1994051,0,1534894,5647471,7443522,0,573186,353181,8806,0,0,0,211199,0,4390,3083
2053,7568,7568,7578,6304,20515072,17678733,2836339,926136,568575,1341628,2400,187,2213,2448,229,2219,8067541,2053,17678733,4318447,2636420,0,519683,4606545,5597638,0,568575,288899,106067,0,0,0,173609,0,5168,3856
2054,7568,7568,7578,6322,29464632,25891467,3573165,908343,681721,1983101,2236,191,2045,2276,227,2049,0,2054,25891467,6706773,3919476,0,920020,6874046,7471152,0,681721,329912,153107,0,0,0,198702,0,5332,4046
2055,7568,7568,7578,6346,14663268,13891396,771872,115177,134705,521990,4127,154,3973,4175,195,3980,4367122,2055,13891396,2195756,1283912,0,971035,3647585,5793108,0,134705,84238,515,0,0,0,49952,0,3441,2171
2056,7568,7568,7578,6313,40229280,34797669,5431611,1943487,884105,2604019,288,188,100,326,226,100,0,2056,34797669,10753241,8295506,0,549646,7584448,7614828,0,884105,453539,157716,0,0,0,272850,0,7280,5987
2057,7568,7568,7578,7451,1160460,950568,209892,1675,48800,159417,7358,46,7312,7369,48,7321,0,2057,950568,359638,202755,0,107558,280617,0,0,48800,22006,13779,0,0,0,13015,0,210,82
2058,7568,7568,7578,6419,13494492,12423460,1071032,19121,231978,819933,5126,128,4998,5177,176,5001,0,2058,12423460,1818476,756272,0,136230,3042600,6669882,0,231978,105701,62873,0,0,0,63404,0,2442,1242
2059,7568,7568,7578,6433,15743574,14424954,1318620,131234,261027,926359,4719,139,4580,4770,183,4587,0,2059,14424954,2422394,1010261,0,566335,3772660,6653304,0,261027,130285,52854,0,0,0,77888,0,2849,1663
2060,7568,7568,7578,6614,10748070,10141145,606925,22165,124871,459889,5623,115,5508,5646,129,5517,0,2060,10141145,1157640,608302,0,426054,2478409,5470740,0,124871,62572,25061,0,0,0,37238,0,1945,968
2061,7568,7568,7578,6323,26987798,23090942,3896856,1233430,726624,1936802,2662,179,2483,2704,217,2487,122758,2061,23090942,5939328,2231609,0,775186,6657339,7487480,0,726624,404960,78672,0,0,0,242992,0,4906,3619
2062,7568,7568,7578,6322,40411638,34386154,6025484,2864369,1342679,1818436,255,190,65,291,226,65,0,2062,34386154,9908622,6143890,0,2860139,7770259,7703244,0,1342679,578065,415189,0,0,0,349425,0,7313,6031
2063,7568,7568,7578,6322,37466280,31607993,5858287,2248564,969194,2640529,788,190,598,824,226,598,0,2063,31607993,9757283,5080462,0,1504119,7651301,7614828,0,969194,553429,83657,0,0,0,332108,0,6780,5498
2064,7568,7568,7578,6332,17196912,15261744,1935168,446948,411899,1076321,4456,168,4288,4498,205,4293,0,2064,15261744,2342114,1126039,0,154627,4416482,7222482,0,411899,250186,12167,0,0,0,149546,0,3112,1834
2065,7568,7568,7578,6322,29420298,24837321,4582977,1780840,818653,1983484,2244,198,2046,2284,233,2051,126,2065,24837321,6593752,3516958,0,657266,6609245,7460100,0,818653,487273,39231,0,0,0,292149,0,5324,4038
2066,7568,7568,7578,6322,34985106,30511307,4473799,1277477,972926,2223396,1237,194,1043,1273,229,1044,0,2066,30511307,8948021,6229932,0,616254,7179636,7537464,0,972926,360596,393357,0,0,0,218973,0,6331,5049
2067,7568,7568,7578,7576,11052,8560,2492,0,216,2276,7566,45,7521,7575,48,7527,0,2067,8560,4332,3060,0,1168,0,0,0,216,136,8,0,0,0,72,0,2,1
2068,7568,7568,7578,6324,22972235,20443008,2529227,954648,612172,962407,2620,185,2435,2662,220,2442,4380339,2068,20443008,3607654,2396757,0,2104451,5116100,7218046,0,612172,277096,168212,0,0,0,166864,0,4948,3662
2069,7568,7568,7578,6322,29486736,28952086,534650,249854,111136,173660,2232,189,2043,2274,226,2048,0,2069,28952086,5150270,2609090,0,6829555,6836759,7526412,0,111136,68437,2258,0,0,0,40441,0,5336,4048
2070,7568,7568,7578,6285,35018262,30066579,4951683,1613667,1107735,2230281,1231,186,1045,1281,233,1048,0,2070,30066579,8825404,5196158,0,1171326,7380435,7493256,0,1107735,435385,408444,0,0,0,263906,0,6337,5004
2071,7568,7568,7578,6572,11554866,10754323,800543,35053,152349,613141,5477,114,5363,5502,136,5366,0,2071,10754323,1514601,1305063,0,128251,2368824,5437584,0,152349,82151,21320,0,0,0,48878,0,2091,1070
2072,7568,7568,7578,7406,1569384,1329805,239579,1385,60763,177431,7284,89,7195,7293,94,7199,0,2072,1329805,420397,289669,0,12558,518765,88416,0,60763,22126,25425,0,0,0,13212,0,284,113
2073,7568,7568,7578,7578,0,0,0,0,0,0,7568,22,7546,7578,26,7552,0,2073,0,0,0,0,0,0,0,0,0,0,0,0,0,0,0,0,0,0
2074,7568,7568,7578,6324,24502284,22156701,2345583,616901,514963,1213719,3134,166,2968,3179,203,2976,0,2074,22156701,4439183,3706992,0,850300,5539872,7620354,0,514963,227482,150548,0,0,0,136933,0,4434,3145
2075,7568,7568,7578,7147,874417,798454,75963,954,21313,53696,6749,76,6673,6785,104,6681,3669061,2075,798454,135505,70224,0,12203,307587,272935,0,21313,6839,10545,0,0,0,3929,0,819,362
2076,7568,7568,7578,7578,0,0,0,0,0,0,7568,31,7537,7578,36,7542,0,2076,0,0,0,0,0,0,0,0,0,0,0,0,0,0,0,0,0,0
2077,7568,7568,7578,6322,26182188,23529600,2652588,1046448,480833,1125307,2830,185,2645,2872,220,2652,0,2077,23529600,4613101,1624366,0,3206432,6642179,7443522,0,480833,300930,0,0,0,0,179903,0,4738,3450
2078,7568,7568,7578,6314,30602988,25549349,5053639,2025870,895210,2132559,2030,194,1836,2073,232,1841,0,2078,25549349,6974715,2563362,0,1284056,7228434,7498782,0,895210,543856,25404,0,0,0,325950,0,5538,4241
2079,7568,7568,7578,6313,34393824,29845240,4548584,2598076,884937,1065571,1344,191,1153,1383,228,1155,0,2079,29845240,7354882,3761719,0,4564197,6698816,7465626,0,884937,521315,51238,0,0,0,312384,0,6224,4930
2080,7568,7568,7578,6321,31298160,25101391,6196769,3380789,1297478,1518502,960,197,763,997,233,764,5221640,2080,25101391,7138556,4047130,0,882877,6185385,6847443,0,1297478,665651,231376,0,0,0,400451,0,6608,5324
2081,7568,7568,7578,6340,14058882,12580949,1477933,243013,314696,920224,4232,163,4069,4275,199,4076,4384121,2081,12580949,2139824,1240568,0,54826,3506222,5639509,0,314696,166527,48668,0,0,0,99501,0,3336,2065
2082,7568,7568,7578,6314,27613422,26118236,1495186,608079,320690,566417,2571,183,2388,2615,221,2394,0,2082,26118236,4872877,1572028,0,5488751,6724480,7460100,0,320690,174614,41653,0,0,0,104423,0,4997,3699
2083,7568,7568,7578,6322,29612449,24294341,5318108,2632846,1119389,1565873,2017,196,1821,2059,232,1827,1063431,2083,24294341,6365097,3528792,0,361129,6571828,7467495,0,1119389,589412,175490,0,0,0,354487,0,5551,4263
2084,7568,7568,7578,6481,12173778,11661135,512643,47625,96118,368900,5365,115,5250,5397,142,5255,0,2084,11661135,1423940,872413,0,685139,2650777,6028866,0,96118,60389,0,0,0,0,35729,0,2203,1084
2085,7568,7568,7578,6315,19357578,17126300,2231278,535848,561779,1133651,4065,157,3908,4111,195,3916,0,2085,17126300,2971944,1488680,0,368153,4925839,7371684,0,561779,268198,132214,0,0,0,161367,0,3503,2204
2086,7568,7568,7578,6327,21479562,17902023,3577539,1468945,851359,1257235,3681,170,3511,3724,205,3519,0,2086,17902023,3900758,1305750,0,109775,5225108,7360632,0,851359,434930,154802,0,0,0,261627,0,3887,2603
2087,7568,7568,7578,6660,9432882,8515837,917045,146482,260747,509816,5861,110,5751,5884,125,5759,0,2087,8515837,1096097,458349,0,4603,2337052,4619736,0,260747,116726,74211,0,0,0,69810,0,1707,776
2088,7568,7568,7578,6322,26048563,22213618,3834945,1494147,985711,1355087,2852,194,2658,2893,228,2665,12053,2088,22213618,5003409,2818386,0,931720,6027633,7432470,0,985711,430533,295154,0,0,0,260024,0,4716,3429
2089,7568,7568,7578,6322,32443671,27372423,5071248,2621684,901986,1547578,1526,195,1331,1566,231,1335,944973,2089,27372423,7370654,3605654,0,2034498,6880214,7481403,0,901986,564141,0,0,0,0,337845,0,6042,4756
2090,7568,7568,7578,6332,17080866,15310555,1770311,184456,533144,1052711,4477,149,4328,4528,191,4337,0,2090,15310555,2657605,1086894,0,23566,4347638,7194852,0,533144,189598,228397,0,0,0,115149,0,3091,1804
2091,7568,7568,7578,6512,12997152,11583049,1414103,410218,348415,655470,5216,117,5099,5239,132,5107,0,2091,11583049,1735844,796018,0,309514,2978055,5763618,0,348415,190388,44069,0,0,0,113958,0,2352,1273
2092,7568,7568,7578,6322,33327306,28246302,5081004,1959210,988297,2133497,1537,195,1342,1575,230,1345,0,2092,28246302,7952236,3717009,0,1633283,7362102,7581672,0,988297,503728,181573,0,0,0,302996,0,6031,4747
2093,7568,7568,7578,6324,14240322,12587985,1652337,321787,365653,964897,3975,175,3800,4018,209,3809,5637786,2093,12587985,2316124,862381,0,120481,3790309,5498690,0,365653,189925,62002,0,0,0,113726,0,3593,2306
2094,7568,7568,7578,6324,20766708,18486449,2280259,535876,486341,1258042,3810,171,3639,3855,208,3647,0,2094,18486449,3563530,1399214,0,955076,5230101,7338528,0,486341,255100,78058,0,0,0,153183,0,3758,2469
2095,7568,7568,7578,6323,18706490,16763447,1943043,937920,387860,617263,1470,196,1274,1511,233,1278,15030797,2095,16763447,3589855,1238847,0,3186600,4139313,4608832,0,387860,213458,46689,0,0,0,127713,0,6098,4812
2096,7568,7568,7578,6650,8918964,8515511,403453,51610,81281,270562,5954,114,5840,5973,128,5845,0,2096,8515511,799748,612628,0,246165,2170922,4686048,0,81281,50715,465,0,0,0,30101,0,1614,677
2097,7568,7568,7578,6313,20705922,18370330,2335592,824838,471450,1039304,3821,168,3653,3867,206,3661,0,2097,18370330,3203474,1506969,0,1116203,5160948,7382736,0,471450,292827,3457,0,0,0,175166,0,3747,2446
2098,7568,7568,7578,6269,26712684,22573642,4139042,1878451,752404,1508187,2734,172,2562,2783,217,2566,0,2098,22573642,5751842,1904347,0,1040221,6417132,7460100,0,752404,470177,612,0,0,0,281615,0,4834,3486
2099,7568,763,7578,726,1580436,173014,0,0,0,0,477,176,301,495,194,301,0,2099,173014,60504,111472,0,1038,0,0,0,0,0,0,0,0,0,0,0,286,231
