"Year","AFem","AFemDeath","AMal","AMalDeath","Eggs","EggsDeath","FryGrad","FryExit","FryDeath","FryInStr","allMortAF","baseMortAF","tempMortAF","allMortAM","baseMortAM","tempMortAM","InVivo"
2010,7568,7568,7578,6322,40489002,33073384,7415618,4102305,1521022,1792291,241,193,48,276,228,48,0
2011,7568,7568,7578,6322,34510554,28210209,6300345,2809533,1216200,2274612,238,195,43,274,231,43,6006332
2012,7568,7568,7578,6344,24032574,21178301,2854273,850417,619658,1384198,3219,176,3043,3267,216,3051,0
2013,7568,7568,7578,6702,9712109,9100663,611446,127920,127541,355985,5803,113,5690,5820,122,5698,41281
2014,7568,7568,7578,7000,40815036,36500365,4314671,2645495,786365,882811,182,182,0,213,213,0,0
2015,7568,7568,7578,7009,828239,748974,79265,41892,12610,24763,182,182,0,214,214,0,40082278
2016,7568,7568,7578,7027,40538736,34286569,6252167,3090255,1028442,2133470,232,184,48,264,216,48,0
2017,7568,7568,7578,6322,39891601,30975980,8915621,5685076,1589426,1641119,190,190,0,226,226,0,879427
2018,7568,7568,7578,7030,40798458,34573270,6225188,3798131,1150417,1276640,185,185,0,213,213,0,0
2019,7568,7568,7578,7025,13784550,11507979,2276571,1039030,482992,754549,166,166,0,214,214,0,27176953
2020,7568,7568,7578,6551,13577382,12006259,1571123,298105,289049,983969,5111,124,4987,5134,143,4991,0
2021,7568,7568,7578,6517,15257286,13032812,2224474,828586,590178,805710,4807,136,4671,4828,153,4675,0
2022,7568,7568,7578,6352,37013148,30412333,6600815,3430313,1308458,1862044,870,192,678,907,230,677,0
2023,7568,7568,7578,6323,37377864,31488909,5888955,2007297,1510901,2370757,804,188,616,842,225,617,0
2024,7568,7568,7578,6357,23192622,21484908,1707714,394424,350376,962914,3371,158,3213,3414,199,3215,0
2025,7568,7568,7578,6322,39030138,33158010,5872128,2444585,1131323,2296220,505,199,306,542,235,307,0
2026,7568,7568,7578,6322,40759776,34356077,6403699,2610603,2134826,1658270,192,192,0,227,227,0,0
2027,7568,7568,7578,6644,11162520,9841605,1320915,288011,375628,657276,5548,131,5417,5572,147,5425,0
2028,7568,7568,7578,6513,14964408,13541109,1423299,208586,398871,815842,4860,136,4724,4885,156,4729,0
2029,7568,7568,7578,6856,5120749,4698862,421887,83344,123550,214993,6172,88,6084,6194,102,6092,2606210
2030,7568,7568,7578,6322,40549788,36284445,4265343,2396457,882555,986331,230,196,34,266,231,35,0
2031,7568,7568,7578,6322,40754250,31290561,9463689,5742870,1933410,1787409,193,192,1,228,227,1,0
2032,7568,7568,7578,6322,40306644,32919270,7387374,3469789,1459039,2458546,274,194,80,310,230,80,0
2033,7568,7568,7578,6335,34366194,27468297,6897897,3458053,1723926,1715918,1349,197,1152,1391,235,1156,0
2034,7568,7568,7578,7565,110520,68003,42517,5083,12103,25331,7548,47,7501,7557,49,7508,0
2035,7568,7568,7578,6327,32155794,27746255,4409539,2003485,777003,1629051,1749,187,1562,1788,223,1565,0
2036,7568,7568,7578,7032,32726826,31729747,997079,680030,207989,109060,439,193,246,467,220,247,6678119
2037,7568,7568,7578,6323,35301226,30021850,5279376,2174798,1009298,2095280,911,195,716,945,228,717,1487261
2038,7568,7568,7578,7196,1913318,1683041,230277,13869,54303,162105,6804,93,6711,6835,118,6717,2320502
2039,7568,7568,7578,7573,49734,34383,15351,2329,3509,9513,7559,39,7520,7570,41,7529,0
2040,7568,7568,7578,6459,18335268,16076298,2258970,935135,450622,873213,4250,114,4136,4300,162,4138,0
2041,7568,7568,7578,6993,40687938,34258711,6429227,2545965,1214928,2668334,205,183,22,237,215,22,0
2042,7568,7568,7578,7578,0,0,0,0,0,0,7568,47,7521,7578,51,7527,0
2043,7568,7568,7578,6322,29936300,24089459,5846841,3526826,1233738,1086277,190,190,0,226,226,0,10842969
2044,7568,7568,7578,7007,40698990,32017046,8681944,5894984,1719869,1067091,203,187,16,236,220,16,0
2045,7568,7568,7578,6322,39405906,32192670,7213236,3386103,1205239,2621894,437,200,237,473,236,237,0
2046,7568,7568,7578,6322,40735122,35357604,5377518,3564843,1094698,717977,196,190,6,233,226,7,2550
2047,7568,7568,7578,6322,40494528,37704819,2789709,1678690,514583,596436,240,197,43,274,231,43,0
2048,7568,7568,7578,7032,40781880,31135970,9645910,5928261,2024170,1693479,188,188,0,214,214,0,0
2049,7568,7568,7578,6335,30050388,24923484,5126904,1913462,1145203,2068239,2130,178,1952,2172,216,1956,0
2050,7568,7568,7578,6323,38035458,32230675,5804783,2522897,1107837,2174049,685,193,492,722,230,492,0
2051,7568,7568,7578,6322,39239889,30889554,8350335,4956405,1799842,1594088,212,191,21,249,228,21,1409894
2052,7568,7568,7578,6322,40489002,33293744,7195258,3802361,1524967,1867930,241,196,45,275,230,45,0
2053,7568,7568,7578,6341,9260412,8577390,683022,120944,97102,464976,2654,165,2489,2701,206,2495,17940601
2054,7568,7568,7578,6404,17473212,15847786,1625426,353634,457697,814095,4406,147,4259,4459,194,4265,0
2055,7568,7568,7578,7224,1221266,1088537,132729,3917,48512,80300,6911,83,6828,6920,85,6835,2423884
2056,7568,7568,7578,7578,0,0,0,0,0,0,7568,37,7531,7578,43,7535,0
2057,7568,7568,7578,6450,18401580,15934006,2467574,549306,559450,1358818,4238,141,4097,4285,182,4103,0
2058,7568,7568,7578,6585,13222917,11809614,1413303,258062,273836,881405,5175,120,5055,5204,137,5067,801
2059,7568,7568,7578,7002,40694273,31400637,9293636,4920964,1995505,2377167,179,179,0,213,213,0,137341
2060,7568,7568,7578,6322,39720888,32394255,7326633,3148503,2338707,1839423,380,195,185,418,231,187,0
2061,7568,7568,7578,7564,82041,49510,32531,1632,7658,23241,7545,47,7498,7556,48,7508,45057
2062,7568,7568,7578,6337,20315123,17537453,2777670,1288183,683256,806231,2870,162,2708,2914,203,2711,5661550
2063,7568,7568,7578,7206,3840570,3444919,395651,21412,109301,264938,6873,88,6785,6894,105,6789,0
2064,7568,7568,7578,6904,7045650,6297785,747865,224898,191790,331177,6293,90,6203,6318,108,6210,0
2065,7568,7568,7578,6335,18036746,14498088,3538658,2117739,933637,487282,929,190,739,969,228,741,18694379
2066,7568,7568,7578,7534,397872,287993,109879,3933,28855,77091,7496,45,7451,7507,44,7463,0
2067,7568,7568,7578,6535,14257799,12672910,1584889,577855,330936,676098,4938,117,4821,4962,137,4825,276131
2068,7568,7568,7578,7026,35919895,30150626,5769269,2744170,1289927,1735172,175,175,0,213,213,0,4943999
2069,7568,7568,7578,6323,37878305,29434275,8444030,4873274,1999785,1570971,713,195,518,750,232,518,2425
2070,7568,7568,7578,7402,1098099,848814,249285,10221,70134,168930,7255,64,7191,7263,62,7201,631539
2071,7568,7568,7578,7578,0,0,0,0,0,0,7568,37,7531,7578,40,7538,0
2072,7568,7568,7578,7449,1210194,872801,337393,94230,82893,160270,7349,45,7304,7360,50,7310,0
2073,7568,7568,7578,6322,33272921,25997556,7275365,3608471,1615978,2050916,568,201,367,606,236,370,5418847
2074,7568,7568,7578,7576,8810,5882,2928,116,448,2364,7566,45,7521,7575,51,7524,2242
2075,7568,7568,7578,7564,51688,37943,13745,65,2563,11117,7544,43,7501,7554,47,7507,80936
2076,7568,7568,7578,6490,16085336,14505320,1580016,493117,382764,704135,4657,131,4526,4683,151,4532,850
2077,7568,7568,7578,6342,31205322,24486196,6719126,3367581,1358185,1993360,1921,187,1734,1962,222,1740,0
2078,7568,7568,7578,6381,18501048,16449223,2051825,814014,462623,775188,4220,144,4076,4272,187,4085,0
2079,7568,7568,7578,6440,11126534,9735739,1390795,305309,293146,792340,3989,163,3826,4031,199,3832,8680288
2080,7568,7568,7578,7578,0,0,0,0,0,0,7568,28,7540,7578,33,7545,0
2081,7568,7568,7578,7578,0,0,0,0,0,0,7568,42,7526,7578,49,7529,0
2082,7568,7568,7578,7030,29189719,23365264,5824455,2798122,1246399,1779934,221,188,33,249,216,33,11432587
2083,7568,7568,7578,7578,0,0,0,0,0,0,7568,37,7531,7578,42,7536,0
2084,7568,7568,7578,6513,14419216,12949229,1469987,175251,594169,700567,4947,115,4832,4973,136,4837,64430
2085,7568,7568,7578,7578,0,0,0,0,0,0,7568,6,7562,7578,3,7575,0
2086,7568,7568,7578,7578,0,0,0,0,0,0,7568,25,7543,7578,29,7549,0
2087,7568,7568,7578,7578,0,0,0,0,0,0,7568,36,7532,7578,41,7537,0
2088,7568,7568,7578,6346,24911208,21039819,3871389,1674918,965754,1230717,3060,163,2897,3105,202,2903,0
2089,7568,7568,7578,7571,66312,36816,29496,2932,7069,19495,7556,35,7521,7567,37,7530,0
2090,7568,7568,7578,6518,11965802,10812274,1153528,165033,348618,639877,5097,118,4979,5118,132,4986,1695852
2091,7568,7568,7578,7531,442080,286688,155392,22912,65610,66870,7488,59,7429,7498,64,7434,0
2092,7568,7568,7578,7344,2293290,1779753,513537,208202,130407,174928,7153,69,7084,7155,65,7090,0
2093,7568,7568,7578,7036,16397826,13904225,2493601,1287630,551953,654018,1334,191,1143,1363,218,1145,18095771
2094,7568,7568,7578,7573,44208,26472,17736,5085,3666,8985,7560,35,7525,7570,38,7532,0
2095,7568,7568,7578,6322,40759776,31438781,9320995,5276242,1858469,2186284,192,192,0,227,227,0,0
2096,7568,7568,7578,7578,0,0,0,0,0,0,7568,22,7546,7578,21,7557,0
2097,7568,7568,7578,7526,415532,234371,181161,56175,52346,72640,7484,39,7445,7493,39,7454,48652
2098,7568,7568,7578,7508,641016,408503,232513,14793,77528,140192,7452,32,7420,7463,37,7426,0
2099,7568,7543,7578,7552,5526,489,0,0,0,0,7542,45,7497,7552,50,7502,0
