"Year","AFem","AFemDeath","AMal","AMalDeath","Eggs","EggsDeath","FryGrad","FryExit","FryDeath","FryInStr","allMortAF","baseMortAF","tempMortAF","allMortAM","baseMortAM","tempMortAM","InVivo","Year","allMortEgg","baseMortEgg","tempMortEgg","denMortEgg","incMortEgg","superMortEgg","lostMortEgg","catMortEgg","allMortFry","baseMortFry","tempMortFry","denMortFry","habMortFry","freshMortFry","seasMortFry","catMortFry","allMortSF","allMortSM"
2010,7568,7568,7578,6373,16040337,14441821,1598516,583710,393330,621476,4485,150,4335,4533,192,4341,999710,2010,14441821,1957874,1481926,0,830050,3546571,6625400,0,393330,213261,52485,0,0,0,127584,0,3083,1840
2011,7568,7568,7578,6322,6615279,5505254,1110025,563460,203359,343206,1873,194,1679,1915,230,1685,24933731,2011,5505254,1362652,661944,0,466862,1418117,1595679,0,203359,127643,0,0,0,0,75716,0,5695,4407
2012,7568,7568,7578,6295,14559147,13026723,1532424,194788,484411,853225,4406,169,4237,4456,213,4243,2926721,2012,13026723,2219012,1505651,0,82619,3266305,5953136,0,484411,167458,215340,0,0,0,101613,0,3162,1839
2013,7568,7568,7578,6321,19396458,15696562,3699896,2024626,704996,970274,1147,197,950,1186,233,953,16129566,2013,15696562,4546539,2176187,0,821172,3910067,4242597,0,704996,409836,49588,0,0,0,245572,0,6421,5135
2014,7568,7568,7578,6322,10609401,8882008,1727393,901102,311326,514965,925,197,728,962,232,730,26168093,2014,8882008,2500726,976566,0,814518,2183332,2406866,0,311326,191414,5981,0,0,0,113931,0,6643,5360
2015,7568,7568,7578,6314,40179546,33389901,6789645,3582285,1178487,2028873,297,189,108,335,227,108,0,2015,33389901,9967466,4443655,0,4349345,7147231,7482204,0,1178487,719459,27927,0,0,0,431101,0,7271,5979
2016,7568,7568,7578,6272,3338748,3067698,271050,174862,55244,40944,365,184,181,411,228,183,36555854,2016,3067698,536271,457361,0,440644,746593,886829,0,55244,32203,4636,0,0,0,18405,0,7203,5861
2017,7568,7568,7578,6268,26094134,22660535,3433599,998120,765595,1669884,2772,162,2610,2821,206,2615,411075,2017,22660535,5432811,3651923,0,600612,5742575,7232614,0,765595,340636,219385,0,0,0,205574,0,4796,3447
2018,7568,7568,7578,6355,6047922,5406490,641432,107638,126237,407557,4701,141,4560,4751,183,4568,9839578,2018,5406490,830000,369156,0,31952,1474582,2700800,0,126237,79058,413,0,0,0,46766,0,2867,1604
2019,7568,7568,7578,6288,31431888,27905266,3526622,1095722,671149,1759751,1880,189,1691,1928,233,1695,0,2019,27905266,7092935,5065396,0,1829778,6451531,7465626,0,671149,336900,131641,0,0,0,202608,0,5688,4360
2020,7568,7568,7578,6317,31619772,29352635,2267137,896639,427192,943306,1846,195,1651,1884,229,1655,0,2020,29352635,6078623,2477511,0,6813064,6606227,7377210,0,427192,246799,32711,0,0,0,147682,0,5722,4433
2021,7568,7568,7578,6317,7029993,5890815,1139178,623069,221756,294353,1164,191,973,1204,228,976,28438264,2021,5890815,1391898,1461911,0,283087,1259954,1493965,0,221756,126031,21096,0,0,0,74629,0,6404,5113
2022,7568,7568,7578,6286,496564,464122,32442,16805,4127,11510,1831,185,1646,1874,227,1647,31298177,2022,464122,47019,81680,0,11032,160580,163811,0,4127,2977,227,0,0,0,923,0,5737,4412
2023,7568,7568,7578,6312,22882044,21356561,1525483,645018,346747,533718,3330,175,3155,3374,213,3161,537344,2023,21356561,3816584,2257731,0,3014324,4972157,7295765,0,346747,189023,44623,0,0,0,113101,0,4238,2938
2024,7568,7568,7578,6328,3103816,3081601,22215,8649,2780,10786,3971,183,3788,4013,217,3796,16848358,2024,3081601,315172,269741,0,642877,757873,1095938,0,2780,1583,704,0,0,0,493,0,3597,2315
2025,7568,7568,7578,6285,20625963,18114667,2511296,1422463,542953,545880,2110,185,1925,2162,231,1931,9562469,2025,18114667,3462159,2788173,0,2458211,4070536,5335588,0,542953,304996,55297,0,0,0,182660,0,5458,4123
2026,7568,7568,7578,6346,8860277,7995604,864673,128469,194310,541894,4573,149,4424,4623,190,4433,7723449,2026,7995604,1217194,828809,0,24931,2095182,3829488,0,194310,102424,30855,0,0,0,61031,0,2995,1723
2027,7568,7568,7578,6571,9542318,8866131,676187,15123,156702,504362,5565,101,5464,5585,115,5470,1534050,2027,8866131,1277912,1085130,0,1759,1939463,4561867,0,156702,64245,54095,0,0,0,38362,0,2003,986
2028,7568,7568,7578,7571,66312,45256,21056,583,4419,16054,7556,22,7534,7567,25,7542,0,2028,45256,27859,9069,0,8328,0,0,0,4419,2188,1134,0,0,0,1097,0,12,4
2029,7568,7568,7578,6671,9046062,8437035,609027,22812,128097,458118,5931,114,5817,5955,132,5823,0,2029,8437035,991804,327420,0,148233,2432732,4536846,0,128097,66699,21713,0,0,0,39685,0,1637,716
2030,7568,7568,7578,6322,16746969,14021465,2725504,1098545,578524,1048435,2431,187,2244,2472,223,2249,11674881,2030,14021465,3560328,1899175,0,365251,3652027,4544684,0,578524,296046,104707,0,0,0,177771,0,5137,3850
2031,7568,7568,7578,6317,25728324,21467431,4260893,1745344,1090285,1425264,2912,179,2733,2957,221,2736,732,2031,21467431,5288878,2982537,0,731204,5397058,7067754,0,1090285,474025,330018,0,0,0,286242,0,4656,3360
2032,7568,7568,7578,6336,17362460,15173120,2189340,706213,474824,1008303,4237,160,4077,4285,200,4085,1048362,2032,15173120,2536562,1016128,0,195571,4525462,6899397,0,474824,287829,14968,0,0,0,172027,0,3331,2051
2033,7568,7568,7578,6312,34122283,28039670,6082613,2985360,1390964,1706289,672,188,484,712,228,484,3996142,2033,28039670,8308242,5522782,0,1329551,6241180,6637915,0,1390964,617799,400246,0,0,0,372919,0,6896,5600
2034,7568,7568,7578,6600,13914468,12220301,1694167,485772,378117,830278,5050,119,4931,5068,135,4933,0,2034,12220301,2239255,1182247,0,746706,2968173,5083920,0,378117,212429,38571,0,0,0,127117,0,2518,1532
2035,7568,7568,7578,6281,9569903,8034438,1535465,564879,350291,620295,3028,173,2855,3078,216,2862,15567902,2035,8034438,1906846,942483,0,231998,2218423,2734688,0,350291,171841,75712,0,0,0,102738,0,4540,3203
2036,7568,7568,7578,6323,35609544,30541338,5068206,1948096,876915,2243195,1124,197,927,1163,231,932,0,2036,30541338,8433548,6994694,0,813002,6762630,7537464,0,876915,466756,129702,0,0,0,280457,0,6444,5160
2037,7568,7568,7578,6368,12315824,11294102,1021722,111742,226513,683467,4571,150,4421,4620,191,4429,4262527,2037,11294102,1755517,801609,0,428107,2960169,5348700,0,226513,109404,51635,0,0,0,65474,0,2997,1748
2038,7568,7568,7578,6312,22728438,19265365,3463073,1141554,774894,1546625,3455,172,3283,3501,210,3291,0,2038,19265365,4335719,1872961,0,409667,5231126,7415892,0,774894,389476,151065,0,0,0,234353,0,4113,2811
2039,7568,7568,7578,6302,20169676,17145334,3024342,998930,697968,1327444,3911,181,3730,3959,222,3737,38906,2039,17145334,3524651,1039694,0,142689,5182662,7255638,0,697968,375926,96476,0,0,0,225566,0,3657,2343
2040,7568,7568,7578,6398,12836467,11530186,1306281,227004,343667,735610,4328,144,4184,4381,190,4191,5086290,2040,11530186,2034074,1263867,0,239599,2963347,5029299,0,343667,138690,121461,0,0,0,83516,0,3240,2017
2041,7568,7568,7578,6372,19694664,17686327,2008337,476230,513600,1018507,4004,182,3822,4046,222,3824,0,2041,17686327,3282465,1608264,0,1056674,4588280,7150644,0,513600,207245,181098,0,0,0,125257,0,3564,2326
2042,7568,7568,7578,7548,276300,159588,116712,14417,26116,76179,7518,12,7506,7529,16,7513,0,2042,159588,121570,36980,0,1038,0,0,0,26116,15290,1775,0,0,0,9051,0,50,19
2043,7568,7568,7578,6455,15152292,13462250,1690042,299438,515347,875257,4826,140,4686,4870,179,4691,0,2043,13462250,2190751,811111,0,490444,3664778,6305166,0,515347,209621,179121,0,0,0,126605,0,2742,1585
2044,7568,7568,7578,7495,702528,506520,196008,7060,54536,134412,7428,38,7390,7438,41,7397,71112,2044,506520,269535,119258,0,95688,22039,0,0,54536,21877,19585,0,0,0,13074,0,140,57
2045,7568,7568,7578,7578,0,0,0,0,0,0,7568,23,7545,7578,27,7551,0,2045,0,0,0,0,0,0,0,0,0,0,0,0,0,0,0,0,0,0
2046,7568,7568,7578,7106,4785516,4559493,226023,4959,57340,163724,6702,72,6630,6734,99,6635,0,2046,4559493,473643,499202,0,222937,1401981,1961730,0,57340,21388,23386,0,0,0,12566,0,866,372
2047,7568,7568,7578,6863,6929604,6567420,362184,12483,94714,254987,6314,107,6207,6341,128,6213,0,2047,6567420,663718,465469,0,173157,1767118,3497958,0,94714,37502,34748,0,0,0,22464,0,1254,522
2048,7568,7568,7578,6682,8963172,8424570,538602,51305,148848,338449,5946,113,5833,5972,132,5840,0,2048,8424570,813791,489364,0,347319,2248302,4525794,0,148848,64416,45930,0,0,0,38502,0,1622,710
2049,7568,7568,7578,6967,7492967,6421448,1071519,166873,243384,661262,6135,124,6011,6160,143,6017,427447,2049,6421448,1484081,470064,0,359818,2028485,2079000,0,243384,133315,30371,0,0,0,79698,0,1433,807
2050,7568,7568,7578,6321,22814812,20494043,2320769,1293043,559187,468539,1841,187,1654,1884,225,1659,8858005,2050,20494043,4136437,3231241,0,3047304,4441085,5637976,0,559187,272103,123537,0,0,0,163547,0,5727,4437
2051,7568,7568,7578,6429,7407352,6334041,1073311,443494,247204,382613,3278,188,3090,3315,223,3092,16350072,2051,6334041,1587146,1117712,0,370889,1378542,1879752,0,247204,120134,55491,0,0,0,71579,0,4290,3114
2052,7568,7568,7578,6374,15931458,14144720,1786738,549058,397032,840648,4685,141,4544,4730,181,4549,0,2052,14144720,2135004,913798,0,374472,3813946,6907500,0,397032,242739,9226,0,0,0,145067,0,2883,1644
2053,7568,7568,7578,6595,9970431,9115162,855269,67232,201840,586197,5703,111,5592,5726,126,5600,337319,2053,9115162,1243724,825477,0,1593,2202618,4841750,0,201840,96931,46831,0,0,0,58078,0,1865,869
2054,7568,7568,7578,7578,0,0,0,0,0,0,7568,39,7529,7578,42,7536,0,2054,0,0,0,0,0,0,0,0,0,0,0,0,0,0,0,0,0,0
2055,7568,7568,7578,6359,10694411,9713124,981287,260894,263504,456889,4601,153,4448,4648,197,4451,5725823,2055,9713124,1424874,815833,0,468275,2469852,4534290,0,263504,128548,58028,0,0,0,76928,0,2967,1711
2056,7568,7568,7578,6324,2069898,1807244,262654,72307,72685,117662,3522,178,3344,3563,213,3350,20367010,2056,1807244,373040,292135,0,37262,489702,615105,0,72685,27450,29035,0,0,0,16200,0,4046,2761
2057,7568,7568,7578,6689,6627374,6144870,482504,19947,187929,274628,5890,131,5759,5918,151,5767,2657710,2057,6144870,781131,609335,0,26583,1568497,3159324,0,187929,50261,107141,0,0,0,30527,0,1678,771
2058,7568,7568,7578,7440,1226772,1034405,192367,2066,38407,151894,7346,30,7316,7354,30,7324,0,2058,1034405,345255,247658,0,94479,347013,0,0,38407,19606,7134,0,0,0,11667,0,222,86
2059,7568,7568,7578,7578,0,0,0,0,0,0,7568,41,7527,7578,49,7529,0,2059,0,0,0,0,0,0,0,0,0,0,0,0,0,0,0,0,0,0
2060,7568,7568,7578,7578,0,0,0,0,0,0,7568,2,7566,7578,4,7574,0,2060,0,0,0,0,0,0,0,0,0,0,0,0,0,0,0,0,0,0
2061,7568,7568,7578,7578,0,0,0,0,0,0,7568,5,7563,7578,0,7578,0,2061,0,0,0,0,0,0,0,0,0,0,0,0,0,0,0,0,0,0
2062,7568,7568,7578,7578,0,0,0,0,0,0,7568,22,7546,7578,26,7552,0,2062,0,0,0,0,0,0,0,0,0,0,0,0,0,0,0,0,0,0
2063,7568,7568,7578,7567,93942,61142,32800,2223,7134,23443,7551,29,7522,7560,35,7525,0,2063,61142,38275,12022,0,10845,0,0,0,7134,3907,1092,0,0,0,2135,0,17,7
2064,7568,7568,7578,7571,38930,37462,1468,439,276,753,7558,44,7514,7567,44,7523,16330,2064,37462,8894,3447,0,25121,0,0,0,276,56,194,0,0,0,26,0,10,4
2065,7568,7568,7578,6516,88416,84207,4209,3721,378,110,5435,120,5315,5468,153,5315,11759328,2065,84207,8546,40710,0,282,34669,0,0,378,230,34,0,0,0,114,0,2133,1048
2066,7568,7568,7578,7578,0,0,0,0,0,0,7568,16,7552,7578,23,7555,0,2066,0,0,0,0,0,0,0,0,0,0,0,0,0,0,0,0,0,0
2067,7568,7568,7578,6338,20910384,18357827,2552557,753936,806708,991913,3784,165,3619,3826,205,3621,0,2067,18357827,3416015,1787273,0,732164,5177789,7244586,0,806708,289144,342031,0,0,0,175533,0,3784,2512
2068,7568,7568,7578,7578,0,0,0,0,0,0,7568,14,7554,7578,17,7561,0,2068,0,0,0,0,0,0,0,0,0,0,0,0,0,0,0,0,0,0
2069,7568,7568,7578,7578,0,0,0,0,0,0,7568,0,7568,7578,0,7578,0,2069,0,0,0,0,0,0,0,0,0,0,0,0,0,0,0,0,0,0
2070,7568,7568,7578,7578,0,0,0,0,0,0,7568,15,7553,7578,20,7558,0,2070,0,0,0,0,0,0,0,0,0,0,0,0,0,0,0,0,0,0
2071,7568,7568,7578,7565,72340,49546,22794,1173,8006,13615,7548,44,7504,7557,48,7509,38180,2071,49546,27687,19016,0,2843,0,0,0,8006,2622,4048,0,0,0,1336,0,20,8
2072,7568,7568,7578,7578,0,0,0,0,0,0,7568,14,7554,7578,17,7561,0,2072,0,0,0,0,0,0,0,0,0,0,0,0,0,0,0,0,0,0
2073,7568,7568,7578,7578,0,0,0,0,0,0,7568,34,7534,7578,40,7538,0,2073,0,0,0,0,0,0,0,0,0,0,0,0,0,0,0,0,0,0
2074,7568,7568,7578,7578,5526,3142,2384,344,683,1357,7567,44,7523,7578,48,7530,0,2074,3142,2157,745,0,240,0,0,0,683,158,452,0,0,0,73,0,1,0
2075,7568,7568,7578,7578,0,0,0,0,0,0,7568,35,7533,7578,37,7541,0,2075,0,0,0,0,0,0,0,0,0,0,0,0,0,0,0,0,0,0
2076,7568,7568,7578,7146,1876383,1721516,154867,23507,53167,78193,6816,83,6733,6846,106,6740,2291325,2076,1721516,227107,151268,0,91144,789415,462582,0,53167,20455,20785,0,0,0,11927,0,752,300
2077,7568,7568,7578,7573,1057,577,480,376,15,89,7561,33,7528,7570,35,7535,37625,2077,577,367,210,0,0,0,0,0,15,10,2,0,0,0,3,0,7,3
2078,7568,7568,7578,7114,27630,27627,3,3,0,0,6760,95,6665,6788,114,6674,4459482,2078,27627,2226,12060,0,0,13341,0,0,0,0,0,0,0,0,0,0,808,326
2079,7568,7568,7578,7473,466430,314315,152115,67783,53903,30429,7400,26,7374,7408,28,7380,461938,2079,314315,136644,106779,0,37237,33655,0,0,53903,23752,16017,0,0,0,14134,0,168,65
2080,7568,7568,7578,7557,32705,22828,9877,322,3049,6506,7537,42,7495,7545,46,7499,138601,2080,22828,13337,9491,0,0,0,0,0,3049,767,1976,0,0,0,306,0,31,12
2081,7568,7568,7578,7578,0,0,0,0,0,0,7568,5,7563,7578,9,7569,0,2081,0,0,0,0,0,0,0,0,0,0,0,0,0,0,0,0,0,0
2082,7568,7568,7578,7578,0,0,0,0,0,0,7568,28,7540,7578,31,7547,0,2082,0,0,0,0,0,0,0,0,0,0,0,0,0,0,0,0,0,0
2083,7568,7568,7578,7578,0,0,0,0,0,0,7568,19,7549,7578,22,7556,0,2083,0,0,0,0,0,0,0,0,0,0,0,0,0,0,0,0,0,0
2084,7568,7568,7578,7578,0,0,0,0,0,0,7568,63,7505,7578,64,7514,0,2084,0,0,0,0,0,0,0,0,0,0,0,0,0,0,0,0,0,0
2085,7568,7568,7578,7526,239439,164441,74998,6291,28974,39733,7482,81,7401,7492,92,7400,235797,2085,164441,89263,75178,0,0,0,0,0,28974,8953,14686,0,0,0,5335,0,86,34
2086,7568,7568,7578,7578,0,0,0,0,0,0,7568,1,7567,7578,3,7575,0,2086,0,0,0,0,0,0,0,0,0,0,0,0,0,0,0,0,0,0
2087,7568,7568,7578,7578,0,0,0,0,0,0,7568,21,7547,7578,27,7551,0,2087,0,0,0,0,0,0,0,0,0,0,0,0,0,0,0,0,0,0
2088,7568,7568,7578,7566,91637,50229,41408,14342,15611,11455,7549,30,7519,7559,32,7527,13357,2088,50229,31308,18921,0,0,0,0,0,15611,6043,6146,0,0,0,3422,0,19,7
2089,7568,7568,7578,7578,0,0,0,0,0,0,7568,29,7539,7578,34,7544,0,2089,0,0,0,0,0,0,0,0,0,0,0,0,0,0,0,0,0,0
2090,7568,7568,7578,7578,0,0,0,0,0,0,7568,20,7548,7578,21,7557,0,2090,0,0,0,0,0,0,0,0,0,0,0,0,0,0,0,0,0,0
2091,7568,7568,7578,7561,100080,63223,36857,5192,12068,19597,7544,36,7508,7551,40,7511,32544,2091,63223,37796,17902,0,7525,0,0,0,12068,4936,4333,0,0,0,2799,0,24,10
2092,7568,7568,7578,7571,37440,19941,17499,7175,4663,5661,7556,16,7540,7566,20,7546,28872,2092,19941,12695,6936,0,310,0,0,0,4663,2525,1219,0,0,0,919,0,12,5
2093,7568,7568,7578,7526,0,0,0,0,0,0,7486,54,7432,7495,60,7435,453132,2093,0,0,0,0,0,0,0,0,0,0,0,0,0,0,0,0,82,31
2094,7568,7568,7578,7578,0,0,0,0,0,0,7568,24,7544,7578,32,7546,0,2094,0,0,0,0,0,0,0,0,0,0,0,0,0,0,0,0,0,0
2095,7568,7568,7578,7578,0,0,0,0,0,0,7568,17,7551,7578,21,7557,0,2095,0,0,0,0,0,0,0,0,0,0,0,0,0,0,0,0,0,0
2096,7568,7568,7578,7578,0,0,0,0,0,0,7568,7,7561,7578,11,7567,0,2096,0,0,0,0,0,0,0,0,0,0,0,0,0,0,0,0,0,0
2097,7568,7568,7578,7578,0,0,0,0,0,0,7568,27,7541,7578,33,7545,0,2097,0,0,0,0,0,0,0,0,0,0,0,0,0,0,0,0,0,0
2098,7568,7568,7578,7578,0,0,0,0,0,0,7568,11,7557,7578,16,7562,0,2098,0,0,0,0,0,0,0,0,0,0,0,0,0,0,0,0,0,0
2099,7568,7566,7578,7575,0,0,0,0,0,0,7566,10,7556,7575,15,7560,10518,2099,0,0,0,0,0,0,0,0,0,0,0,0,0,0,0,0,0,0
