"Year","AFem","AFemDeath","AMal","AMalDeath","Eggs","EggsDeath","FryGrad","FryExit","FryDeath","FryInStr","allMortAF","baseMortAF","tempMortAF","allMortAM","baseMortAM","tempMortAM","InVivo"
2010,7568,7568,7578,6309,31218734,28279357,2939377,1690118,549515,699744,1206,189,1017,1249,229,1020,3945918
2011,7568,7568,7578,6309,11518191,10476232,1041959,528498,262071,251390,2805,176,2629,2849,215,2634,14849624
2012,7568,7568,7578,6324,23153940,19934459,3219481,855009,731934,1632538,3378,177,3201,3421,214,3207,0
2013,7568,7568,7578,6322,24551336,21032569,3518767,1425018,659089,1434660,3003,178,2825,3047,214,2833,675479
2014,7568,7568,7578,6275,40245135,33984084,6261051,2635254,1170845,2454952,283,182,101,327,226,101,11775
2015,7568,7568,7578,6553,9819086,8752809,1066277,207687,354889,503701,5536,120,5416,5557,136,5421,1417204
2016,7568,7568,7578,6337,14637567,13054233,1583334,398348,315490,869496,3553,181,3372,3599,219,3380,7574571
2017,7568,7568,7578,6329,22269780,18990584,3279196,961131,812316,1505749,3538,171,3367,3582,208,3374,0
2018,7568,7568,7578,6322,30752190,27726038,3026152,1079335,551888,1394929,2003,195,1808,2044,231,1813,0
2019,7568,7568,7578,6331,6165681,5665609,500072,72791,116757,310524,3626,175,3451,3673,211,3462,15677139
2020,7568,7568,7578,6324,17224819,15138237,2086582,918953,412591,755038,2834,175,2659,2876,210,2666,8961996
2021,7568,7568,7578,6285,38560428,30358029,8202399,5149634,1893978,1158787,590,184,406,637,230,407,0
2022,7568,7568,7578,6373,14503594,13248631,1254963,322749,336253,595961,4827,149,4678,4878,192,4686,646135
2023,7568,7568,7578,6462,13019256,11749840,1269416,143272,335118,791026,5212,126,5086,5259,167,5092,0
2024,7568,7568,7578,6291,25933518,22070892,3862626,1690655,727792,1444179,2875,168,2707,2925,211,2714,0
2025,7568,7568,7578,6266,24777944,20243167,4534777,2924316,1018026,592435,205,182,23,249,226,23,15947449
2026,7568,7568,7578,6330,32907330,26977274,5930056,2736505,1496979,1696572,1613,204,1409,1651,240,1411,0
2027,7568,7568,7578,7511,585756,424693,161063,968,31946,128149,7462,37,7425,7472,39,7433,0
2028,7568,7568,7578,7191,3246898,2910830,336068,24225,93329,218514,6887,103,6784,6918,127,6791,519324
2029,7568,7568,7578,6323,16522612,14391897,2130715,934337,478889,717489,2579,170,2409,2622,207,2415,11077174
2030,7568,7568,7578,7564,127098,78465,48633,5025,12413,31195,7545,34,7511,7556,38,7518,0
2031,7568,7568,7578,6322,40444794,30965562,9479232,5211883,1858674,2408675,249,193,56,285,228,57,0
2032,7568,7568,7578,6288,28395419,24793080,3602339,1863533,703094,1035712,2224,177,2047,2272,220,2052,1135825
2033,7568,7568,7578,6309,36449496,33772484,2677012,813215,566808,1296989,972,190,782,1013,229,784,0
2034,7568,7568,7578,6345,17600310,15637785,1962525,246732,492941,1222852,4383,151,4232,4431,193,4238,0
2035,7568,7568,7578,6973,6062022,5712546,349476,8500,80451,260525,6471,96,6375,6494,114,6380,0
2036,7568,7568,7578,6324,21245858,18644943,2600915,1309824,592329,698762,3720,165,3555,3762,199,3563,18190
2037,7568,7568,7578,6322,26966880,23701538,3265342,1736645,646291,882406,2688,179,2509,2731,215,2516,0
2038,7568,7568,7578,6309,35995282,27599714,8395568,5060951,1625356,1709261,609,190,419,651,230,421,2463972
2039,7568,7568,7578,6327,22982634,19898166,3084468,1047025,696345,1341098,3409,167,3242,3455,205,3250,0
2040,7568,7568,7578,6637,9493668,8652695,840973,118846,212606,509521,5850,112,5738,5874,129,5745,0
2041,7568,7568,7578,6285,28364958,24715725,3649233,1193420,858286,1597527,2435,181,2254,2485,226,2259,0
2042,7568,7568,7578,6370,11093104,10079113,1013991,123783,257434,632774,4979,137,4842,5026,178,4848,3227882
2043,7568,7568,7578,6459,13069476,11866740,1202736,141970,228649,832117,4910,127,4783,4954,163,4791,1621794
2044,7568,7568,7578,6269,31072698,26024613,5048085,2057404,1275831,1714850,1945,182,1763,1993,226,1767,0
2045,7568,7568,7578,6431,13433706,12700534,733172,79768,181895,471509,5137,118,5019,5190,168,5022,0
2046,7568,7568,7578,6341,16821144,14965725,1855419,400091,431528,1023800,4524,159,4365,4569,195,4374,0
2047,7568,7568,7578,6308,25124439,20870575,4253864,1791537,786337,1675990,1640,189,1451,1682,229,1453,7655136
2048,7568,7568,7578,6324,22115052,19080975,3034077,721266,1047480,1265331,3566,177,3389,3610,214,3396,0
2049,7568,7568,7578,7567,104994,57419,47575,9484,14334,23757,7549,15,7534,7561,18,7543,0
2050,7568,7568,7578,7246,3315600,2869646,445954,16003,93166,336785,6968,71,6897,6973,69,6904,0
2051,7568,7568,7578,6281,20750215,17019665,3730550,2152644,758323,819583,2077,185,1892,2125,228,1897,9620575
2052,7568,7568,7578,6302,27305652,23782491,3523161,947304,830077,1745780,1810,190,1620,1857,232,1625,4524587
2053,7568,7568,7578,6367,14939795,13604518,1335277,63716,279945,991616,4851,145,4706,4897,186,4711,74422
2054,7568,7568,7578,6410,15754626,14190913,1563713,315956,382113,865644,4717,135,4582,4772,183,4589,0
2055,7568,7568,7578,6565,9638969,8890661,748308,101474,159941,486893,5419,113,5306,5441,129,5312,2246205
2056,7568,7568,7578,6335,17025606,15276200,1749406,482954,385846,880606,4487,145,4342,4535,186,4349,0
2057,7568,7568,7578,6330,20457252,17827006,2630246,1192827,560872,876547,3866,173,3693,3909,207,3702,0
2058,7568,7568,7578,6283,12001239,10353770,1647469,611369,343519,692581,2672,172,2500,2725,218,2507,15105021
2059,7568,7568,7578,6323,15845650,13717965,2127685,700270,409557,1017858,3559,170,3389,3602,206,3396,6331771
2060,7568,7568,7578,6317,35200620,30402992,4797628,1971188,847954,1978486,1198,182,1016,1238,220,1018,0
2061,7568,7568,7578,6325,24745203,20789554,3955649,1636845,1282512,1036292,3090,181,2909,3134,218,2916,225
2062,7568,7568,7578,7576,38682,21336,17346,5193,4558,7595,7561,16,7545,7575,12,7563,0
2063,7568,7568,7578,6346,19318896,16674564,2644332,783166,917212,943954,4072,169,3903,4113,203,3910,0
2064,7568,7568,7578,7578,16578,10954,5624,4,613,5007,7565,19,7546,7578,13,7565,0
2065,7568,7568,7578,6350,16370517,14481476,1889041,406898,538083,944060,4598,151,4447,4646,190,4456,41703
2066,7568,7568,7578,6335,20435148,17620685,2814463,749549,717929,1346985,3870,167,3703,3915,207,3708,0
2067,7568,7568,7578,7549,270774,209031,61743,803,26171,34769,7519,46,7473,7530,49,7481,0
2068,7568,7568,7578,7578,0,0,0,0,0,0,7568,8,7560,7578,0,7578,0
2069,7568,7568,7578,6328,19374156,16927177,2446979,654866,633309,1158804,4062,167,3895,4107,203,3904,0
2070,7568,7568,7578,7578,0,0,0,0,0,0,7568,28,7540,7578,31,7547,0
2071,7568,7568,7578,6334,17788194,15800943,1987251,408480,541144,1037627,4349,168,4181,4395,206,4189,0
2072,7568,7568,7578,7049,5229740,4711425,518315,39412,148945,329958,6620,84,6536,6645,104,6541,8908
2073,7568,7568,7578,7571,55260,36383,18877,1153,4392,13332,7558,21,7537,7567,23,7544,0
2074,7568,7568,7578,6671,9035010,8368111,666899,22947,198778,445174,5933,120,5813,5958,141,5817,0
2075,7568,7568,7578,7578,0,0,0,0,0,0,7568,20,7548,7578,23,7555,0
2076,7568,7568,7578,7578,0,0,0,0,0,0,7568,23,7545,7578,25,7553,0
2077,7568,7568,7578,7413,1525176,1161001,364175,25908,73251,265016,7292,55,7237,7302,60,7242,0
2078,7568,7568,7578,6322,29497788,24701843,4795945,2450435,1167902,1177608,2230,197,2033,2269,231,2038,0
2079,7568,7568,7578,7250,3249288,2856007,393281,36954,114674,241653,6980,100,6880,6992,106,6886,0
2080,7568,7568,7578,6778,7985070,7189515,795555,151164,237443,406948,6123,107,6016,6140,118,6022,0
2081,7568,7568,7578,6345,9587493,8590442,997051,178744,253533,564774,4562,147,4415,4610,186,4424,7039665
2082,7568,7568,7578,6404,14867403,13443452,1423951,305736,353250,764965,4807,142,4665,4861,187,4674,391284
2083,7568,7568,7578,6365,10434888,9364438,1070450,287666,269478,513306,4977,141,4836,5022,178,4844,3900762
2084,7568,7568,7578,6323,23496552,20442011,3054541,856904,729727,1467910,3316,174,3142,3358,207,3151,0
2085,7568,7568,7578,7566,102990,75283,27707,3852,8010,15845,7548,43,7505,7559,47,7512,7530
2086,7568,7568,7578,6345,15777570,14358536,1419034,140690,365038,913306,4617,149,4468,4665,187,4478,530538
2087,7568,7568,7578,7578,0,0,0,0,0,0,7568,28,7540,7578,34,7544,0
2088,7568,7568,7578,6770,5579057,5208671,370386,17468,98184,254734,6051,124,5927,6075,144,5931,2818557
2089,7568,7568,7578,7197,3608478,3218228,390250,4550,68916,316784,6915,65,6850,6947,93,6854,0
2090,7568,7568,7578,6398,10750751,9802023,948728,202490,272679,473559,5079,132,4947,5130,179,4951,3017635
2091,7568,7568,7578,7532,346531,199031,147500,52174,41921,53405,7495,38,7457,7505,44,7461,56867
2092,7568,7568,7578,6463,10793160,9859800,933360,106383,431154,395823,5408,112,5296,5455,154,5301,1146162
2093,7568,7568,7578,7578,0,0,0,0,0,0,7568,1,7567,7578,3,7575,0
2094,7568,7568,7578,7564,116046,69212,46834,10387,10935,25512,7547,68,7479,7556,80,7476,0
2095,7568,7568,7578,6296,12242614,10162123,2080491,1027257,513219,540015,2366,189,2177,2413,231,2182,16555606
2096,7568,7568,7578,7578,0,0,0,0,0,0,7568,32,7536,7578,36,7542,0
2097,7568,7568,7578,7577,8690,4764,3926,846,1379,1701,7566,16,7550,7577,22,7555,2362
2098,7568,7568,7578,7578,0,0,0,0,0,0,7568,8,7560,7578,14,7564,0
2099,7568,7407,7578,7413,33156,5555,0,0,0,0,7401,43,7358,7412,48,7364,0
