"Year","allMortEgg","baseMortEgg","tempMortEgg","denMortEgg","incMortEgg","superMortEgg","lostMortEgg","catMortEgg","allMortFry","baseMortFry","tempMortFry","denMortFry","habMortFry","freshMortFry","seasMortFry","catMortFry","allMortSF","allMortSM"
2010,28279357,6632364,3509292,0,5028354,6180634,6928713,0,549515,338592,8469,0,0,0,202454,0,6362,5060
2011,10476232,1805661,1158354,0,1434603,2595719,3481895,0,262071,129403,55511,0,0,0,77157,0,4763,3460
2012,19934459,4717080,2303034,0,152496,5345957,7415892,0,731934,329711,203379,0,0,0,198844,0,4190,2903
2013,21032569,4539593,1926739,0,1358151,5800795,7407291,0,659089,411057,1989,0,0,0,246043,0,4565,3275
2014,33984084,10687743,7489368,0,1360646,6969649,7476678,0,1170845,589327,227059,0,0,0,354459,0,7285,5948
2015,8752809,1216609,517570,0,74454,2178592,4765584,0,354889,139185,131667,0,0,0,84037,0,2032,996
2016,13054233,2578406,1295744,0,637004,3460327,5082752,0,315490,171207,41958,0,0,0,102325,0,4015,2738
2017,18990584,4330234,1610894,0,344491,5371963,7333002,0,812316,362304,231460,0,0,0,218552,0,4030,2747
2018,27726038,6398533,5485141,0,2040090,6336648,7465626,0,551888,312106,52688,0,0,0,187094,0,5565,4278
2019,5665609,883128,566592,0,103455,1620234,2492200,0,116757,50670,35953,0,0,0,30134,0,3942,2658
2020,15138237,3157113,1488618,0,1349394,3920438,5222674,0,412591,246818,18241,0,0,0,147532,0,4734,3448
2021,30358029,8586814,5038609,0,2285807,6953543,7493256,0,1893978,910398,434664,0,0,0,548916,0,6978,5648
2022,13248631,1736202,1097489,0,276576,3486864,6651500,0,336253,169234,65588,0,0,0,101431,0,2741,1495
2023,11749840,1677631,962833,0,1006,2886094,6222276,0,335118,152212,91370,0,0,0,91536,0,2356,1203
2024,22070892,5069533,1913796,0,1373237,6254226,7460100,0,727792,455155,0,0,0,0,272637,0,4693,3366
2025,20243167,5238270,3423749,0,2493919,4395915,4691314,0,1018026,495969,223605,0,0,0,298452,0,7363,6017
2026,26977274,7955436,4527545,0,515082,6607527,7371684,0,1496979,596439,539087,0,0,0,361453,0,5955,4679
2027,424693,255702,167194,0,1797,0,0,0,31946,16119,6218,0,0,0,9609,0,106,39
2028,2910830,458622,243836,0,70425,1307619,830328,0,93329,41512,27273,0,0,0,24544,0,681,273
2029,14391897,2774087,1495677,0,1068117,4096751,4957265,0,478889,236787,100098,0,0,0,142004,0,4989,3701
2030,78465,51443,20973,0,6049,0,0,0,12413,6256,2578,0,0,0,3579,0,23,8
2031,30965562,11263608,3147582,0,697218,8181540,7675614,0,1858674,946808,341797,0,0,0,570069,0,7319,6037
2032,24793080,4944780,3364389,0,2902669,6141929,7439313,0,703094,418903,33276,0,0,0,250915,0,5344,4016
2033,33772484,8743541,6255548,0,3930594,7344019,7498782,0,566808,242273,178307,0,0,0,146228,0,6596,5296
2034,15637785,2847052,1402770,0,74798,4168047,7145118,0,492941,209964,156458,0,0,0,126519,0,3185,1914
2035,5712546,787016,614629,0,154410,2006877,2149614,0,80451,35619,23820,0,0,0,21012,0,1097,479
2036,18644943,2857211,1884107,0,1560651,4954712,7388262,0,592329,348024,35982,0,0,0,208323,0,3848,2562
2037,23701538,4715280,3529078,0,2420357,5582249,7454574,0,646291,403469,1453,0,0,0,241369,0,4880,3591
2038,27599714,8990092,2374474,0,1692462,7301036,7241650,0,1625356,914969,160793,0,0,0,549594,0,6959,5658
2039,19898166,3962105,3726215,0,252952,4579684,7377210,0,696345,344164,145206,0,0,0,206975,0,4159,2872
2040,8652695,1052696,461502,0,19069,2333912,4785516,0,212606,106320,42713,0,0,0,63573,0,1718,763
2041,24715725,6228069,3221557,0,1335203,6465270,7465626,0,858286,373255,259558,0,0,0,225473,0,5133,3800
2042,10079113,1310948,757432,0,841,2552572,5457320,0,257434,122930,60926,0,0,0,73578,0,2589,1344
2043,11866740,1844833,992246,0,246504,3144285,5638872,0,228649,136968,9987,0,0,0,81694,0,2658,1505
2044,26024613,7062122,4363484,0,838345,6300562,7460100,0,1275831,518188,443599,0,0,0,314044,0,5623,4276
2045,12700534,1539204,774786,0,777235,3105207,6504102,0,181895,88101,41259,0,0,0,52535,0,2431,1241
2046,14965725,2297726,1232444,0,127610,4151775,7156170,0,431528,241497,45286,0,0,0,144745,0,3044,1772
2047,20870575,6059098,2855898,0,731531,5316691,5907357,0,786337,450808,65187,0,0,0,270342,0,5928,4626
2048,19080975,4189341,1302069,0,615521,5558152,7415892,0,1047480,323269,526530,0,0,0,197681,0,4002,2714
2049,57419,43327,14092,0,0,0,0,0,14334,6661,3846,0,0,0,3827,0,19,6
2050,2869646,664357,199612,0,107101,1417814,480762,0,93166,50043,13392,0,0,0,29731,0,600,273
2051,17019665,3990659,2200598,0,1071928,4424911,5331569,0,758323,449224,40221,0,0,0,268878,0,5491,4156
2052,23782491,6478130,4337173,0,344057,5910586,6712545,0,830077,309234,333251,0,0,0,187592,0,5758,4445
2053,13604518,2020754,963057,0,1705,3650716,6968286,0,279945,147522,44067,0,0,0,88356,0,2717,1470
2054,14190913,2123321,1142782,0,476743,3778185,6669882,0,382113,190698,76982,0,0,0,114433,0,2851,1638
2055,8890661,1138423,667919,0,395836,2210673,4477810,0,159941,92983,11624,0,0,0,55334,0,2149,1124
2056,15276200,2460657,873822,0,608311,4177240,7156170,0,385846,226468,23882,0,0,0,135496,0,3081,1800
2057,17827006,2948504,1673070,0,969563,4936023,7299846,0,560872,347655,5241,0,0,0,207976,0,3702,2421
2058,10353770,2323218,1644227,0,369816,2554282,3462227,0,343519,186226,45981,0,0,0,111312,0,4896,3558
2059,13717965,2832485,1101775,0,451380,3863174,5469151,0,409557,251880,7266,0,0,0,150411,0,4009,2721
2060,30402992,8489872,5466151,0,1994570,6887305,7565094,0,847954,477929,83222,0,0,0,286803,0,6370,5079
2061,20789554,4890458,2264457,0,416484,5774633,7443522,0,1282512,457431,546784,0,0,0,278297,0,4478,3191
2062,21336,14499,6096,0,741,0,0,0,4558,2503,972,0,0,0,1083,0,7,1
2063,16674564,3248208,1484008,0,372520,4463392,7106436,0,917212,303743,428465,0,0,0,185004,0,3496,2233
2064,10954,7353,2290,0,1311,0,0,0,613,423,0,0,0,0,190,0,3,0
2065,14481476,2278962,960528,0,216259,3924817,7100910,0,538083,235050,161320,0,0,0,141713,0,2970,1704
2066,17620685,3571720,1552512,0,175347,5054416,7266690,0,717929,322294,201256,0,0,0,194379,0,3698,2420
2067,209031,105075,83569,0,20387,0,0,0,26171,6140,16343,0,0,0,3688,0,49,19
2068,0,0,0,0,0,0,0,0,0,0,0,0,0,0,0,0,0,0
2069,16927177,3014033,1772746,0,91783,4732191,7316424,0,633309,295579,159892,0,0,0,177838,0,3506,2221
2070,0,0,0,0,0,0,0,0,0,0,0,0,0,0,0,0,0,0
2071,15800943,2501148,1752597,0,71386,4264382,7211430,0,541144,240338,156042,0,0,0,144764,0,3219,1939
2072,4711425,710185,453061,0,54168,1885945,1608066,0,148945,63015,48090,0,0,0,37840,0,948,404
2073,36383,23581,4930,0,7872,0,0,0,4392,2266,1060,0,0,0,1066,0,10,4
2074,8368111,1024957,445296,0,0,2361012,4536846,0,198778,70794,85098,0,0,0,42886,0,1635,713
2075,0,0,0,0,0,0,0,0,0,0,0,0,0,0,0,0,0,0
2076,0,0,0,0,0,0,0,0,0,0,0,0,0,0,0,0,0,0
2077,1161001,440924,169053,0,13971,537053,0,0,73251,45880,229,0,0,0,27142,0,276,111
2078,24701843,5594203,3595049,0,1415560,6603775,7493256,0,1167902,529164,319470,0,0,0,319268,0,5338,4053
2079,2856007,605645,358724,0,147445,1268957,475236,0,114674,49184,36174,0,0,0,29316,0,588,258
2080,7189515,919005,456033,0,0,2178369,3636108,0,237443,105001,69612,0,0,0,62830,0,1445,638
2081,8590442,1253633,676987,0,75243,2398499,4186080,0,253533,122732,57156,0,0,0,73645,0,3006,1735
2082,13443452,1889010,914266,0,457407,3595605,6587164,0,353250,183817,59184,0,0,0,110249,0,2761,1543
2083,9364438,1155433,673578,0,1,2427854,5107572,0,269478,146797,35005,0,0,0,87676,0,2591,1343
2084,20442011,4489356,2827922,0,324243,5395650,7404840,0,729727,323906,210466,0,0,0,195355,0,4252,2965
2085,75283,38852,20635,0,15796,0,0,0,8010,3607,2589,0,0,0,1814,0,20,7
2086,14358536,2169824,1326692,0,5525,3879695,6976800,0,365038,160176,108633,0,0,0,96229,0,2951,1680
2087,0,0,0,0,0,0,0,0,0,0,0,0,0,0,0,0,0,0
2088,5208671,620065,436160,0,194361,1465985,2492100,0,98184,39889,34450,0,0,0,23845,0,1517,695
2089,3218228,613560,229611,0,7517,1638108,729432,0,68916,43302,0,0,0,0,25614,0,653,250
2090,9802023,1199620,715780,0,174706,2528332,5183585,0,272679,123550,75049,0,0,0,74080,0,2489,1268
2091,199031,116891,60046,0,22094,0,0,0,41921,22608,5874,0,0,0,13439,0,73,27
2092,9859800,1245553,844258,0,0,2146114,5623875,0,431154,105391,261187,0,0,0,64576,0,2160,1008
2093,0,0,0,0,0,0,0,0,0,0,0,0,0,0,0,0,0,0
2094,69212,46035,18823,0,4354,0,0,0,10935,6725,308,0,0,0,3902,0,21,8
2095,10162123,2330614,1316220,0,468168,2658494,3388627,0,513219,247074,117843,0,0,0,148302,0,5202,3883
2096,0,0,0,0,0,0,0,0,0,0,0,0,0,0,0,0,0,0
2097,4764,3534,878,0,352,0,0,0,1379,250,997,0,0,0,132,0,2,0
2098,0,0,0,0,0,0,0,0,0,0,0,0,0,0,0,0,0,0
2099,5555,1244,4214,0,97,0,0,0,0,0,0,0,0,0,0,0,6,1
