"Year","AFem","AFemDeath","AMal","AMalDeath","Eggs","EggsDeath","FryGrad","FryExit","FryDeath","FryInStr","allMortAF","baseMortAF","tempMortAF","allMortAM","baseMortAM","tempMortAM","InVivo"
2010,7568,7568,7578,7026,40414518,32396234,8018284,3768808,1503170,2746306,171,171,0,213,213,0,461354
2011,7568,7568,7578,6322,40770828,32861270,7909558,4297491,1443969,2168098,190,190,0,226,226,0,0
2012,7568,7568,7578,7034,40770828,32994093,7776735,4124417,1531226,2121092,190,190,0,211,211,0,0
2013,7568,7568,7578,6326,31668430,28560666,3107764,661594,428973,2017197,1428,193,1235,1464,225,1239,2264192
2014,7568,7568,7578,6324,27191528,24422667,2768861,761892,420157,1586812,995,195,800,1032,233,799,9151992
2015,7568,7568,7578,6322,40748724,35699188,5049536,1760517,953119,2335900,194,191,3,230,227,3,0
2016,7568,7568,7578,6323,31057347,25864576,5192771,1896813,1035155,2260803,1029,191,838,1065,225,840,5087385
2017,7568,7568,7578,6809,7331590,6740586,591004,48317,108212,434475,6008,113,5895,6026,122,5904,1294598
2018,7568,7568,7578,6991,40787406,35248099,5539307,1895459,1006938,2636910,187,184,3,217,214,3,0
2019,7568,7568,7578,7025,40848192,33593006,7255186,3065781,1341849,2847556,176,176,0,213,213,0,0
2020,7568,7568,7578,6406,19429396,18013778,1415618,419910,262659,733049,4052,142,3910,4107,188,3919,20
2021,7568,7568,7578,6322,27012979,22296002,4716977,2315587,913079,1488311,190,190,0,226,226,0,13787282
2022,7568,7568,7578,6322,40759776,32916834,7842942,3502449,1369445,2971048,192,192,0,228,228,0,0
2023,7568,7568,7578,6322,40442293,33913148,6529145,2563793,1095833,2869519,191,191,0,227,227,0,323009
2024,7568,7568,7578,6323,37355760,27915404,9440356,6495817,1707683,1236856,808,199,609,847,237,610,0
2025,7568,7568,7578,7028,40826088,34874335,5951753,2169838,1165012,2616903,180,180,0,213,213,0,0
2026,7568,7568,7578,7570,66312,41657,24655,1674,5664,17317,7556,60,7496,7566,63,7503,0
2027,7568,7568,7578,6324,35018262,29418601,5599661,2793704,1019307,1786650,1231,189,1042,1269,226,1043,0
2028,7568,7568,7578,7008,34314409,30898191,3416218,2115275,654168,646775,182,182,0,214,214,0,6513961
2029,7568,7568,7578,7028,39571686,31200465,8371221,4886247,1654718,1830256,407,182,225,439,215,224,0
2030,7568,7568,7578,6991,40803984,31449561,9354423,5996973,1981299,1376151,184,182,2,215,213,2,0
2031,7568,7568,7578,6322,40715568,31766280,8949288,5283935,1695724,1969629,200,191,9,237,227,10,0
2032,7568,7568,7578,6322,40715568,34774391,5941177,2387768,924826,2628583,200,190,10,236,226,10,0
2033,7568,7568,7578,7033,40743524,34780698,5962826,3151447,1027907,1783472,194,190,4,219,215,4,5200
2034,7568,7568,7578,7027,23780589,20059129,3721460,1732726,623355,1365379,180,180,0,213,213,0,17084111
2035,7568,7568,7578,7009,38126016,30792890,7333126,3374346,1245610,2713170,182,182,0,215,215,0,3009488
2036,7568,7568,7578,7026,32709059,27363520,5345539,2404667,853265,2087607,175,175,0,213,213,0,8159081
2037,7568,7568,7578,7012,40815036,33489707,7325329,2877538,1196378,3251413,182,182,0,215,215,0,0
2038,7568,7568,7578,7194,4360014,3855684,504330,14006,122627,367697,6779,97,6682,6814,126,6688,0
2039,7568,7568,7578,6331,28924878,26248795,2676083,757642,466671,1451770,2301,187,2114,2345,224,2121,180564
2040,7568,7568,7578,6322,28944264,24334640,4609624,2151147,796609,1661868,316,198,118,353,234,119,11154303
2041,7568,7568,7578,6323,34936735,30916714,4020021,2032554,693355,1294112,253,194,59,288,230,58,5497311
2042,7568,7568,7578,7000,40815036,33292604,7522432,3443802,1654751,2423879,182,182,0,213,213,0,0
2043,7568,7568,7578,6530,7691300,6978743,712557,60894,173036,478627,5015,116,4899,5039,131,4908,6441186
2044,7568,7568,7578,6346,17926154,16498304,1427850,680323,312702,434825,3519,169,3350,3566,211,3355,4459973
2045,7568,7568,7578,7009,38016718,32528356,5488362,2128780,1085614,2273968,181,181,0,214,214,0,2942426
2046,7568,7568,7578,6322,40538736,32154741,8383995,4186286,1550785,2646924,232,193,39,269,229,40,0
2047,7568,7568,7578,6322,40544262,31416074,9128188,5418694,1849974,1859520,231,195,36,267,230,37,0
2048,7568,7568,7578,7025,40382400,33441631,6940769,4061417,1211090,1668262,179,170,9,225,216,9,449214
2049,7568,7568,7578,7009,40815036,31797661,9017375,5371768,2044073,1601534,182,182,0,214,214,0,0
2050,7568,7568,7578,7557,118694,81716,36978,3657,10290,23031,7534,39,7495,7545,41,7504,69190
2051,7568,7568,7578,7539,342612,216955,125657,6975,27670,91012,7506,35,7471,7516,39,7477,0
2052,7568,7568,7578,7573,38682,28009,10673,163,2316,8194,7561,69,7492,7570,73,7497,0
2053,7568,7568,7578,7403,1441820,1182523,259297,3276,60754,195267,7265,48,7217,7275,54,7221,232558
2054,7568,7568,7578,6322,40754250,33459415,7294835,4253964,1456223,1584648,193,190,3,229,226,3,0
2055,7568,7568,7578,6322,38421181,32019107,6402074,2988206,1365931,2047937,191,191,0,227,227,0,2347791
2056,7568,7568,7578,7430,1398078,1086419,311659,27538,69597,214524,7315,54,7261,7325,53,7272,0
2057,7568,7568,7578,7027,27130985,23307150,3823835,2704452,735495,383888,178,178,0,213,213,0,13733756
2058,7568,7568,7578,6323,37134720,29871700,7263020,3535087,1197329,2530604,848,196,652,881,232,649,0
2059,7568,7568,7578,6322,40732146,33082748,7649398,3424464,1515140,2709794,197,191,6,233,227,6,0
2060,7568,7568,7578,6324,33539041,27439784,6099257,3498985,1053306,1546966,786,190,596,825,230,595,3945579
2061,7568,7568,7578,7028,40811238,37363564,3447674,2150133,671722,625819,180,180,0,213,213,0,14850
2062,7568,7568,7578,7034,40621828,34055858,6565970,2851483,1338098,2376389,193,192,1,216,215,1,132422
2063,7568,7568,7578,6530,14589156,13065831,1523325,436015,356583,730727,4926,132,4794,4951,150,4801,10536
2064,7568,7568,7578,6322,40770828,32514093,8256735,4495576,1546941,2214218,190,190,0,226,226,0,0
2065,7568,7568,7578,6322,38661832,31758175,6903657,2983795,1197733,2722129,393,198,195,430,234,196,987520
2066,7568,7568,7578,6323,18581841,16131041,2450800,1498014,415861,536925,488,203,285,526,239,287,20586948
2067,7568,7568,7578,7073,21931894,17823112,4108782,1713502,970156,1425124,3525,169,3356,3552,188,3364,409849
2068,7568,7568,7578,6323,37775736,32594305,5181431,1857662,889661,2434108,732,195,537,770,232,538,0
2069,7568,7568,7578,6440,16060084,14057206,2002878,524215,397822,1080841,4229,127,4102,4284,177,4107,2399194
2070,7568,7568,7578,6330,31735818,26388336,5347482,2365372,1338164,1643946,1825,192,1633,1865,229,1636,0
2071,7568,7568,7578,7573,49734,30459,19275,3716,4846,10713,7559,54,7505,7570,63,7507,0
2072,7568,7568,7578,6322,39179340,32544814,6634526,3840235,1245174,1549117,478,197,281,513,232,281,0
2073,7568,7568,7578,6322,40037834,32602340,7435494,4124412,1573232,1737850,197,192,5,233,228,5,694312
2074,7568,7568,7578,6327,832590,795388,37202,9837,8597,18768,1249,188,1061,1290,223,1067,34180764
2075,7568,7568,7578,6381,13402279,11491457,1910822,757956,390300,762566,3799,152,3647,3847,194,3653,7449507
2076,7568,7568,7578,7008,39428010,31386384,8041626,4852717,1415105,1773804,433,185,248,465,217,248,0
2077,7568,7568,7578,7023,40881348,34127816,6753532,2975552,1502090,2275890,170,170,0,214,214,0,0
2078,7568,7568,7578,7531,399372,233011,166361,25722,52248,88391,7490,37,7453,7501,41,7460,31656
2079,7568,7568,7578,7576,12960,7498,5462,417,1571,3474,7565,10,7555,7575,13,7562,3618
2080,7568,7568,7578,7215,3562270,3174141,388129,57063,98454,232612,6923,76,6847,6936,81,6855,2000
2081,7568,7568,7578,6322,34774602,30396373,4378229,2982703,886758,508768,190,190,0,226,226,0,6001150
2082,7568,7568,7578,6330,32023170,27410397,4612773,1627709,1186212,1798852,1773,187,1586,1816,225,1591,0
2083,7568,7568,7578,7202,3685842,3466854,218988,538,45468,172982,6901,80,6821,6929,99,6830,0
2084,7568,7568,7578,7578,0,0,0,0,0,0,7568,10,7558,7578,12,7566,0
2085,7568,7568,7578,7578,0,0,0,0,0,0,7568,58,7510,7578,63,7515,0
2086,7568,7568,7578,6569,12825846,11728649,1097197,199723,289865,607609,5247,118,5129,5271,135,5136,0
2087,7568,7568,7578,7578,0,0,0,0,0,0,7568,46,7522,7578,50,7528,0
2088,7568,7568,7578,7025,21178734,17991736,3186998,1829736,559134,798128,180,168,12,228,215,13,19689673
2089,7568,7568,7578,6999,39356172,29888020,9468152,6464070,1721269,1282813,446,179,267,488,220,268,0
2090,7568,7568,7578,6324,29072892,24596324,4476568,2955455,862129,658984,1401,191,1210,1442,226,1216,5017756
2091,7568,7568,7578,6539,15743574,13826102,1917472,481036,411728,1024708,4719,151,4568,4746,176,4570,0
2092,7568,7568,7578,6322,40555314,31806889,8748425,5774650,1775096,1198679,229,197,32,266,233,33,0
2093,7568,7568,7578,6336,29536470,24391242,5145228,3108337,1048396,988495,2223,176,2047,2265,213,2052,0
2094,7568,7568,7578,6723,9170413,7869062,1301351,557638,362757,380956,5739,123,5616,5750,128,5622,938549
2095,7568,7568,7578,7287,2984040,2458739,525301,122715,159495,243091,7028,69,6959,7018,52,6966,0
2096,7568,7568,7578,7578,0,0,0,0,0,0,7568,14,7554,7578,16,7562,0
2097,7568,7568,7578,7578,0,0,0,0,0,0,7568,46,7522,7578,52,7526,0
2098,7568,7568,7578,7578,0,0,0,0,0,0,7568,34,7534,7578,37,7541,0
2099,7568,7568,7578,7578,0,0,0,0,0,0,7568,16,7552,7578,18,7560,0
