"Year","AFem","AFemDeath","AMal","AMalDeath","Eggs","EggsDeath","FryGrad","FryExit","FryDeath","FryInStr","allMortAF","baseMortAF","tempMortAF","allMortAM","baseMortAM","tempMortAM","InVivo","Year","allMortEgg","baseMortEgg","tempMortEgg","denMortEgg","incMortEgg","superMortEgg","lostMortEgg","catMortEgg","allMortFry","baseMortFry","tempMortFry","denMortFry","habMortFry","freshMortFry","seasMortFry","catMortFry","allMortSF","allMortSM"
2010,7568,7568,7578,7359,1939626,1524058,415568,46514,120253,248801,7217,34,7183,7213,24,7189,0,2010,1524058,493425,200672,0,12228,779051,38682,0,120253,54325,33701,0,0,0,32227,0,351,146
2011,7568,7568,7578,6354,15406488,13643058,1763430,316175,510454,936801,4780,154,4626,4825,190,4635,0,2011,13643058,2075025,586451,0,6548,3901754,7073280,0,510454,225983,148175,0,0,0,136296,0,2788,1529
2012,7568,7568,7578,6323,32946012,28106271,4839741,1749543,980169,2110029,1606,196,1410,1646,233,1413,0,2012,28106271,7942412,3426559,0,1924007,7248199,7565094,0,980169,448612,260925,0,0,0,270632,0,5962,4677
2013,7568,7568,7578,6993,6272010,5710336,561674,31690,112762,417222,6433,94,6339,6458,113,6345,0,2013,5710336,879351,338296,0,252058,1930763,2309868,0,112762,61200,15291,0,0,0,36271,0,1135,535
2014,7568,7568,7578,6322,31205322,26254485,4950837,1961915,929953,2058969,1921,195,1726,1960,231,1729,0,2014,26254485,6952360,3651078,0,1347188,6832707,7471152,0,929953,509096,115163,0,0,0,305694,0,5647,4362
2015,7568,7568,7578,6349,9971623,8930155,1041468,131509,258388,651571,4504,163,4341,4551,201,4350,6988922,2015,8930155,1518523,667123,0,27414,2452719,4264376,0,258388,114699,74810,0,0,0,68879,0,3064,1798
2016,7568,7568,7578,6964,6249906,5679368,570538,62859,138227,369452,6437,122,6315,6464,146,6318,0,2016,5679368,782985,440450,0,135869,2087560,2232504,0,138227,72365,22703,0,0,0,43159,0,1131,500
2017,7568,7568,7578,6483,14121756,13035746,1086010,71334,258593,756083,5009,131,4878,5043,158,4885,19278,2017,13035746,1939804,893689,0,687674,3474661,6039918,0,258593,109101,83805,0,0,0,65687,0,2559,1440
2018,7568,7568,7578,6326,30354318,26705935,3648383,1161681,568728,1917974,2075,177,1898,2115,216,1899,0,2018,26705935,6536129,4632730,0,453880,6589734,8493462,0,568728,324355,49883,0,0,0,194490,0,5493,4211
2019,7568,7568,7578,6324,3503718,3299470,204248,27244,55717,121287,2594,184,2410,2633,220,2413,24053268,2019,3299470,341490,255904,0,107311,961033,1633732,0,55717,21183,22226,0,0,0,12308,0,4974,3691
2020,7568,7568,7578,7325,2215926,1775338,440588,82090,122144,236354,7167,45,7122,7165,34,7131,0,2020,1775338,457693,156839,0,31890,847090,281826,0,122144,61992,23210,0,0,0,36942,0,401,160
2021,7568,7568,7578,6322,23388195,19422018,3966177,1736215,744474,1485488,1201,194,1007,1239,230,1009,11828959,2021,19422018,5612950,3150670,0,1176541,4490448,4991409,0,744474,405112,96314,0,0,0,243048,0,6367,5083
2022,7568,7568,7578,6303,23784975,20679414,3105561,1666577,604699,834285,1476,185,1291,1523,230,1293,9907833,2022,20679414,3814543,1975441,0,4013515,5546925,5328990,0,604699,364228,22618,0,0,0,217853,0,6092,4780
2023,7568,7568,7578,6310,32041000,26763648,5277352,2884569,975500,1417283,1609,189,1420,1651,228,1423,889836,2023,26763648,6785652,4123669,0,2278866,6168467,7406994,0,975500,602915,11436,0,0,0,361149,0,5959,4659
2024,7568,7568,7578,6276,28967292,23203215,5764077,2995647,1313422,1455008,2326,185,2141,2376,229,2147,0,2024,23203215,6099144,2735505,0,533208,6375258,7460100,0,1313422,654621,264532,0,0,0,394269,0,5242,3900
2025,7568,7568,7578,6494,14537519,12433631,2103888,529732,607124,967032,4738,135,4603,4764,155,4609,1105085,2025,12433631,2427517,864988,0,12323,3571072,5557731,0,607124,259706,190752,0,0,0,156666,0,2830,1730
2026,7568,7568,7578,6374,16373538,14440522,1933016,345261,476554,1111201,4605,143,4462,4650,182,4468,0,2026,14440522,2534559,1292560,0,26775,3679128,6907500,0,476554,225838,114856,0,0,0,135860,0,2963,1724
2027,7568,7568,7578,6803,7747452,7132334,615118,33339,206823,374956,6166,118,6048,6184,126,6058,0,2027,7132334,948650,612222,0,30914,2103376,3437172,0,206823,69256,95661,0,0,0,41906,0,1402,619
2028,7568,7568,7578,6530,13140828,11846267,1294561,179285,312373,802903,5190,131,5059,5213,147,5066,0,2028,11846267,1939795,752703,0,525106,2958987,5669676,0,312373,146142,78490,0,0,0,87741,0,2378,1317
2029,7568,7568,7578,6334,7782782,6881907,900875,216410,214840,469625,4316,159,4157,4363,199,4164,10230468,2029,6881907,1058616,479192,0,13725,2042668,3287706,0,214840,115205,30975,0,0,0,68660,0,3252,1971
2030,7568,7568,7578,7441,1243100,869572,373528,79148,106116,188264,7343,53,7290,7353,58,7295,250,2030,869572,365457,259676,0,11425,233014,0,0,106116,52552,22490,0,0,0,31074,0,225,88
2031,7568,7568,7578,6325,30553254,24811508,5741746,2386196,1184831,2170719,2039,191,1848,2078,228,1850,0,2031,24811508,7463084,2643893,0,384638,6870845,7449048,0,1184831,591233,237476,0,0,0,356122,0,5529,4247
2032,7568,7568,7578,6509,11314851,10685865,628986,232867,156806,239313,5473,133,5340,5499,150,5349,263219,2032,10685865,1007531,591200,0,1019131,2517205,5550798,0,156806,91518,10953,0,0,0,54335,0,2095,1010
2033,7568,7568,7578,6323,34664598,28250241,6414357,3047876,1656899,1709582,1295,201,1094,1333,237,1096,0,2033,28250241,8194019,2959469,0,1893449,7571898,7631406,0,1656899,640861,627242,0,0,0,388796,0,6273,4990
2034,7568,7568,7578,7360,1934100,1617253,316847,35125,143077,138645,7218,65,7153,7217,58,7159,0,2034,1617253,404012,247429,0,119353,802251,44208,0,143077,40383,78348,0,0,0,24346,0,350,143
2035,7568,7568,7578,7433,1348344,947117,401227,80413,99403,221411,7324,59,7265,7335,67,7268,0,2035,947117,407516,174368,0,32828,332405,0,0,99403,56493,9466,0,0,0,33444,0,244,98
2036,7568,7568,7578,6350,8495608,7508369,987239,232115,277234,477890,4712,152,4560,4757,188,4569,7318330,2036,7508369,1136622,593863,0,11173,1994319,3772392,0,277234,126788,74474,0,0,0,75972,0,2856,1593
2037,7568,7568,7578,7544,259980,166718,93262,16344,22508,54410,7512,46,7466,7522,51,7471,49476,2037,166718,94251,49308,0,23159,0,0,0,22508,12602,2530,0,0,0,7376,0,56,22
2038,7568,7568,7578,6323,9568402,8092129,1476273,815822,319655,340796,2919,186,2733,2960,220,2740,16174415,2038,8092129,1509552,716164,0,493734,2314440,3058239,0,319655,185004,24320,0,0,0,110331,0,4649,3363
2039,7568,7568,7578,6337,21346613,18760687,2585926,697552,552238,1336136,3705,163,3542,3750,202,3548,325,2039,18760687,3699802,2235408,0,865431,4726512,7233534,0,552238,285813,94792,0,0,0,171633,0,3863,2587
2040,7568,7568,7578,6325,19330488,16763245,2567243,898863,637821,1030559,3211,185,3026,3251,221,3030,4762524,2040,16763245,3422114,1718506,0,1181853,4379511,6061261,0,637821,295655,164172,0,0,0,177994,0,4357,3074
2041,7568,7568,7578,6880,6796980,6370035,426945,16461,99742,310742,6338,81,6257,6364,97,6267,0,2041,6370035,739358,749711,0,56127,1934741,2890098,0,99742,45918,26630,0,0,0,27194,0,1230,516
2042,7568,7568,7578,7578,0,0,0,0,0,0,7568,46,7522,7578,50,7528,0,2042,0,0,0,0,0,0,0,0,0,0,0,0,0,0,0,0,0,0
2043,7568,7568,7578,6481,5783382,5301705,481677,71146,136425,274106,5290,113,5177,5325,140,5185,6823080,2043,5301705,640430,464389,0,49044,1427064,2720778,0,136425,59915,40955,0,0,0,35555,0,2278,1156
2044,7568,7568,7578,6773,8206110,7332404,873706,221133,345109,307464,6083,103,5980,6097,109,5988,0,2044,7332404,939981,614071,0,47034,2078632,3652686,0,345109,118508,154753,0,0,0,71848,0,1485,676
2045,7568,7568,7578,7562,138150,99005,39145,1158,8202,29785,7543,40,7503,7553,43,7510,0,2045,99005,56030,29792,0,13183,0,0,0,8202,4457,1197,0,0,0,2548,0,25,9
2046,7568,7568,7578,7573,44208,25812,18396,3648,5580,9168,7560,22,7538,7570,26,7544,0,2046,25812,17538,5697,0,2577,0,0,0,5580,2379,2093,0,0,0,1108,0,8,3
2047,7568,7568,7578,7562,136323,87520,48803,7849,13854,27100,7541,57,7484,7553,60,7493,12879,2047,87520,49766,22110,0,15644,0,0,0,13854,6554,3533,0,0,0,3767,0,27,9
2048,7568,7568,7578,6581,10734878,9347618,1387260,291381,338939,756940,5316,122,5194,5341,139,5202,1716704,2048,9347618,1634431,540788,0,91721,2243209,4837469,0,338939,170394,66362,0,0,0,102183,0,2252,1240
2049,7568,7568,7578,7578,0,0,0,0,0,0,7568,43,7525,7578,49,7529,0,2049,0,0,0,0,0,0,0,0,0,0,0,0,0,0,0,0,0,0
2050,7568,7568,7578,7149,4796568,4088939,707629,71137,259024,377468,6700,114,6586,6728,139,6589,0,2050,4088939,920362,401838,0,0,1766533,1000206,0,259024,85902,121109,0,0,0,52013,0,868,421
2051,7568,7568,7578,7548,166474,119940,46534,1401,11386,33747,7521,49,7472,7531,51,7480,93248,2051,119940,66582,35794,0,17564,0,0,0,11386,5363,2943,0,0,0,3080,0,47,17
2052,7568,7568,7578,7571,48980,28840,20140,1820,5881,12439,7558,22,7536,7567,25,7542,6280,2052,28840,20938,6542,0,1360,0,0,0,5881,2296,2428,0,0,0,1157,0,10,4
2053,7568,7568,7578,7101,3783274,3505076,278198,9093,64089,205016,6684,70,6614,6719,105,6614,1106634,2053,3505076,488912,268340,0,137440,1351949,1258435,0,64089,29899,16539,0,0,0,17651,0,884,382
2054,7568,7568,7578,7578,0,0,0,0,0,0,7568,40,7528,7578,42,7536,0,2054,0,0,0,0,0,0,0,0,0,0,0,0,0,0,0,0,0,0
2055,7568,7568,7578,7578,0,0,0,0,0,0,7568,42,7526,7578,47,7531,0,2055,0,0,0,0,0,0,0,0,0,0,0,0,0,0,0,0,0,0
2056,7568,7568,7578,7512,618912,317241,301671,112940,74983,113748,7456,40,7416,7468,43,7425,0,2056,317241,226276,85082,0,5883,0,0,0,74983,46515,1011,0,0,0,27457,0,112,44
2057,7568,7568,7578,6387,16722052,14953260,1768792,259916,584039,924837,4541,146,4395,4591,191,4400,5150,2057,14953260,2717460,1535295,0,41695,3906038,6752772,0,584039,185749,285040,0,0,0,113250,0,3027,1796
2058,7568,7568,7578,7565,116046,68040,48006,11990,17933,18083,7547,44,7503,7557,47,7510,0,2058,68040,42900,16777,0,8363,0,0,0,17933,6793,7131,0,0,0,4009,0,21,8
2059,7568,7568,7578,7373,1818054,1391451,426603,69176,98572,258855,7239,72,7167,7241,68,7173,0,2059,1391451,457199,194526,0,0,712096,27630,0,98572,59006,4568,0,0,0,34998,0,329,132
2060,7568,7568,7578,6313,33273281,26409524,6863757,3896012,1700039,1267706,1103,195,908,1147,236,911,2456029,2060,26409524,7563907,3911695,0,973033,6543533,7417356,0,1700039,735641,519566,0,0,0,444832,0,6465,5166
2061,7568,7568,7578,7491,790218,414289,375929,135116,117332,123481,7425,46,7379,7436,49,7387,0,2061,414289,288316,97963,0,20693,7317,0,0,117332,57395,25685,0,0,0,34252,0,143,55
2062,7568,7568,7578,6550,12682170,10957688,1724482,465152,511416,747914,5273,127,5146,5294,144,5150,0,2062,10957688,1886057,981840,0,17798,2612305,5459688,0,511416,219436,159789,0,0,0,132191,0,2295,1256
2063,7568,7568,7578,7534,408924,221143,187781,38597,57535,91649,7494,70,7424,7504,74,7430,0,2063,221143,168706,52437,0,0,0,0,0,57535,26063,15957,0,0,0,15515,0,74,30
2064,7568,7568,7578,6412,13088990,11833413,1255577,254767,297581,703229,5043,144,4899,5092,189,4903,866449,2064,11833413,1533848,953712,0,124391,2993060,6228402,0,297581,165956,32427,0,0,0,99198,0,2525,1320
2065,7568,7568,7578,7367,1752216,1418843,333373,24305,104351,204717,7224,65,7159,7225,57,7168,149155,2065,1418843,430551,212926,0,48871,695901,30594,0,104351,41445,38322,0,0,0,24584,0,344,142
2066,7568,7568,7578,6943,6079120,5698143,380977,17891,121127,241959,6372,95,6277,6398,112,6286,532538,2066,5698143,736033,534086,0,318227,1866237,2243560,0,121127,40751,55899,0,0,0,24477,0,1196,545
2067,7568,7568,7578,7578,0,0,0,0,0,0,7568,52,7516,7578,56,7522,0,2067,0,0,0,0,0,0,0,0,0,0,0,0,0,0,0,0,0,0
2068,7568,7568,7578,7578,4270,2711,1559,3,319,1237,7567,33,7534,7578,36,7542,1256,2068,2711,2013,698,0,0,0,0,0,319,94,183,0,0,0,42,0,1,0
2069,7568,7568,7578,7578,0,0,0,0,0,0,7568,37,7531,7578,41,7537,0,2069,0,0,0,0,0,0,0,0,0,0,0,0,0,0,0,0,0,0
2070,7568,7568,7578,6701,6181002,5703549,477453,53305,160840,263308,5870,114,5756,5889,126,5763,3217018,2070,5703549,676521,387924,0,252022,1424146,2962936,0,160840,55717,71795,0,0,0,33328,0,1698,812
2071,7568,7568,7578,7574,19166,15548,3618,81,357,3180,7561,41,7520,7571,44,7527,19516,2071,15548,6878,5657,0,3013,0,0,0,357,178,92,0,0,0,87,0,7,3
2072,7568,7568,7578,7569,77364,43327,34037,6201,10707,17129,7554,44,7510,7564,48,7516,0,2072,43327,31141,11347,0,839,0,0,0,10707,4514,3671,0,0,0,2522,0,14,5
2073,7568,7568,7578,7574,24794,15192,9602,3150,1985,4467,7561,71,7490,7571,76,7495,13888,2073,15192,8581,2914,0,3697,0,0,0,1985,880,779,0,0,0,326,0,7,3
2074,7568,7568,7578,7578,0,0,0,0,0,0,7568,36,7532,7578,40,7538,0,2074,0,0,0,0,0,0,0,0,0,0,0,0,0,0,0,0,0,0
2075,7568,7568,7578,7578,0,0,0,0,0,0,7568,40,7528,7578,45,7533,0,2075,0,0,0,0,0,0,0,0,0,0,0,0,0,0,0,0,0,0
2076,7568,7568,7578,7054,3834450,3512801,321649,24847,68301,228501,6683,91,6592,6710,112,6598,1060374,2076,3512801,442562,279899,0,65133,1475860,1249347,0,68301,41054,3077,0,0,0,24170,0,885,344
2077,7568,7568,7578,6800,7207620,6461695,745925,170135,224053,351737,6159,111,6048,6176,117,6059,579041,2077,6461695,813726,489460,0,86,1986347,3172076,0,224053,101927,60980,0,0,0,61146,0,1409,624
2078,7568,7568,7578,7115,4470534,3990553,479981,64957,154226,260798,6759,76,6683,6790,101,6689,0,2078,3990553,583804,393099,0,58262,1689934,1265454,0,154226,63322,52938,0,0,0,37966,0,809,325
2079,7568,7568,7578,7242,680699,584035,96664,8085,30879,57700,6955,131,6824,6967,138,6829,2719927,2079,584035,126442,99050,0,986,255529,102028,0,30879,11045,13435,0,0,0,6399,0,613,275
2080,7568,7568,7578,7578,0,0,0,0,0,0,7568,27,7541,7578,34,7544,0,2080,0,0,0,0,0,0,0,0,0,0,0,0,0,0,0,0,0,0
2081,7568,7568,7578,7578,0,0,0,0,0,0,7568,34,7534,7578,38,7540,0,2081,0,0,0,0,0,0,0,0,0,0,0,0,0,0,0,0,0,0
2082,7568,7568,7578,7578,0,0,0,0,0,0,7568,25,7543,7578,28,7550,0,2082,0,0,0,0,0,0,0,0,0,0,0,0,0,0,0,0,0,0
2083,7568,7568,7578,7013,1986324,1758079,228245,68529,72069,87647,6561,103,6458,6585,116,6469,3596193,2083,1758079,238409,147585,0,11883,707855,652347,0,72069,32852,19931,0,0,0,19286,0,1007,428
2084,7568,7568,7578,6719,9084744,8148873,935871,154471,313516,467884,5924,101,5823,5944,115,5829,0,2084,8148873,1121334,815761,0,251,2105709,4105818,0,313516,118959,122885,0,0,0,71672,0,1644,775
2085,7568,7568,7578,7576,11052,7122,3930,118,1782,2030,7566,23,7543,7575,26,7549,0,2085,7122,4924,2186,0,12,0,0,0,1782,248,1402,0,0,0,132,0,2,1
2086,7568,7568,7578,7578,0,0,0,0,0,0,7568,16,7552,7578,19,7559,0,2086,0,0,0,0,0,0,0,0,0,0,0,0,0,0,0,0,0,0
2087,7568,7568,7578,7578,0,0,0,0,0,0,7568,35,7533,7578,39,7539,0,2087,0,0,0,0,0,0,0,0,0,0,0,0,0,0,0,0,0,0
2088,7568,7568,7578,7578,0,0,0,0,0,0,7568,31,7537,7578,35,7543,0,2088,0,0,0,0,0,0,0,0,0,0,0,0,0,0,0,0,0,0
2089,7568,7568,7578,7578,0,0,0,0,0,0,7568,33,7535,7578,37,7541,0,2089,0,0,0,0,0,0,0,0,0,0,0,0,0,0,0,0,0,0
2090,7568,7568,7578,7505,199249,103648,95601,33759,26384,35458,7448,66,7382,7459,75,7384,463871,2090,103648,74442,27399,0,1807,0,0,0,26384,14284,3737,0,0,0,8363,0,120,46
2091,7568,7568,7578,7567,67048,37927,29121,5164,13337,10620,7551,38,7513,7560,46,7514,26894,2091,37927,26436,11491,0,0,0,0,0,13337,3755,7636,0,0,0,1946,0,17,7
2092,7568,7568,7578,7578,0,0,0,0,0,0,7568,31,7537,7578,34,7544,0,2092,0,0,0,0,0,0,0,0,0,0,0,0,0,0,0,0,0,0
2093,7568,7568,7578,7578,0,0,0,0,0,0,7568,15,7553,7578,16,7562,0,2093,0,0,0,0,0,0,0,0,0,0,0,0,0,0,0,0,0,0
2094,7568,7568,7578,7443,769988,547289,222699,36302,65022,121375,7360,58,7302,7371,64,7307,379420,2094,547289,234347,158097,0,19684,135161,0,0,65022,30657,16078,0,0,0,18287,0,208,72
2095,7568,7568,7578,7578,0,0,0,0,0,0,7568,16,7552,7578,18,7560,0,2095,0,0,0,0,0,0,0,0,0,0,0,0,0,0,0,0,0,0
2096,7568,7568,7578,7578,0,0,0,0,0,0,7568,16,7552,7578,12,7566,0,2096,0,0,0,0,0,0,0,0,0,0,0,0,0,0,0,0,0,0
2097,7568,7568,7578,6824,5100175,4655991,444184,79980,123637,240567,6251,97,6154,6272,111,6161,2189173,2097,4655991,535952,308798,0,2111,1511538,2297592,0,123637,59039,29422,0,0,0,35176,0,1317,552
2098,7568,7568,7578,7555,60320,32969,27351,10817,7871,8663,7531,51,7480,7542,57,7485,144142,2098,32969,20614,12134,0,221,0,0,0,7871,3949,2077,0,0,0,1845,0,37,13
2099,7568,7395,7578,7397,44208,7654,0,0,0,0,7387,46,7341,7394,50,7344,0,2099,7654,1761,5893,0,0,0,0,0,0,0,0,0,0,0,0,0,8,3
