"Year","allMortEgg","baseMortEgg","tempMortEgg","denMortEgg","incMortEgg","superMortEgg","lostMortEgg","catMortEgg","allMortFry","baseMortFry","tempMortFry","denMortFry","habMortFry","freshMortFry","seasMortFry","catMortFry","allMortSF","allMortSM"
2010,20710864,3952184,2908007,0,2147836,4956185,6746652,0,682413,387613,62405,0,0,0,232395,0,4782,3467
2011,26453718,8265819,2716368,0,2710461,6386881,6374189,0,1108941,693617,0,0,0,0,415324,0,7378,6096
2012,30486909,9400487,5809952,0,2795816,5841806,6638848,0,1422660,560560,522233,0,0,0,339867,0,7046,6446
2013,26166556,8572800,3615151,0,1452928,6149470,6376207,0,1242645,730464,74091,0,0,0,438090,0,7378,6096
2014,20988000,6684986,2248800,0,2156831,4868665,5028718,0,777576,480981,8793,0,0,0,287802,0,7378,6094
2015,33770874,10524780,4101337,0,4305794,7356759,7482204,0,1186283,730527,18001,0,0,0,437755,0,7380,6088
2016,7342256,1606184,1000362,0,1582457,1484224,1669029,0,142928,84683,8368,0,0,0,49877,0,7385,6045
2017,33849003,11461557,6171002,0,1113284,7648586,7454574,0,1378566,613064,395165,0,0,0,370337,0,7386,6780
2018,23816263,7558683,2641585,0,1462615,5893395,6259985,0,923092,576479,1306,0,0,0,345307,0,6753,5474
2019,35733139,10470698,7159337,0,4617660,6478476,7006968,0,908220,461637,169133,0,0,0,277450,0,7387,6061
2020,37656151,8683847,3479722,0,11077930,7214274,7200378,0,546487,320056,34948,0,0,0,191483,0,7377,6085
2021,22003338,6207037,4628648,0,1792340,4431500,4943813,0,900397,510283,84130,0,0,0,305984,0,7379,6091
2022,20389640,5299470,2100490,0,3545885,4482318,4961477,0,879134,542671,11637,0,0,0,324826,0,7385,6041
2023,37800188,9750187,3890812,0,9884010,7041645,7233534,0,586101,327401,62512,0,0,0,196188,0,7383,6084
2024,32236699,5053943,2395786,0,12875113,5864163,6047694,0,34576,20278,2834,0,0,0,11464,0,7382,6037
2025,30325921,7181375,4492682,0,6730841,5550499,6370524,0,944645,557061,53800,0,0,0,333784,0,7387,6057
2026,20733229,6743902,3584668,0,1087869,4632108,4684682,0,772675,422770,96373,0,0,0,253532,0,7306,5963
2027,26642742,7621444,4888073,0,365168,6473737,7294320,0,761998,310154,264076,0,0,0,187768,0,5500,4170
2028,46986,31882,10095,0,5009,0,0,0,5365,2621,1342,0,0,0,1402,0,13,5
2029,18962604,4359542,1451525,0,1363351,4875160,6913026,0,511990,270437,79281,0,0,0,162272,0,3905,2615
2030,22721368,7447857,3807277,0,1000709,5102777,5362748,0,1050447,556519,159633,0,0,0,334295,0,7386,6041
2031,32912392,10058398,5536476,0,2657936,7304476,7355106,0,1723391,803126,435696,0,0,0,484569,0,7387,6059
2032,28343722,8877047,3218413,0,2173459,6717148,7357655,0,1272319,785509,15978,0,0,0,470832,0,6953,5617
2033,33356320,10427934,6305713,0,2953849,6584492,7084332,0,1632305,728747,463469,0,0,0,440089,0,7382,6086
2034,16640532,3635476,1895723,0,1620092,3935611,5553630,0,559926,318141,51303,0,0,0,190482,0,3500,2439
2035,32300468,10819948,4488962,0,2920183,6876523,7194852,0,1671880,836103,332317,0,0,0,503460,0,7385,6053
2036,34708874,9909790,8244019,0,1801596,7459149,7294320,0,980113,525102,139539,0,0,0,315472,0,7346,6010
2037,16310373,3532839,1596360,0,1017166,4484135,5679873,0,412085,204669,84673,0,0,0,122743,0,4519,3213
2038,32278054,10733340,4460594,0,2048975,7503207,7531938,0,1517144,841210,170640,0,0,0,505294,0,7364,6066
2039,31192393,11403202,3273420,0,1567232,7488439,7460100,0,1725385,963300,183341,0,0,0,578744,0,7317,5996
2040,19621554,5069644,3190692,0,1154642,4690287,5516289,0,741400,314394,237139,0,0,0,189867,0,5895,4619
2041,26484916,6399061,3206600,0,2173653,6797896,7907706,0,843678,370660,249415,0,0,0,223603,0,5487,4194
2042,587454,401778,128114,0,4588,52974,0,0,85330,50222,5715,0,0,0,29393,0,175,118
2043,18868701,4319048,1594715,0,1168476,4845806,6940656,0,875371,373852,275667,0,0,0,225852,0,4015,2786
2044,1007644,366249,180043,0,122219,339133,0,0,66524,26613,24179,0,0,0,15732,0,247,105
2045,0,0,0,0,0,0,0,0,0,0,0,0,0,0,0,0,0,0
2046,3783886,411221,426428,0,171048,1310799,1464390,0,45728,18126,16908,0,0,0,10694,0,720,295
2047,1410297,473587,290444,0,68901,505527,71838,0,84165,34445,29235,0,0,0,20485,0,312,136
2048,28029002,6240212,3152166,0,3661081,7161779,7813764,0,948893,455861,218458,0,0,0,274574,0,5880,4600
2049,33802135,10284924,3272465,0,4312061,8279175,7653510,0,1159277,655609,110250,0,0,0,393418,0,7300,6020
2050,34782895,7929042,5552714,0,8974343,5696178,6630618,0,830367,461169,92685,0,0,0,276513,0,7391,6106
2051,33076142,9926179,6011749,0,3670716,6388692,7078806,0,1216733,634020,201568,0,0,0,381145,0,7119,5780
2052,32710719,9878013,3735407,0,4036339,7462710,7598250,0,1349569,834736,14627,0,0,0,500206,0,7326,6046
2053,29021065,8472663,5443711,0,1810570,6171107,7123014,0,1069645,534475,213461,0,0,0,321709,0,6263,4961
2054,9712,6937,1548,0,1227,0,0,0,836,605,0,0,0,0,231,0,3,1
2055,28901155,7461860,3647408,0,5351974,6043375,6396538,0,953539,506529,142859,0,0,0,304151,0,7383,6039
2056,25326025,8237106,4322029,0,1230452,5647118,5889320,0,1282314,538347,418475,0,0,0,325492,0,7378,6096
2057,17706830,4376280,3286825,0,687573,4103801,5252351,0,817845,271675,380818,0,0,0,165352,0,5330,4013
2058,2342198,515840,402436,0,144326,1003296,276300,0,49393,25006,9650,0,0,0,14737,0,471,355
2059,0,0,0,0,0,0,0,0,0,0,0,0,0,0,0,0,0,0
2060,0,0,0,0,0,0,0,0,0,0,0,0,0,0,0,0,0,0
2061,0,0,0,0,0,0,0,0,0,0,0,0,0,0,0,0,0,0
2062,0,0,0,0,0,0,0,0,0,0,0,0,0,0,0,0,0,0
2063,440355,267919,86135,0,86301,0,0,0,52548,28598,7208,0,0,0,16742,0,121,85
2064,148437,35977,17272,0,95188,0,0,0,1297,292,867,0,0,0,138,0,38,16
2065,24024567,6584157,4740767,0,1274819,5375968,6048856,0,994422,466777,246415,0,0,0,281230,0,6826,5545
2066,0,0,0,0,0,0,0,0,0,0,0,0,0,0,0,0,0,0
2067,33632232,9770255,5083276,0,2808880,8272103,7697718,0,1820251,705174,687532,0,0,0,427545,0,7382,6041
2068,0,0,0,0,0,0,0,0,0,0,0,0,0,0,0,0,0,0
2069,0,0,0,0,0,0,0,0,0,0,0,0,0,0,0,0,0,0
2070,0,0,0,0,0,0,0,0,0,0,0,0,0,0,0,0,0,0
2071,459132,213763,153838,0,21375,70156,0,0,60860,19934,28888,0,0,0,12038,0,170,66
2072,0,0,0,0,0,0,0,0,0,0,0,0,0,0,0,0,0,0
2073,7233392,1082609,1137220,0,522769,1761340,2729454,0,252973,119311,62191,0,0,0,71471,0,1635,1283
2074,476597,286179,131960,0,58458,0,0,0,113678,47568,37696,0,0,0,28414,0,146,63
2075,266206,141696,88056,0,36454,0,0,0,52220,21955,17321,0,0,0,12944,0,168,168
2076,4111912,557262,327931,0,350053,1055100,1821566,0,121193,56121,31841,0,0,0,33231,0,1827,971
2077,3748424,558601,394667,0,281436,903763,1609957,0,127084,68478,18144,0,0,0,40462,0,2609,1522
2078,1665326,230391,204636,0,65452,467973,696874,0,35105,15905,10515,0,0,0,8685,0,4555,3256
2079,5068848,768176,758302,0,433409,1423665,1685296,0,176725,82119,45715,0,0,0,48891,0,2031,2040
2080,7262491,1228229,948481,0,235319,2142722,2707740,0,250826,76861,127203,0,0,0,46762,0,1449,730
2081,0,0,0,0,0,0,0,0,0,0,0,0,0,0,0,0,0,0
2082,0,0,0,0,0,0,0,0,0,0,0,0,0,0,0,0,0,0
2083,6282,3796,1246,0,1240,0,0,0,1026,300,580,0,0,0,146,0,2,0
2084,14777214,3371800,2295329,0,1512269,3370120,4227696,0,613253,359694,38305,0,0,0,215254,0,5638,4374
2085,5413555,1079862,1082310,0,245651,1516889,1488843,0,244014,72704,127203,0,0,0,44107,0,1381,770
2086,0,0,0,0,0,0,0,0,0,0,0,0,0,0,0,0,0,0
2087,0,0,0,0,0,0,0,0,0,0,0,0,0,0,0,0,0,0
2088,3063332,610851,466873,0,33904,1327266,624438,0,220744,85188,84329,0,0,0,51227,0,664,296
2089,0,0,0,0,0,0,0,0,0,0,0,0,0,0,0,0,0,0
2090,0,0,0,0,0,0,0,0,0,0,0,0,0,0,0,0,0,0
2091,12451040,2062700,1229238,0,676899,2988493,5493710,0,471577,200185,150830,0,0,0,120562,0,2977,1769
2092,3363601,546780,437568,0,160453,1229350,989450,0,137163,68520,27996,0,0,0,40647,0,1006,485
2093,5559874,879274,934447,0,532597,1175058,2038498,0,233169,110567,56508,0,0,0,66094,0,2182,1261
2094,0,0,0,0,0,0,0,0,0,0,0,0,0,0,0,0,0,0
2095,0,0,0,0,0,0,0,0,0,0,0,0,0,0,0,0,0,0
2096,0,0,0,0,0,0,0,0,0,0,0,0,0,0,0,0,0,0
2097,0,0,0,0,0,0,0,0,0,0,0,0,0,0,0,0,0,0
2098,0,0,0,0,0,0,0,0,0,0,0,0,0,0,0,0,0,0
2099,165338,22894,142098,0,346,0,0,0,0,0,0,0,0,0,0,0,117,69
