"Year","AFem","AFemDeath","AMal","AMalDeath","Eggs","EggsDeath","FryGrad","FryExit","FryDeath","FryInStr","allMortAF","baseMortAF","tempMortAF","allMortAM","baseMortAM","tempMortAM","InVivo","Year","allMortEgg","baseMortEgg","tempMortEgg","denMortEgg","incMortEgg","superMortEgg","lostMortEgg","catMortEgg","allMortFry","baseMortFry","tempMortFry","denMortFry","habMortFry","freshMortFry","seasMortFry","catMortFry","allMortSF","allMortSM"
2010,7568,7568,7578,6302,23982291,20710864,3271427,1779282,682413,809732,2786,172,2614,2835,213,2622,2448648,2010,20710864,3952184,2908007,0,2147836,4956185,6746652,0,682413,387613,62405,0,0,0,232395,0,4782,3467
2011,7568,7568,7578,6322,32987907,26453718,6534189,3748306,1108941,1676942,190,190,0,226,226,0,7798620,2011,26453718,8265819,2716368,0,2710461,6386881,6374189,0,1108941,693617,0,0,0,0,415324,0,7378,6096
2012,7568,7568,7578,6998,36401582,30486909,5914673,2353945,1422660,2138068,522,182,340,552,209,343,2540600,2012,30486909,9400487,5809952,0,2795816,5841806,6638848,0,1422660,560560,522233,0,0,0,339867,0,7046,6446
2013,7568,7568,7578,6322,33070016,26166556,6903460,4076421,1242645,1584394,190,190,0,226,226,0,7716861,2013,26166556,8572800,3615151,0,1452928,6149470,6376207,0,1242645,730464,74091,0,0,0,438090,0,7378,6096
2014,7568,7568,7578,6320,25500887,20988000,4512887,2499376,777576,1235935,190,190,0,226,226,0,15303455,2014,20988000,6684986,2248800,0,2156831,4868665,5028718,0,777576,480981,8793,0,0,0,287802,0,7378,6094
2015,7568,7568,7578,6314,40781880,33770874,7011006,3674243,1186283,2150480,188,188,0,226,226,0,0,2015,33770874,10524780,4101337,0,4305794,7356759,7482204,0,1186283,730527,18001,0,0,0,437755,0,7380,6088
2016,7568,7568,7578,6272,8094409,7342256,752153,520166,142928,89059,183,183,0,227,227,0,32793896,2016,7342256,1606184,1000362,0,1582457,1484224,1669029,0,142928,84683,8368,0,0,0,49877,0,7385,6045
2017,7568,7568,7578,6993,40810989,33849003,6961986,2815544,1378566,2767876,182,182,0,213,213,0,4047,2017,33849003,11461557,6171002,0,1113284,7648586,7454574,0,1378566,613064,395165,0,0,0,370337,0,7386,6780
2018,7568,7568,7578,6323,29385373,23816263,5569110,2761656,923092,1884362,815,193,622,849,227,622,7949109,2018,23816263,7558683,2641585,0,1462615,5893395,6259985,0,923092,576479,1306,0,0,0,345307,0,6753,5474
2019,7568,7568,7578,6288,40820562,35733139,5087423,2018906,908220,2160297,181,181,0,227,227,0,0,2019,35733139,10470698,7159337,0,4617660,6478476,7006968,0,908220,461637,169133,0,0,0,277450,0,7387,6061
2020,7568,7568,7578,6313,40765302,37656151,3109151,1440165,546487,1122499,191,191,0,228,228,0,0,2020,37656151,8683847,3479722,0,11077930,7214274,7200378,0,546487,320056,34948,0,0,0,191483,0,7377,6085
2021,7568,7568,7578,6317,26881720,22003338,4878382,2796184,900397,1181801,189,189,0,226,226,0,13926380,2021,22003338,6207037,4628648,0,1792340,4431500,4943813,0,900397,510283,84130,0,0,0,305984,0,7379,6091
2022,7568,7568,7578,6268,25230834,20389640,4841194,3306863,879134,655197,183,183,0,227,227,0,15612027,2022,20389640,5299470,2100490,0,3545885,4482318,4961477,0,879134,542671,11637,0,0,0,324826,0,7385,6041
2023,7568,7568,7578,6310,40798458,37800188,2998270,1599149,586101,813020,185,185,0,226,226,0,0,2023,37800188,9750187,3890812,0,9884010,7041645,7233534,0,586101,327401,62512,0,0,0,196188,0,7383,6084
2024,7568,7568,7578,6267,32396520,32236699,159821,59838,34576,65407,186,184,2,230,228,2,8413941,2024,32236699,5053943,2395786,0,12875113,5864163,6047694,0,34576,20278,2834,0,0,0,11464,0,7382,6037
2025,7568,7568,7578,6285,35320800,30325921,4994879,3115979,944645,934255,181,181,0,228,228,0,5510718,2025,30325921,7181375,4492682,0,6730841,5550499,6370524,0,944645,557061,53800,0,0,0,333784,0,7387,6057
2026,7568,7568,7578,6267,24980820,20733229,4247591,1933420,772675,1541496,262,183,79,304,226,78,15429391,2026,20733229,6743902,3584668,0,1087869,4632108,4684682,0,772675,422770,96373,0,0,0,253532,0,7306,5963
2027,7568,7568,7578,6287,30393000,26642742,3750258,965197,761998,2023063,2068,178,1890,2117,221,1896,0,2027,26642742,7621444,4888073,0,365168,6473737,7294320,0,761998,310154,264076,0,0,0,187768,0,5500,4170
2028,7568,7568,7578,7569,71838,46986,24852,685,5365,18802,7555,22,7533,7564,25,7539,0,2028,46986,31882,10095,0,5009,0,0,0,5365,2621,1342,0,0,0,1402,0,13,5
2029,7568,7568,7578,6327,21579030,18962604,2616426,696136,511990,1408300,3663,150,3513,3712,192,3520,0,2029,18962604,4359542,1451525,0,1363351,4875160,6913026,0,511990,270437,79281,0,0,0,162272,0,3905,2615
2030,7568,7568,7578,6267,28294741,22721368,5573373,2849502,1050447,1673424,182,182,0,226,226,0,12548901,2030,22721368,7447857,3807277,0,1000709,5102777,5362748,0,1050447,556519,159633,0,0,0,334295,0,7386,6041
2031,7568,7568,7578,6286,40818204,32912392,7905812,4257136,1723391,1925285,181,181,0,227,227,0,2358,2031,32912392,10058398,5536476,0,2657936,7304476,7355106,0,1723391,803126,435696,0,0,0,484569,0,7387,6059
2032,7568,7568,7578,6275,35665244,28343722,7321522,4347644,1272319,1701559,615,194,421,658,238,420,2761104,2032,28343722,8877047,3218413,0,2173459,6717148,7357655,0,1272319,785509,15978,0,0,0,470832,0,6953,5617
2033,7568,7568,7578,6312,40792932,33356320,7436612,3840248,1632305,1964059,186,186,0,226,226,0,0,2033,33356320,10427934,6305713,0,2953849,6584492,7084332,0,1632305,728747,463469,0,0,0,440089,0,7382,6086
2034,7568,7568,7578,6527,19341000,16640532,2700468,1063625,559926,1076917,4068,135,3933,4088,152,3936,0,2034,16640532,3635476,1895723,0,1620092,3935611,5553630,0,559926,318141,51303,0,0,0,190482,0,3500,2439
2035,7568,7568,7578,6280,40748858,32300468,8448390,4309153,1671880,2467357,183,183,0,227,227,0,60652,2035,32300468,10819948,4488962,0,2920183,6876523,7194852,0,1671880,836103,332317,0,0,0,503460,0,7385,6053
2036,7568,7568,7578,6276,40593996,34708874,5885122,2531297,980113,2373712,222,188,34,266,232,34,0,2036,34708874,9909790,8244019,0,1801596,7459149,7294320,0,980113,525102,139539,0,0,0,315472,0,7346,6010
2037,7568,7568,7578,6309,18346961,16310373,2036588,585409,412085,1039094,3049,161,2888,3096,203,2893,6643944,2037,16310373,3532839,1596360,0,1017166,4484135,5679873,0,412085,204669,84673,0,0,0,122743,0,4519,3213
2038,7568,7568,7578,6310,40693464,32278054,8415410,4385308,1517144,2512958,204,189,15,244,229,15,0,2038,32278054,10733340,4460594,0,2048975,7503207,7531938,0,1517144,841210,170640,0,0,0,505294,0,7364,6066
2039,7568,7568,7578,6290,40433742,31192393,9241349,5309574,1725385,2206390,251,195,56,294,238,56,0,2039,31192393,11403202,3273420,0,1567232,7488439,7460100,0,1725385,963300,183341,0,0,0,578744,0,7317,5996
2040,7568,7568,7578,6332,22879708,19621554,3258154,1258259,741400,1258495,1673,190,1483,1713,228,1485,9717764,2040,19621554,5069644,3190692,0,1154642,4690287,5516289,0,741400,314394,237139,0,0,0,189867,0,5895,4619
2041,7568,7568,7578,6316,30321162,26484916,3836246,1423780,843678,1568788,2081,195,1886,2122,233,1889,0,2041,26484916,6399061,3206600,0,2173653,6797896,7907706,0,843678,370660,249415,0,0,0,223603,0,5487,4194
2042,7568,7568,7578,7537,967050,587454,379596,51291,85330,242975,7393,15,7378,7419,16,7403,0,2042,587454,401778,128114,0,4588,52974,0,0,85330,50222,5715,0,0,0,29393,0,175,118
2043,7568,7568,7578,6386,22186890,18868701,3318189,1220237,875371,1222581,3553,166,3387,3600,209,3391,0,2043,18868701,4319048,1594715,0,1168476,4845806,6940656,0,875371,373852,275667,0,0,0,225852,0,4015,2786
2044,7568,7568,7578,7437,1250606,1007644,242962,7220,66524,169218,7321,38,7283,7332,41,7291,114316,2044,1007644,366249,180043,0,122219,339133,0,0,66524,26613,24179,0,0,0,15732,0,247,105
2045,7568,7568,7578,7578,0,0,0,0,0,0,7568,23,7545,7578,27,7551,0,2045,0,0,0,0,0,0,0,0,0,0,0,0,0,0,0,0,0,0
2046,7568,7568,7578,7172,3978720,3783886,194834,1451,45728,147655,6848,73,6775,6877,99,6778,0,2046,3783886,411221,426428,0,171048,1310799,1464390,0,45728,18126,16908,0,0,0,10694,0,720,295
2047,7568,7568,7578,7398,1724112,1410297,313815,7544,84165,222106,7256,87,7169,7262,88,7174,0,2047,1410297,473587,290444,0,68901,505527,71838,0,84165,34445,29235,0,0,0,20485,0,312,136
2048,7568,7568,7578,6327,32440300,28029002,4411298,2119635,948893,1342770,1688,192,1496,1727,227,1500,52580,2048,28029002,6240212,3152166,0,3661081,7161779,7813764,0,948893,455861,218458,0,0,0,274574,0,5880,4600
2049,7568,7568,7578,6323,40337275,33802135,6535140,3276775,1159277,2099088,268,200,68,303,235,68,2525,2049,33802135,10284924,3272465,0,4312061,8279175,7653510,0,1159277,655609,110250,0,0,0,393418,0,7300,6020
2050,7568,7568,7578,6321,39046170,34782895,4263275,2632053,830367,800855,177,177,0,215,215,0,1797723,2050,34782895,7929042,5552714,0,8974343,5696178,6630618,0,830367,461169,92685,0,0,0,276513,0,7391,6106
2051,7568,7568,7578,6273,39339594,33076142,6263452,3250632,1216733,1796087,449,191,258,493,234,259,0,2051,33076142,9926179,6011749,0,3670716,6388692,7078806,0,1216733,634020,201568,0,0,0,381145,0,7119,5780
2052,7568,7568,7578,6322,40483476,32710719,7772757,4751770,1349569,1671418,242,199,43,276,234,42,0,2052,32710719,9878013,3735407,0,4036339,7462710,7598250,0,1349569,834736,14627,0,0,0,500206,0,7326,6046
2053,7568,7568,7578,6308,34609338,29021065,5588273,2298538,1069645,2220090,1305,189,1116,1347,230,1117,0,2053,29021065,8472663,5443711,0,1810570,6171107,7123014,0,1069645,534475,213461,0,0,0,321709,0,6263,4961
2054,7568,7568,7578,7576,16578,9712,6866,273,836,5757,7565,42,7523,7575,43,7532,0,2054,9712,6937,1548,0,1227,0,0,0,836,605,0,0,0,0,231,0,3,1
2055,7568,7568,7578,6268,33659163,28901155,4758008,2741744,953539,1062725,185,183,2,229,227,2,7152231,2055,28901155,7461860,3647408,0,5351974,6043375,6396538,0,953539,506529,142859,0,0,0,304151,0,7383,6039
2056,7568,7568,7578,6322,31054073,25326025,5728048,2593574,1282314,1852160,190,190,0,226,226,0,9738513,2056,25326025,8237106,4322029,0,1230452,5647118,5889320,0,1282314,538347,418475,0,0,0,325492,0,7378,6096
2057,7568,7568,7578,6296,20528998,17706830,2822168,1017302,817845,987021,2238,178,2060,2283,217,2066,8948022,2057,17706830,4376280,3286825,0,687573,4103801,5252351,0,817845,271675,380818,0,0,0,165352,0,5330,4013
2058,7568,7568,7578,7452,2602746,2342198,260548,1049,49393,210106,7097,52,7045,7097,43,7054,0,2058,2342198,515840,402436,0,144326,1003296,276300,0,49393,25006,9650,0,0,0,14737,0,471,355
2059,7568,7568,7578,7578,0,0,0,0,0,0,7568,52,7516,7578,57,7521,0,2059,0,0,0,0,0,0,0,0,0,0,0,0,0,0,0,0,0,0
2060,7568,7568,7578,7578,0,0,0,0,0,0,7568,5,7563,7578,8,7570,0,2060,0,0,0,0,0,0,0,0,0,0,0,0,0,0,0,0,0,0
2061,7568,7568,7578,7578,0,0,0,0,0,0,7568,6,7562,7578,0,7578,0,2061,0,0,0,0,0,0,0,0,0,0,0,0,0,0,0,0,0,0
2062,7568,7568,7578,7578,0,0,0,0,0,0,7568,25,7543,7578,29,7549,0,2062,0,0,0,0,0,0,0,0,0,0,0,0,0,0,0,0,0,0
2063,7568,7568,7578,7548,668646,440355,228291,18049,52548,157694,7447,32,7415,7463,35,7428,0,2063,440355,267919,86135,0,86301,0,0,0,52548,28598,7208,0,0,0,16742,0,121,85
2064,7568,7568,7578,7555,154220,148437,5783,1887,1297,2599,7530,52,7478,7539,57,7482,55768,2064,148437,35977,17272,0,95188,0,0,0,1297,292,867,0,0,0,138,0,38,16
2065,7568,7568,7578,6326,28781150,24024567,4756583,2301456,994422,1460705,742,201,541,781,241,540,8959270,2065,24024567,6584157,4740767,0,1274819,5375968,6048856,0,994422,466777,246415,0,0,0,281230,0,6826,5545
2066,7568,7568,7578,7578,0,0,0,0,0,0,7568,17,7551,7578,23,7555,0,2066,0,0,0,0,0,0,0,0,0,0,0,0,0,0,0,0,0,0
2067,7568,7568,7578,6271,40792932,33632232,7160700,3704487,1820251,1635962,186,183,3,230,227,3,0,2067,33632232,9770255,5083276,0,2808880,8272103,7697718,0,1820251,705174,687532,0,0,0,427545,0,7382,6041
2068,7568,7568,7578,7578,0,0,0,0,0,0,7568,17,7551,7578,19,7559,0,2068,0,0,0,0,0,0,0,0,0,0,0,0,0,0,0,0,0,0
2069,7568,7568,7578,7578,0,0,0,0,0,0,7568,0,7568,7578,1,7577,0,2069,0,0,0,0,0,0,0,0,0,0,0,0,0,0,0,0,0,0
2070,7568,7568,7578,7578,0,0,0,0,0,0,7568,16,7552,7578,21,7557,0,2070,0,0,0,0,0,0,0,0,0,0,0,0,0,0,0,0,0,0
2071,7568,7568,7578,7475,628469,459132,169337,9074,60860,99403,7398,50,7348,7409,50,7359,310951,2071,459132,213763,153838,0,21375,70156,0,0,60860,19934,28888,0,0,0,12038,0,170,66
2072,7568,7568,7578,7578,0,0,0,0,0,0,7568,11,7557,7578,15,7563,0,2072,0,0,0,0,0,0,0,0,0,0,0,0,0,0,0,0,0,0
2073,7568,7568,7578,7234,8118765,7233392,885373,257176,252973,375224,5933,90,5843,5951,99,5852,919934,2073,7233392,1082609,1137220,0,522769,1761340,2729454,0,252973,119311,62191,0,0,0,71471,0,1635,1283
2074,7568,7568,7578,7493,806796,476597,330199,91667,113678,124854,7422,46,7376,7430,51,7379,0,2074,476597,286179,131960,0,58458,0,0,0,113678,47568,37696,0,0,0,28414,0,146,63
2075,7568,7568,7578,7578,424504,266206,158298,41693,52220,64385,7400,48,7352,7410,55,7355,503864,2075,266206,141696,88056,0,36454,0,0,0,52220,21955,17321,0,0,0,12944,0,168,168
2076,7568,7568,7578,6731,4527605,4111912,415693,113445,121193,181055,5741,110,5631,5760,117,5643,5592309,2076,4111912,557262,327931,0,350053,1055100,1821566,0,121193,56121,31841,0,0,0,33231,0,1827,971
2077,7568,7568,7578,6509,4253849,3748424,505425,195201,127084,183140,4959,115,4844,4987,134,4853,10201415,2077,3748424,558601,394667,0,281436,903763,1609957,0,127084,68478,18144,0,0,0,40462,0,2609,1522
2078,7568,7568,7578,6309,1819009,1665326,153683,30929,35105,87649,3013,169,2844,3053,208,2845,23423248,2078,1665326,230391,204636,0,65452,467973,696874,0,35105,15905,10515,0,0,0,8685,0,4555,3256
2079,7568,7568,7578,7578,5630706,5068848,561858,279051,176725,106082,5537,108,5429,5538,94,5444,5610230,2079,5068848,768176,758302,0,433409,1423665,1685296,0,176725,82119,45715,0,0,0,48891,0,2031,2040
2080,7568,7568,7578,6871,8007174,7262491,744683,50263,250826,443594,6119,103,6016,6141,118,6023,0,2080,7262491,1228229,948481,0,235319,2142722,2707740,0,250826,76861,127203,0,0,0,46762,0,1449,730
2081,7568,7568,7578,7578,0,0,0,0,0,0,7568,5,7563,7578,9,7569,0,2081,0,0,0,0,0,0,0,0,0,0,0,0,0,0,0,0,0,0
2082,7568,7568,7578,7578,0,0,0,0,0,0,7568,40,7528,7578,46,7532,0,2082,0,0,0,0,0,0,0,0,0,0,0,0,0,0,0,0,0,0
2083,7568,7568,7578,7578,11052,6282,4770,2011,1026,1733,7566,20,7546,7578,25,7553,0,2083,6282,3796,1246,0,1240,0,0,0,1026,300,580,0,0,0,146,0,2,0
2084,7568,7568,7578,6344,17896787,14777214,3119573,1828245,613253,678075,1930,190,1740,1970,230,1740,13291579,2084,14777214,3371800,2295329,0,1512269,3370120,4227696,0,613253,359694,38305,0,0,0,215254,0,5638,4374
2085,7568,7568,7578,6982,6112626,5413555,699071,118557,244014,336500,6187,150,6037,6212,170,6042,1524055,2085,5413555,1079862,1082310,0,245651,1516889,1488843,0,244014,72704,127203,0,0,0,44107,0,1381,770
2086,7568,7568,7578,7578,0,0,0,0,0,0,7568,1,7567,7578,3,7575,0,2086,0,0,0,0,0,0,0,0,0,0,0,0,0,0,0,0,0,0
2087,7568,7568,7578,7578,0,0,0,0,0,0,7568,22,7546,7578,28,7550,0,2087,0,0,0,0,0,0,0,0,0,0,0,0,0,0,0,0,0,0
2088,7568,7568,7578,7215,3669264,3063332,605932,159621,220744,225567,6904,93,6811,6919,100,6819,0,2088,3063332,610851,466873,0,33904,1327266,624438,0,220744,85188,84329,0,0,0,51227,0,664,296
2089,7568,7568,7578,7578,0,0,0,0,0,0,7568,33,7535,7578,36,7542,0,2089,0,0,0,0,0,0,0,0,0,0,0,0,0,0,0,0,0,0
2090,7568,7568,7578,7578,0,0,0,0,0,0,7568,22,7546,7578,24,7554,0,2090,0,0,0,0,0,0,0,0,0,0,0,0,0,0,0,0,0,0
2091,7568,7568,7578,6398,14089844,12451040,1638804,494036,471577,673191,4591,137,4454,4629,173,4456,2369794,2091,12451040,2062700,1229238,0,676899,2988493,5493710,0,471577,200185,150830,0,0,0,120562,0,2977,1769
2092,7568,7568,7578,7079,3844928,3363601,481327,162057,137163,182107,6562,62,6500,6594,86,6508,1720896,2092,3363601,546780,437568,0,160453,1229350,989450,0,137163,68520,27996,0,0,0,40647,0,1006,485
2093,7568,7568,7578,6676,6373620,5559874,813746,380307,233169,200270,5386,139,5247,5415,163,5252,5704408,2093,5559874,879274,934447,0,532597,1175058,2038498,0,233169,110567,56508,0,0,0,66094,0,2182,1261
2094,7568,7568,7578,7578,0,0,0,0,0,0,7568,34,7534,7578,39,7539,0,2094,0,0,0,0,0,0,0,0,0,0,0,0,0,0,0,0,0,0
2095,7568,7568,7578,7578,0,0,0,0,0,0,7568,25,7543,7578,30,7548,0,2095,0,0,0,0,0,0,0,0,0,0,0,0,0,0,0,0,0,0
2096,7568,7568,7578,7578,0,0,0,0,0,0,7568,8,7560,7578,12,7566,0,2096,0,0,0,0,0,0,0,0,0,0,0,0,0,0,0,0,0,0
2097,7568,7568,7578,7578,0,0,0,0,0,0,7568,34,7534,7578,39,7539,0,2097,0,0,0,0,0,0,0,0,0,0,0,0,0,0,0,0,0,0
2098,7568,7568,7578,7578,0,0,0,0,0,0,7568,21,7547,7578,24,7554,0,2098,0,0,0,0,0,0,0,0,0,0,0,0,0,0,0,0,0,0
2099,7568,4799,7578,4769,642176,165338,0,0,0,0,4682,124,4558,4700,142,4558,12069942,2099,165338,22894,142098,0,346,0,0,0,0,0,0,0,0,0,0,0,117,69
