"cnrmcm3","gfdlcm21","miroc32med","mpiecham5","ncarccsm3","ncarpcm1","meanSFsurv","sdSFsurv"
0.975554968287526,0.969212473572939,0.361786469344609,0.785280126849894,0.693710359408034,0.974894291754757,0.79340644820296,0.221105115518951
0.975422832980973,0.968551797040169,0.974894291754757,0.61046511627907,0.883192389006342,0.863107822410148,0.87927237491191,0.128383071537834
0.973440803382664,0.571881606765328,0.908298097251586,0.853594080338266,0.974630021141649,0.974894291754757,0.876123150105708,0.143199028515003
0.974894291754757,0.233218816067653,0.171115221987315,0.974762156448203,0.414640591966173,0.976215644820296,0.6241411205074,0.358669428339406
0.975951374207188,0.975951374207188,0.974894291754757,0.308403805496829,0.408958773784355,0.975951374207188,0.770018498942918,0.29230446118189
0.406316067653277,0.975951374207188,0.972912262156448,0.974894291754757,0.0391120507399577,0.976215644820296,0.724233615221987,0.370133251410993
0.87196088794926,0.957188160676533,0.116939746300211,0.387684989429175,0.0903805496828753,0.954545454545455,0.563116631430585,0.377982174477853
0.970137420718816,0.974630021141649,0.57161733615222,0,0.251189217758985,0.974630021141649,0.623700669485553,0.386609454684325
0.960623678646934,0.974630021141649,0.75845665961945,0.974365750528541,0.974762156448203,0.974894291754757,0.936288759689923,0.0796941476534734
0.962605708245243,0.975819238900634,0.874471458773784,0.976083509513742,0.221194503171247,0.975554968287526,0.830954897815363,0.275072880485991
0.925872093023256,0.298097251585624,0.0697674418604651,0.975951374207188,0.0412262156448203,0.974365750528541,0.547546687808316,0.419462681987945
0.976083509513742,0.364429175475687,0.974894291754757,0.77973044397463,0.242071881606765,0.974894291754757,0.718683932346723,0.303843214810969
0.973176532769556,0.955998942917548,0.975819238900634,0.899048625792812,0.954413319238901,0.97634778012685,0.955800739957717,0.0269184138287351
0.689746300211416,0.881606765327696,0.975554968287526,0.972780126849894,0.968551797040169,0.975158562367865,0.910566420014094,0.10426623969185
0.975951374207188,0.446881606765328,0.975951374207188,0.975554968287526,0.975158562367865,0.97568710359408,0.887530831571529,0.197064507284755
0.975951374207188,0.941331923890063,0.606897463002114,0.974630021141649,0.974233615221987,0.97568710359408,0.908121916842847,0.135276907678774
0.95811310782241,0.974630021141649,0.641649048625793,0.273916490486258,0.789376321353066,0.974630021141649,0.768719168428471,0.252346272088472
0.00898520084566596,0.188689217758985,0.389006342494715,0.974894291754757,0,0.957584566596195,0.419859936575053,0.407574772990232
0.14865221987315,0.364429175475687,0.528144820295983,0.768763213530655,0.969344608879493,0.974894291754757,0.625704721634954,0.307096454689362
0.944899577167019,0.187896405919662,0.967494714587738,0.966569767441861,0.932346723044397,0.290301268498943,0.714918076109937,0.337969799821197
0.00581395348837209,0.970930232558139,0.212869978858351,0.241279069767442,0.170058139534884,0.976083509513742,0.429505813953488,0.391806895252666
0.974101479915433,0.974101479915433,0.960887949260042,0.924022198731501,0.937235729386892,0.974894291754757,0.95754052149401,0.0199860444890462
0.925211416490486,0.95811310782241,0.725422832980973,0.975422832980973,0.000264270613107822,0.433007399577167,0.669573643410853,0.353366470895974
0.975951374207188,0.912130021141649,0.933139534883721,0.952563424947146,0.968948202959831,0.974762156448203,0.952915785764623,0.0235217753758495
0.828620507399577,0.00264270613107822,0.0845665961945032,0.974894291754757,0.702431289640592,0.974894291754757,0.594674947145877,0.401287128843177
0.240486257928118,0.776427061310782,0.0835095137420719,0.975422832980973,0.212869978858351,0.670190274841438,0.493150986610289,0.330246731651003
0.973705073995772,0.926400634249471,0.958377378435518,0.715776955602537,0.265988372093023,0.974894291754757,0.80252378435518,0.25626994341308
0.975554968287526,0.880285412262156,0.0264270613107822,0.968948202959831,0.968551797040169,0.975554968287526,0.799220401691332,0.347238988211034
0.976083509513742,0.100951374207188,0.973572938689218,0.818710359408034,0.565010570824524,0.974894291754757,0.734870507399577,0.318985100596189
0.943049682875264,0.0011892177589852,0.911601479915433,0.540565539112051,0.9526955602537,0.975951374207188,0.72084214235377,0.354730420896041
0.468419661733615,0.438424947145877,0.963398520084567,0.970533826638478,0.787262156448203,0.974894291754757,0.767155567300916,0.231207204096203
0.975422832980973,0.972780126849894,0.471458773784355,0.787658562367865,0.240221987315011,0.975951374207188,0.737248942917548,0.285599349191779
0.835491543340381,0,0,0.975819238900634,0.000132135306553911,0.975554968287526,0.464499647639183,0.466800686173191
0.582848837209302,0.974894291754757,0.974101479915433,0.509910147991543,0.624735729386892,0.975951374207188,0.773740310077519,0.204020060732099
0.975951374207188,0.973705073995772,0.679439746300211,0.975554968287526,0.96723044397463,0.975951374207188,0.924638830162086,0.109698480734068
0.662394291754757,0.942256871035941,0.0081923890063425,0.972780126849894,0.599101479915433,0.975951374207188,0.693446088794926,0.341365224468685
0.943842494714588,0.96115221987315,0.00554968287526427,0.975951374207188,0.373414376321353,0.973837209302326,0.705624559548978,0.380246678886686
0.975290697674419,0.968287526427061,0.0399048625792812,0.000264270613107822,0.017838266384778,0.968816067653277,0.495066948555321,0.475874672240572
0.974101479915433,0.974762156448203,0.331263213530655,0.974894291754757,0.444767441860465,0.974762156448203,0.779091789992953,0.278467349111695
0.0138742071881607,0.718551797040169,0,0.974894291754757,0.161865750528541,0.975951374207188,0.474189570119803,0.427487850567984
0.146934460887949,0.902880549682875,0.899973572938689,0.974894291754757,0.384778012684989,0.829413319238901,0.689812367864693,0.310399820365673
0.97568710359408,0.971987315010571,0.0165169133192389,0.909883720930233,0.934725158562368,0.952563424947146,0.793560606060606,0.348220104328074
0.975819238900634,0.968155391120507,0.00171775898520085,0.966966173361522,0.975158562367865,0.975026427061311,0.810473925299507,0.3617037077431
0.592626849894292,0.632135306553911,0.146670190274841,0.974365750528541,0.345533826638478,0.975290697674419,0.611103770260747,0.303205390147292
0.666490486257928,0.417811839323467,0,0.976083509513742,0.975554968287526,0.955206131078224,0.665191155743481,0.360732108777799
0.378567653276956,0.0868128964059197,0,0.124207188160677,0.966701902748414,0.610597251585624,0.361147815362932,0.339375032929059
0.855708245243129,0,0.137684989429175,0.858350951374207,0.512288583509514,0.975158562367865,0.556531888653982,0.374826063892114
0.975422832980973,0.439746300211416,0.926929175475687,0.970137420718816,0.0747885835095137,0.00700317124735729,0.565671247357294,0.414513658638568
0.976215644820296,0.31619978858351,0.0261627906976744,0,0.974894291754757,0.433271670190275,0.454457364341085,0.398459121151229
0.951638477801269,0.976215644820296,0.396009513742072,0,0,0.277616279069767,0.433579985905567,0.400948352022087
0.977008456659619,0.949788583509514,0.972515856236786,0.33681289640592,0.392309725158562,0.160015856236786,0.631408562367865,0.342375343368257
0.974894291754757,0.00303911205073996,0.13107822410148,0.632135306553911,0.974894291754757,0.948863636363636,0.610817477096547,0.40401687288886
0.00343551797040169,0.620771670190275,0.744714587737844,0.02973044397463,0.457320295983087,0.974894291754757,0.471811134601832,0.357019896409028
0.906844608879493,0.0927589852008457,0.108086680761099,0.0023784355179704,0.632267441860465,0.975951374207188,0.453047921071177,0.400705305603952
0.000396405919661734,0.168076109936575,0.914244186046512,0.972383720930233,0.811310782241015,0.933932346723044,0.633390591966173,0.394329648476927
0.703091966173362,0.877246300211416,0.330998942917548,0,0.00911733615221987,0.974630021141649,0.482514094432699,0.392964667690051
0.94357822410148,0.00977801268498943,0.33007399577167,0.975158562367865,0.345005285412262,0.974497885835095,0.596348661028894,0.384101323951625
0.0569503171247357,0.347515856236786,0,0.164112050739958,0.411205073995772,0,0.163297216349542,0.163318248536144
0,0.976083509513742,0.000396405919661734,0.0478329809725159,0.975951374207188,0.770216701902748,0.461746828752643,0.451198629260467
0.904334038054968,0.907241014799154,0,0.976083509513742,0.880549682875264,0.94053911205074,0.768124559548978,0.344851383516223
0,0.0457188160676533,0.388081395348837,0.657901691331924,0.729519027484144,0.976083509513742,0.466217406624383,0.357378655999631
0.917415433403805,0,0.0673890063424947,0.216834038054968,0,0.213662790697674,0.235883544749824,0.317546548742283
0.390063424947146,0.0454545454545455,0.00224630021141649,0.84526955602537,0.910280126849894,0.0126849894291755,0.367666490486258,0.384360982308674
0.00422832980972516,0.937896405919662,0.00343551797040169,0.628435517970402,0.836020084566596,0,0.401669309372798,0.409371617499933
0.762288583509514,0.000264270613107822,0,0,0.0203488372093023,0.891252642706131,0.279025722339676,0.389165170660493
0,0.00317124735729387,0,0,0.821088794926004,0.0373942917547569,0.143609055673009,0.303274857126589
0,0.381210359408034,0.454281183932347,0.975951374207188,0.974497885835095,0,0.464323467230444,0.400050466229687
0.0548361522198732,0.757663847780127,0.835755813953488,0,0.386760042283298,0.971062367864693,0.501013037350247,0.379036137547326
0.974233615221987,0.451242071881607,0.188821353065539,0.0215380549682875,0.0544397463002114,0.975158562367865,0.444238900634249,0.399724204580704
0.166094080338266,0.210491543340381,0.390724101479915,0.730576109936575,0.000396405919661734,0.974497885835095,0.412130021141649,0.338831341994313
0.630153276955603,0,0,0.738107822410148,0.593287526427061,0.921247357293869,0.480465997181113,0.355316207907915
0.691860465116279,0,0,0.558139534883721,0.12869978858351,0.625,0.333949964763918,0.296716420559439
0.778541226215645,0.974233615221987,0,0.974497885835095,0.88345665961945,0.970930232558139,0.763609936575053,0.348688992739795
0.848837209302326,0,0.561442917547569,0.445163847780127,0.0150634249471459,0.964719873150106,0.472537878787879,0.37082625491747
0.941596194503171,0.199392177589852,0.609540169133192,0,0.973044397463002,0.397330866807611,0.520150634249471,0.360381042570513
0.000528541226215645,0,0.000792811839323467,0.85372621564482,0,0.88715644820296,0.29036733615222,0.410287863040276
0.951374207188161,0,0,0.282637420718816,0,0.756738900634249,0.331791754756871,0.386681597329283
0,0,0,0.000792811839323467,0.000264270613107822,0.270348837209302,0.0452343199436223,0.100674665768355
0.216305496828753,0.648784355179704,0,0,0.859275898520085,0.958509513742072,0.447145877378436,0.392676319474588
0.315671247357294,0.00158562367864693,0,0.89257399577167,0,0.974894291754757,0.364120859760395,0.41857975455869
0.845401691331924,0.336548625792812,0.817124735729387,0.00184989429175476,0.910015856236786,0.888213530655391,0.633192389006343,0.343298164561544
0.0418868921775899,0.0108350951374207,0.183668076109937,0.445560253699789,0.678514799154334,0.264138477801268,0.270767265680056,0.232519464427307
0.660676532769556,0.155655391120507,0,0,0.466305496828753,0.974762156448203,0.37623326286117,0.360327478657625
0,0.882135306553911,0,0,0.80708245243129,0.96419133192389,0.442234848484849,0.444555909750043
0.0385835095137421,0.00251057082452431,0.22872621564482,0,0.937367864693446,0.794001057082452,0.333531536293164,0.386317475247797
0.975951374207188,0.97396934460888,0,0,0.909487315010571,0.974762156448203,0.639028365045807,0.45245299919158
0.000264270613107822,0,0,0,0,0.377774841437632,0.0630065186751233,0.140768706447156
0.000660676532769556,0.00502114164904863,0.560385835095137,0,0.942389006342495,0.909883720930233,0.403056730091614,0.419387448426947
0,0.0153276955602537,0.300739957716702,0,0.0527219873150106,0.566992600422833,0.1559637068358,0.211735530871077
0.00184989429175476,0.000132135306553911,0.0122885835095137,0,0.0368657505285412,0.0392441860465116,0.0150634249471459,0.0167938377932516
