"Year","AFem","AFemDeath","AMal","AMalDeath","Eggs","EggsDeath","FryGrad","FryExit","FryDeath","FryInStr","allMortAF","baseMortAF","tempMortAF","allMortAM","baseMortAM","tempMortAM","InVivo","Year","allMortEgg","baseMortEgg","tempMortEgg","denMortEgg","incMortEgg","superMortEgg","lostMortEgg","catMortEgg","allMortFry","baseMortFry","tempMortFry","denMortFry","habMortFry","freshMortFry","seasMortFry","catMortFry","allMortSF","allMortSM"
2010,7568,7568,7578,6305,25802763,21220692,4582071,2161295,821286,1599490,1317,185,1132,1362,228,1134,8763873,2010,21220692,6109427,3631712,0,752050,4977837,5749666,0,821286,491562,35366,0,0,0,294358,0,6251,4943
2011,7568,7568,7578,6310,21693813,16835633,4858180,2888654,960355,1009171,900,189,711,941,229,712,15194028,2011,16835633,5233849,2218594,0,774997,4154433,4453760,0,960355,529146,113674,0,0,0,317535,0,6668,5369
2012,7568,7568,7578,6324,25126722,21490796,3635926,1332497,787280,1516149,3021,173,2848,3066,210,2856,0,2012,21490796,5042216,2216395,0,869733,5941034,7421418,0,787280,410638,129775,0,0,0,246867,0,4547,3258
2013,7568,7568,7578,6322,36963414,31577913,5385501,1596405,1243409,2545687,879,194,685,913,229,684,0,2013,31577913,10042892,5573482,0,872534,7584697,7504308,0,1243409,436823,540821,0,0,0,265765,0,6689,5409
2014,7568,7568,7578,7530,425502,236228,189274,31660,47990,109624,7491,73,7418,7502,78,7424,0,2014,236228,180118,54544,0,1566,0,0,0,47990,26338,5968,0,0,0,15684,0,77,28
2015,7568,7568,7578,6322,36786634,28225505,8561129,5343081,2044161,1173887,330,194,136,367,230,137,3214399,2015,28225505,9003452,2449144,0,2419265,7080877,7272767,0,2044161,934673,545279,0,0,0,564209,0,7238,5955
2016,7568,7568,7578,7475,562894,377372,185522,10861,35959,138702,7397,96,7301,7408,103,7305,382052,2016,377372,227537,97558,0,7585,44692,0,0,35959,22602,0,0,0,0,13357,0,171,67
2017,7568,7568,7578,7202,2308313,2063194,245119,14012,71894,159213,6921,89,6832,6946,107,6839,1274845,2017,2063194,349880,157836,0,65839,1036630,453009,0,71894,29684,24686,0,0,0,17524,0,647,256
2018,7568,7568,7578,6327,22070844,18615380,3455464,1286329,907546,1261589,3574,171,3403,3619,212,3407,0,2018,18615380,4046561,2048750,0,161143,4976190,7382736,0,907546,406018,256622,0,0,0,244906,0,3994,2708
2019,7568,7568,7578,6464,7401965,6804185,597780,16065,151778,429937,5122,114,5008,5168,152,5016,6141427,2019,6804185,1029320,494323,0,393,1810079,3470070,0,151778,58746,57844,0,0,0,35188,0,2446,1296
2020,7568,7568,7578,7368,1989360,1790157,199203,123,46663,152417,7208,66,7142,7209,61,7148,0,2020,1790157,463776,316297,0,109935,811733,88416,0,46663,16884,19737,0,0,0,10042,0,360,159
2021,7568,7568,7578,7438,1287163,1092327,194836,1168,46652,147016,7335,46,7289,7345,49,7296,395,2021,1092327,336969,150866,0,91623,507343,5526,0,46652,19788,15208,0,0,0,11656,0,233,93
2022,7568,7568,7578,6858,7399314,6664684,734630,110616,199908,424106,6229,92,6137,6251,106,6145,0,2022,6664684,919037,299013,0,170124,1789604,3486906,0,199908,96607,45594,0,0,0,57707,0,1339,607
2023,7568,7568,7578,6366,18136332,15883703,2252629,524923,579212,1148494,4286,154,4132,4336,195,4141,0,2023,15883703,3064930,1130974,0,500105,4202830,6984864,0,579212,260959,161064,0,0,0,157189,0,3282,2030
2024,7568,7568,7578,6312,38383596,32156413,6227183,2479179,1109961,2638043,622,193,429,660,231,429,0,2024,32156413,10173568,4719768,0,1330313,8212942,7719822,0,1109961,569770,197564,0,0,0,342627,0,6946,5652
2025,7568,7568,7578,6471,13483440,12513037,970403,58687,300604,611112,5128,111,5017,5169,145,5024,0,2025,12513037,1636036,645654,0,552563,3445456,6233328,0,300604,102091,136784,0,0,0,61729,0,2440,1302
2026,7568,7568,7578,7380,1751742,1407813,343929,19494,92716,231719,7251,51,7200,7254,41,7213,0,2026,1407813,422998,149448,0,35728,716749,82890,0,92716,43181,23743,0,0,0,25792,0,317,126
2027,7568,7568,7578,6324,28121903,23787558,4334345,2121161,889812,1323372,2374,187,2187,2413,223,2190,580141,2027,23787558,5131741,3018899,0,2074140,6130884,7431894,0,889812,497383,93928,0,0,0,298501,0,5194,3911
2028,7568,7568,7578,6383,13381172,11954697,1426475,196585,400733,829157,4630,151,4479,4681,195,4486,2866119,2028,11954697,1969223,972139,0,90721,3186712,5735902,0,400733,162975,139416,0,0,0,98342,0,2938,1702
2029,7568,7568,7578,6655,4799725,4376885,422840,54996,100302,267542,5810,116,5694,5833,133,5700,4942613,2029,4376885,551693,254667,0,50821,1190495,2329209,0,100302,51955,17713,0,0,0,30634,0,1758,822
2030,7568,7568,7578,7578,0,0,0,0,0,0,7568,21,7547,7578,25,7553,0,2030,0,0,0,0,0,0,0,0,0,0,0,0,0,0,0,0,0,0
2031,7568,7568,7578,6916,6575940,6008924,567016,23121,130822,413073,6378,96,6282,6404,116,6288,0,2031,6008924,886126,408028,0,0,2123076,2591694,0,130822,61772,32322,0,0,0,36728,0,1190,512
2032,7568,7568,7578,6325,17453384,14832227,2621157,1031526,471720,1117911,1308,194,1114,1342,228,1114,17182683,2032,14832227,4080015,1805260,0,655747,3850282,4440923,0,471720,261589,53455,0,0,0,156676,0,6260,4983
2033,7568,7568,7578,6315,18708925,15883746,2825179,1286097,676044,863038,3608,174,3434,3654,213,3441,3183711,2033,15883746,2935857,1755298,0,271737,4268255,6652599,0,676044,360829,98545,0,0,0,216670,0,3960,2661
2034,7568,7568,7578,7142,3424696,3098471,326225,9475,73613,243137,6823,75,6748,6855,103,6752,694032,2034,3098471,497458,332522,0,0,1393637,874854,0,73613,36821,14895,0,0,0,21897,0,745,287
2035,7568,7568,7578,6373,14842836,13608006,1234830,218922,288354,727554,4882,145,4737,4928,186,4742,0,2035,13608006,1758074,1142892,0,442863,3345625,6918552,0,288354,158635,34815,0,0,0,94904,0,2686,1445
2036,7568,7568,7578,6352,7983807,7264136,719671,70149,165896,483626,4713,153,4560,4758,192,4566,7823352,2036,7264136,1044136,669840,0,4214,1905626,3640320,0,165896,81408,35991,0,0,0,48497,0,2855,1594
2037,7568,7568,7578,6772,8200584,7633991,566593,20055,112838,433700,6084,105,5979,6102,116,5986,0,2037,7633991,941310,646809,0,197557,2167999,3680316,0,112838,61952,13927,0,0,0,36959,0,1484,670
2038,7568,7568,7578,7492,205381,126251,79130,17752,20203,41175,7433,47,7386,7441,48,7393,540629,2038,126251,74393,31989,0,19869,0,0,0,20203,11259,2346,0,0,0,6598,0,135,51
2039,7568,7568,7578,6853,7136514,6786008,350506,1212,76929,272365,6276,104,6172,6303,128,6175,3078,2039,6786008,796057,638018,0,115014,2136833,3100086,0,76929,31851,25989,0,0,0,19089,0,1292,550
2040,7568,7568,7578,7065,5067342,4725665,341677,4184,71814,265679,6651,70,6581,6678,89,6589,0,2040,4725665,629692,441199,0,153528,1777134,1724112,0,71814,34227,17380,0,0,0,20207,0,917,387
2041,7568,7568,7578,7578,0,0,0,0,0,0,7568,40,7528,7578,44,7534,0,2041,0,0,0,0,0,0,0,0,0,0,0,0,0,0,0,0,0,0
2042,7568,7568,7578,7578,0,0,0,0,0,0,7568,46,7522,7578,50,7528,0,2042,0,0,0,0,0,0,0,0,0,0,0,0,0,0,0,0,0,0
2043,7568,7568,7578,7578,0,0,0,0,0,0,7568,11,7557,7578,14,7564,0,2043,0,0,0,0,0,0,0,0,0,0,0,0,0,0,0,0,0,0
2044,7568,7568,7578,6338,18799452,16619801,2179651,495347,486917,1197387,4166,164,4002,4211,201,4010,0,2044,16619801,2941229,1467416,0,405157,4627725,7178274,0,486917,247597,90572,0,0,0,148748,0,3402,2127
2045,7568,7568,7578,6417,13549752,12008410,1541342,503563,404513,633266,5116,124,4992,5171,174,4997,0,2045,12008410,1542368,750735,0,5192,3089967,6620148,0,404513,219633,53335,0,0,0,131545,0,2452,1246
2046,7568,7568,7578,6449,13538700,12192740,1345960,232657,494140,619163,5118,107,5011,5175,155,5020,0,2046,12192740,1714995,696648,0,194033,3215586,6371478,0,494140,165885,227459,0,0,0,100796,0,2450,1274
2047,7568,7568,7578,6376,15261537,13745249,1516288,203251,448451,864586,4806,139,4667,4857,183,4674,1275,2047,13745249,2036923,1084063,0,5627,3700084,6918552,0,448451,181501,157183,0,0,0,109767,0,2762,1519
2048,7568,7568,7578,7002,5719494,4993359,726135,176696,177891,371548,6491,106,6385,6517,125,6392,233013,2048,4993359,797016,362168,0,15722,1949378,1869075,0,177891,101050,16558,0,0,0,60283,0,1077,485
2049,7568,7568,7578,7011,5476266,4965077,511189,52411,130315,328463,6577,99,6478,6603,117,6486,0,2049,4965077,678608,519957,0,204,1909572,1856736,0,130315,64646,26994,0,0,0,38675,0,991,408
2050,7568,7568,7578,7031,5586786,5083609,503177,32650,180415,290112,6557,97,6460,6584,116,6468,0,2050,5083609,759147,335886,0,175221,2083717,1729638,0,180415,58620,86296,0,0,0,35499,0,1011,447
2051,7568,7568,7578,7398,1524514,1254939,269575,16387,97230,155958,7276,64,7212,7279,56,7223,89078,2051,1254939,365087,166262,0,97748,599717,26125,0,97230,31967,46075,0,0,0,19188,0,292,119
2052,7568,7568,7578,7466,1005732,701197,304535,28968,85793,189774,7386,23,7363,7397,27,7370,0,2052,701197,342918,147738,0,84469,126072,0,0,85793,39512,22722,0,0,0,23559,0,182,69
2053,7568,7568,7578,6442,1397250,1305581,91669,14618,23429,53622,4639,156,4483,4681,191,4490,14845684,2053,1305581,142821,160778,0,12833,375049,614100,0,23429,10002,8237,0,0,0,5190,0,2929,1761
2054,7568,7568,7578,7450,1149408,888721,260687,28528,70525,161634,7360,42,7318,7367,43,7324,0,2054,888721,321295,97154,0,89600,380672,0,0,70525,34297,15864,0,0,0,20364,0,208,83
2055,7568,7568,7578,6338,14739127,14033368,705759,329518,169025,207216,4383,164,4219,4429,201,4228,2871536,2055,14033368,1869493,743816,0,1455915,3797791,6166353,0,169025,97677,13215,0,0,0,58133,0,3185,1909
2056,7568,7568,7578,6416,11563877,10494133,1069744,259360,271335,539049,5092,131,4961,5142,175,4967,2127844,2056,10494133,1304528,1042715,0,20824,2519976,5606090,0,271335,140204,47468,0,0,0,83663,0,2476,1274
2057,7568,7568,7578,6622,5833108,5439607,393501,35008,157552,200941,5863,114,5749,5889,135,5754,3609822,2057,5439607,569821,421163,0,0,1398135,3050488,0,157552,44047,86854,0,0,0,26651,0,1705,733
2058,7568,7568,7578,7578,0,0,0,0,0,0,7568,41,7527,7578,46,7532,0,2058,0,0,0,0,0,0,0,0,0,0,0,0,0,0,0,0,0,0
2059,7568,7568,7578,7578,0,0,0,0,0,0,7568,24,7544,7578,27,7551,0,2059,0,0,0,0,0,0,0,0,0,0,0,0,0,0,0,0,0,0
2060,7568,7568,7578,7576,16578,12349,4229,67,926,3236,7565,36,7529,7575,41,7534,0,2060,12349,6475,2073,0,3801,0,0,0,926,272,537,0,0,0,117,0,3,1
2061,7568,7568,7578,6513,10112518,8955583,1156935,423683,292053,441199,5222,133,5089,5251,158,5093,2864469,2061,8955583,1225638,511902,0,337937,2335236,4544870,0,292053,163891,30322,0,0,0,97840,0,2346,1262
2062,7568,7568,7578,6367,14635337,13274435,1360902,320070,404732,636100,4850,149,4701,4897,186,4711,385757,2062,13274435,1701121,1063453,0,365148,3302527,6842186,0,404732,180803,115151,0,0,0,108778,0,2718,1470
2063,7568,7568,7578,6339,20921436,17689957,3231479,1159878,995594,1076007,3782,177,3605,3825,213,3612,0,2063,17689957,3793001,1678968,0,144954,4883708,7189326,0,995594,374951,393348,0,0,0,227295,0,3786,2514
2064,7568,7568,7578,7576,8640,4800,3840,572,778,2490,7566,36,7530,7575,39,7536,2412,2064,4800,3726,860,0,214,0,0,0,778,244,406,0,0,0,128,0,2,1
2065,7568,7568,7578,7573,30415,18526,11889,3077,3038,5774,7561,46,7515,7570,53,7517,8267,2065,18526,11359,7167,0,0,0,0,0,3038,1080,1533,0,0,0,425,0,7,3
2066,7568,7568,7578,7311,2536434,2261163,275271,4079,117768,153424,7109,75,7034,7104,62,7042,0,2066,2261163,539403,429480,0,171507,960519,160254,0,117768,26952,74379,0,0,0,16437,0,459,207
2067,7568,7568,7578,7578,0,0,0,0,0,0,7568,45,7523,7578,55,7523,0,2067,0,0,0,0,0,0,0,0,0,0,0,0,0,0,0,0,0,0
2068,7568,7568,7578,7578,0,0,0,0,0,0,7568,23,7545,7578,28,7550,0,2068,0,0,0,0,0,0,0,0,0,0,0,0,0,0,0,0,0,0
2069,7568,7568,7578,7578,11052,7062,3990,603,745,2642,7566,45,7521,7578,48,7530,0,2069,7062,4144,1872,0,1046,0,0,0,745,248,363,0,0,0,134,0,2,0
2070,7568,7568,7578,7214,1919240,1718911,200329,20980,58490,120859,6965,76,6889,6981,85,6896,1421678,2070,1718911,272832,187196,0,47893,856108,354882,0,58490,25659,17721,0,0,0,15110,0,603,233
2071,7568,7568,7578,7578,3542,2118,1424,55,220,1149,7567,40,7527,7578,42,7536,1984,2071,2118,1526,379,0,213,0,0,0,220,77,104,0,0,0,39,0,1,0
2072,7568,7568,7578,7578,0,0,0,0,0,0,7568,36,7532,7578,40,7538,0,2072,0,0,0,0,0,0,0,0,0,0,0,0,0,0,0,0,0,0
2073,7568,7568,7578,7119,3360920,2986908,374012,49353,129647,195012,6786,93,6693,6815,111,6704,965336,2073,2986908,452888,192928,0,1685,1407392,932015,0,129647,49575,50473,0,0,0,29599,0,782,304
2074,7568,7568,7578,7578,0,0,0,0,0,0,7568,29,7539,7578,33,7545,0,2074,0,0,0,0,0,0,0,0,0,0,0,0,0,0,0,0,0,0
2075,7568,7568,7578,7578,0,0,0,0,0,0,7568,6,7562,7578,10,7568,0,2075,0,0,0,0,0,0,0,0,0,0,0,0,0,0,0,0,0,0
2076,7568,7568,7578,7539,318087,230428,87659,2469,25925,59265,7505,61,7444,7516,66,7450,30051,2076,230428,122981,72666,0,34781,0,0,0,25925,9960,10049,0,0,0,5916,0,63,23
2077,7568,7568,7578,7578,0,0,0,0,0,0,7568,6,7562,7578,9,7569,0,2077,0,0,0,0,0,0,0,0,0,0,0,0,0,0,0,0,0,0
2078,7568,7568,7578,7539,318452,224730,93722,12215,41332,40175,7508,54,7454,7516,60,7456,13108,2078,224730,104370,85799,0,34561,0,0,0,41332,12053,21988,0,0,0,7291,0,60,23
2079,7568,7568,7578,7578,0,0,0,0,0,0,7568,6,7562,7578,11,7567,0,2079,0,0,0,0,0,0,0,0,0,0,0,0,0,0,0,0,0,0
2080,7568,7568,7578,7578,0,0,0,0,0,0,7568,44,7524,7578,49,7529,0,2080,0,0,0,0,0,0,0,0,0,0,0,0,0,0,0,0,0,0
2081,7568,7568,7578,6775,3125563,2937077,188486,23431,64983,100072,6198,110,6088,6219,119,6100,4458521,2081,2937077,263724,317273,0,17709,904131,1434240,0,64983,23266,28200,0,0,0,13517,0,1370,556
2082,7568,7568,7578,7578,0,0,0,0,0,0,7568,23,7545,7578,27,7551,0,2082,0,0,0,0,0,0,0,0,0,0,0,0,0,0,0,0,0,0
2083,7568,7568,7578,7571,24870,13063,11807,3863,4118,3826,7558,52,7506,7567,53,7514,30390,2083,13063,8984,4058,0,21,0,0,0,4118,1358,2332,0,0,0,428,0,10,4
2084,7568,7568,7578,7578,0,0,0,0,0,0,7568,35,7533,7578,36,7542,0,2084,0,0,0,0,0,0,0,0,0,0,0,0,0,0,0,0,0,0
2085,7568,7568,7578,7578,0,0,0,0,0,0,7568,23,7545,7578,25,7553,0,2085,0,0,0,0,0,0,0,0,0,0,0,0,0,0,0,0,0,0
2086,7568,7568,7578,7578,0,0,0,0,0,0,7568,31,7537,7578,36,7542,0,2086,0,0,0,0,0,0,0,0,0,0,0,0,0,0,0,0,0,0
2087,7568,7568,7578,6590,3033512,2710515,322997,152249,120095,50653,5654,125,5529,5684,150,5534,7578982,2087,2710515,284032,285625,0,21808,671385,1447665,0,120095,47703,44191,0,0,0,28201,0,1914,906
2088,7568,7568,7578,7534,275586,163818,111768,27161,48290,36317,7499,47,7452,7508,48,7460,105708,2088,163818,95628,68190,0,0,0,0,0,48290,15692,23123,0,0,0,9475,0,69,26
2089,7568,7568,7578,7578,0,0,0,0,0,0,7568,29,7539,7578,34,7544,0,2089,0,0,0,0,0,0,0,0,0,0,0,0,0,0,0,0,0,0
2090,7568,7568,7578,7325,880806,735827,144979,12545,80761,51673,7164,53,7111,7169,43,7126,1358430,2090,0,0,0,0,0,0,0,0,0,0,0,0,0,0,0,0,0,0
2091,7568,7568,7578,7578,0,0,0,0,0,0,7568,12,7556,7578,12,7566,0,2091,0,0,0,0,0,0,0,0,0,0,0,0,0,0,0,0,0,0
2092,7568,7568,7578,7578,0,0,0,0,0,0,7568,22,7546,7578,25,7553,0,2092,0,0,0,0,0,0,0,0,0,0,0,0,0,0,0,0,0,0
2093,7568,7568,7578,7578,0,0,0,0,0,0,7568,25,7543,7578,29,7549,0,2093,0,0,0,0,0,0,0,0,0,0,0,0,0,0,0,0,0,0
2094,7568,7568,7578,7578,0,0,0,0,0,0,7568,24,7544,7578,27,7551,0,2094,0,0,0,0,0,0,0,0,0,0,0,0,0,0,0,0,0,0
2095,7568,7568,7578,7578,0,0,0,0,0,0,7568,3,7565,7578,3,7575,0,2095,0,0,0,0,0,0,0,0,0,0,0,0,0,0,0,0,0,0
2096,7568,7568,7578,7578,0,0,0,0,0,0,7568,12,7556,7578,0,7578,0,2096,0,0,0,0,0,0,0,0,0,0,0,0,0,0,0,0,0,0
2097,7568,7568,7578,7578,0,0,0,0,0,0,7568,1,7567,7578,3,7575,0,2097,0,0,0,0,0,0,0,0,0,0,0,0,0,0,0,0,0,0
2098,7568,7568,7578,7578,0,0,0,0,0,0,7568,16,7552,7578,19,7559,0,2098,735827,181471,90484,0,12116,395596,56160,0,80761,17685,52127,0,0,0,10949,0,404,156
2099,7568,7568,7578,7578,0,0,0,0,0,0,7568,27,7541,7578,31,7547,0,2099,0,0,0,0,0,0,0,0,0,0,0,0,0,0,0,0,0,0
