"Year","AFem","AFemDeath","AMal","AMalDeath","Eggs","EggsDeath","FryGrad","FryExit","FryDeath","FryInStr","allMortAF","baseMortAF","tempMortAF","allMortAM","baseMortAM","tempMortAM","InVivo"
2010,7568,7568,7578,6305,25802763,21220692,4582071,2161295,821286,1599490,1317,185,1132,1362,228,1134,8763873
2011,7568,7568,7578,6310,21693813,16835633,4858180,2888654,960355,1009171,900,189,711,941,229,712,15194028
2012,7568,7568,7578,6324,25126722,21490796,3635926,1332497,787280,1516149,3021,173,2848,3066,210,2856,0
2013,7568,7568,7578,6322,36963414,31577913,5385501,1596405,1243409,2545687,879,194,685,913,229,684,0
2014,7568,7568,7578,7530,425502,236228,189274,31660,47990,109624,7491,73,7418,7502,78,7424,0
2015,7568,7568,7578,6322,36786634,28225505,8561129,5343081,2044161,1173887,330,194,136,367,230,137,3214399
2016,7568,7568,7578,7475,562894,377372,185522,10861,35959,138702,7397,96,7301,7408,103,7305,382052
2017,7568,7568,7578,7202,2308313,2063194,245119,14012,71894,159213,6921,89,6832,6946,107,6839,1274845
2018,7568,7568,7578,6327,22070844,18615380,3455464,1286329,907546,1261589,3574,171,3403,3619,212,3407,0
2019,7568,7568,7578,6464,7401965,6804185,597780,16065,151778,429937,5122,114,5008,5168,152,5016,6141427
2020,7568,7568,7578,7368,1989360,1790157,199203,123,46663,152417,7208,66,7142,7209,61,7148,0
2021,7568,7568,7578,7438,1287163,1092327,194836,1168,46652,147016,7335,46,7289,7345,49,7296,395
2022,7568,7568,7578,6858,7399314,6664684,734630,110616,199908,424106,6229,92,6137,6251,106,6145,0
2023,7568,7568,7578,6366,18136332,15883703,2252629,524923,579212,1148494,4286,154,4132,4336,195,4141,0
2024,7568,7568,7578,6312,38383596,32156413,6227183,2479179,1109961,2638043,622,193,429,660,231,429,0
2025,7568,7568,7578,6471,13483440,12513037,970403,58687,300604,611112,5128,111,5017,5169,145,5024,0
2026,7568,7568,7578,7380,1751742,1407813,343929,19494,92716,231719,7251,51,7200,7254,41,7213,0
2027,7568,7568,7578,6324,28121903,23787558,4334345,2121161,889812,1323372,2374,187,2187,2413,223,2190,580141
2028,7568,7568,7578,6383,13381172,11954697,1426475,196585,400733,829157,4630,151,4479,4681,195,4486,2866119
2029,7568,7568,7578,6655,4799725,4376885,422840,54996,100302,267542,5810,116,5694,5833,133,5700,4942613
2030,7568,7568,7578,7578,0,0,0,0,0,0,7568,21,7547,7578,25,7553,0
2031,7568,7568,7578,6916,6575940,6008924,567016,23121,130822,413073,6378,96,6282,6404,116,6288,0
2032,7568,7568,7578,6325,17453384,14832227,2621157,1031526,471720,1117911,1308,194,1114,1342,228,1114,17182683
2033,7568,7568,7578,6315,18708925,15883746,2825179,1286097,676044,863038,3608,174,3434,3654,213,3441,3183711
2034,7568,7568,7578,7142,3424696,3098471,326225,9475,73613,243137,6823,75,6748,6855,103,6752,694032
2035,7568,7568,7578,6373,14842836,13608006,1234830,218922,288354,727554,4882,145,4737,4928,186,4742,0
2036,7568,7568,7578,6352,7983807,7264136,719671,70149,165896,483626,4713,153,4560,4758,192,4566,7823352
2037,7568,7568,7578,6772,8200584,7633991,566593,20055,112838,433700,6084,105,5979,6102,116,5986,0
2038,7568,7568,7578,7492,205381,126251,79130,17752,20203,41175,7433,47,7386,7441,48,7393,540629
2039,7568,7568,7578,6853,7136514,6786008,350506,1212,76929,272365,6276,104,6172,6303,128,6175,3078
2040,7568,7568,7578,7065,5067342,4725665,341677,4184,71814,265679,6651,70,6581,6678,89,6589,0
2041,7568,7568,7578,7578,0,0,0,0,0,0,7568,40,7528,7578,44,7534,0
2042,7568,7568,7578,7578,0,0,0,0,0,0,7568,46,7522,7578,50,7528,0
2043,7568,7568,7578,7578,0,0,0,0,0,0,7568,11,7557,7578,14,7564,0
2044,7568,7568,7578,6338,18799452,16619801,2179651,495347,486917,1197387,4166,164,4002,4211,201,4010,0
2045,7568,7568,7578,6417,13549752,12008410,1541342,503563,404513,633266,5116,124,4992,5171,174,4997,0
2046,7568,7568,7578,6449,13538700,12192740,1345960,232657,494140,619163,5118,107,5011,5175,155,5020,0
2047,7568,7568,7578,6376,15261537,13745249,1516288,203251,448451,864586,4806,139,4667,4857,183,4674,1275
2048,7568,7568,7578,7002,5719494,4993359,726135,176696,177891,371548,6491,106,6385,6517,125,6392,233013
2049,7568,7568,7578,7011,5476266,4965077,511189,52411,130315,328463,6577,99,6478,6603,117,6486,0
2050,7568,7568,7578,7031,5586786,5083609,503177,32650,180415,290112,6557,97,6460,6584,116,6468,0
2051,7568,7568,7578,7398,1524514,1254939,269575,16387,97230,155958,7276,64,7212,7279,56,7223,89078
2052,7568,7568,7578,7466,1005732,701197,304535,28968,85793,189774,7386,23,7363,7397,27,7370,0
2053,7568,7568,7578,6442,1397250,1305581,91669,14618,23429,53622,4639,156,4483,4681,191,4490,14845684
2054,7568,7568,7578,7450,1149408,888721,260687,28528,70525,161634,7360,42,7318,7367,43,7324,0
2055,7568,7568,7578,6338,14739127,14033368,705759,329518,169025,207216,4383,164,4219,4429,201,4228,2871536
2056,7568,7568,7578,6416,11563877,10494133,1069744,259360,271335,539049,5092,131,4961,5142,175,4967,2127844
2057,7568,7568,7578,6622,5833108,5439607,393501,35008,157552,200941,5863,114,5749,5889,135,5754,3609822
2058,7568,7568,7578,7578,0,0,0,0,0,0,7568,41,7527,7578,46,7532,0
2059,7568,7568,7578,7578,0,0,0,0,0,0,7568,24,7544,7578,27,7551,0
2060,7568,7568,7578,7576,16578,12349,4229,67,926,3236,7565,36,7529,7575,41,7534,0
2061,7568,7568,7578,6513,10112518,8955583,1156935,423683,292053,441199,5222,133,5089,5251,158,5093,2864469
2062,7568,7568,7578,6367,14635337,13274435,1360902,320070,404732,636100,4850,149,4701,4897,186,4711,385757
2063,7568,7568,7578,6339,20921436,17689957,3231479,1159878,995594,1076007,3782,177,3605,3825,213,3612,0
2064,7568,7568,7578,7576,8640,4800,3840,572,778,2490,7566,36,7530,7575,39,7536,2412
2065,7568,7568,7578,7573,30415,18526,11889,3077,3038,5774,7561,46,7515,7570,53,7517,8267
2066,7568,7568,7578,7311,2536434,2261163,275271,4079,117768,153424,7109,75,7034,7104,62,7042,0
2067,7568,7568,7578,7578,0,0,0,0,0,0,7568,45,7523,7578,55,7523,0
2068,7568,7568,7578,7578,0,0,0,0,0,0,7568,23,7545,7578,28,7550,0
2069,7568,7568,7578,7578,11052,7062,3990,603,745,2642,7566,45,7521,7578,48,7530,0
2070,7568,7568,7578,7214,1919240,1718911,200329,20980,58490,120859,6965,76,6889,6981,85,6896,1421678
2071,7568,7568,7578,7578,3542,2118,1424,55,220,1149,7567,40,7527,7578,42,7536,1984
2072,7568,7568,7578,7578,0,0,0,0,0,0,7568,36,7532,7578,40,7538,0
2073,7568,7568,7578,7119,3360920,2986908,374012,49353,129647,195012,6786,93,6693,6815,111,6704,965336
2074,7568,7568,7578,7578,0,0,0,0,0,0,7568,29,7539,7578,33,7545,0
2075,7568,7568,7578,7578,0,0,0,0,0,0,7568,6,7562,7578,10,7568,0
2076,7568,7568,7578,7539,318087,230428,87659,2469,25925,59265,7505,61,7444,7516,66,7450,30051
2077,7568,7568,7578,7578,0,0,0,0,0,0,7568,6,7562,7578,9,7569,0
2078,7568,7568,7578,7539,318452,224730,93722,12215,41332,40175,7508,54,7454,7516,60,7456,13108
2079,7568,7568,7578,7578,0,0,0,0,0,0,7568,6,7562,7578,11,7567,0
2080,7568,7568,7578,7578,0,0,0,0,0,0,7568,44,7524,7578,49,7529,0
2081,7568,7568,7578,6775,3125563,2937077,188486,23431,64983,100072,6198,110,6088,6219,119,6100,4458521
2082,7568,7568,7578,7578,0,0,0,0,0,0,7568,23,7545,7578,27,7551,0
2083,7568,7568,7578,7571,24870,13063,11807,3863,4118,3826,7558,52,7506,7567,53,7514,30390
2084,7568,7568,7578,7578,0,0,0,0,0,0,7568,35,7533,7578,36,7542,0
2085,7568,7568,7578,7578,0,0,0,0,0,0,7568,23,7545,7578,25,7553,0
2086,7568,7568,7578,7578,0,0,0,0,0,0,7568,31,7537,7578,36,7542,0
2087,7568,7568,7578,6590,3033512,2710515,322997,152249,120095,50653,5654,125,5529,5684,150,5534,7578982
2088,7568,7568,7578,7534,275586,163818,111768,27161,48290,36317,7499,47,7452,7508,48,7460,105708
2089,7568,7568,7578,7578,0,0,0,0,0,0,7568,29,7539,7578,34,7544,0
2090,7568,7568,7578,7325,880806,735827,144979,12545,80761,51673,7164,53,7111,7169,43,7126,1358430
2091,7568,7568,7578,7578,0,0,0,0,0,0,7568,12,7556,7578,12,7566,0
2092,7568,7568,7578,7578,0,0,0,0,0,0,7568,22,7546,7578,25,7553,0
2093,7568,7568,7578,7578,0,0,0,0,0,0,7568,25,7543,7578,29,7549,0
2094,7568,7568,7578,7578,0,0,0,0,0,0,7568,24,7544,7578,27,7551,0
2095,7568,7568,7578,7578,0,0,0,0,0,0,7568,3,7565,7578,3,7575,0
2096,7568,7568,7578,7578,0,0,0,0,0,0,7568,12,7556,7578,0,7578,0
2097,7568,7568,7578,7578,0,0,0,0,0,0,7568,1,7567,7578,3,7575,0
2098,7568,7568,7578,7578,0,0,0,0,0,0,7568,16,7552,7578,19,7559,0
2099,7568,7568,7578,7578,0,0,0,0,0,0,7568,27,7541,7578,31,7547,0
