"Year","AFem","AFemDeath","AMal","AMalDeath","Eggs","EggsDeath","FryGrad","FryExit","FryDeath","FryInStr","allMortAF","baseMortAF","tempMortAF","allMortAM","baseMortAM","tempMortAM","InVivo"
2010,7568,7568,7578,6322,39971724,32662137,7309587,3978441,1199804,2131342,304,196,108,339,231,108,169140
2011,7568,7568,7578,6313,40776354,34354336,6422018,3637652,1086342,1698024,189,189,0,227,227,0,0
2012,7568,7568,7578,6313,40179456,32562820,7616636,3965513,1516098,2135025,188,188,0,226,226,0,602624
2013,7568,7568,7578,6322,40295592,33185432,7110160,2914958,2078329,2116873,276,194,82,311,229,82,0
2014,7568,7568,7578,7576,16578,9763,6815,109,1635,5071,7565,25,7540,7575,23,7552,0
2015,7568,7568,7578,6322,39925350,35016740,4908610,2218580,842459,1847571,343,196,147,379,232,147,0
2016,7568,7568,7578,6323,478884,457525,21359,11893,2540,6926,723,206,517,759,242,517,37444116
2017,7568,7568,7578,6322,40770828,34413757,6357071,3999042,1261445,1096584,190,190,0,226,226,0,0
2018,7568,7568,7578,6322,40770828,33619486,7151342,4048239,1578991,1524112,190,190,0,226,226,0,0
2019,7568,7568,7578,6346,23883372,19808340,4075032,1574148,999772,1501112,3246,158,3088,3293,200,3093,0
2020,7568,7568,7578,7333,2238030,1883768,354262,33341,86550,234371,7163,56,7107,7162,47,7115,0
2021,7568,7568,7578,6322,40671360,34461527,6209833,2016184,1245626,2948023,208,193,15,243,228,15,0
2022,7568,7568,7578,6574,12820320,11225209,1595111,456849,418089,720173,5248,126,5122,5270,142,5128,0
2023,7568,7568,7578,6271,36092507,29873330,6219177,3052598,1006978,2159601,183,183,0,227,227,0,4724741
2024,7568,7568,7578,6328,32382360,29203768,3178592,1009644,612549,1556399,1708,192,1516,1750,229,1521,0
2025,7568,7568,7578,6280,9528747,8060195,1468552,554150,332372,582030,2101,171,1930,2148,211,1937,20735516
2026,7568,7568,7578,6322,39709836,32327980,7381856,3769184,1463678,2148994,382,194,188,418,230,188,0
2027,7568,7568,7578,6322,40715568,31107571,9607997,5538074,1911689,2158234,200,191,9,237,227,10,0
2028,7568,7568,7578,6864,8001648,7152595,849053,41415,220593,587045,6120,104,6016,6146,121,6025,0
2029,7568,7568,7578,6818,8581878,7901508,680370,32242,161587,486541,6015,95,5920,6033,105,5928,0
2030,7568,7568,7578,7578,0,0,0,0,0,0,7568,10,7558,7578,13,7565,0
2031,7568,7568,7578,6322,40765302,31494713,9270589,5405541,1635808,2229240,191,190,1,227,226,1,0
2032,7568,7568,7578,6345,24994098,21526566,3467532,1028220,776627,1662685,3045,158,2887,3091,198,2893,0
2033,7568,7568,7578,7250,3082279,2726574,355705,41585,82307,231813,7010,72,6938,7019,74,6945,1229
2034,7568,7568,7578,6317,34801204,28116897,6684307,3476029,1518966,1689312,475,196,279,511,233,278,4402052
2035,7568,7568,7578,7569,71838,39447,32391,5674,9183,17534,7555,54,7501,7565,62,7503,0
2036,7568,7568,7578,6347,17114893,14802997,2311896,871388,541347,899161,2898,154,2744,2942,194,2748,8715041
2037,7568,7568,7578,6322,28454684,22688437,5766247,3035861,1041912,1688474,193,192,1,228,227,1,12326244
2038,7568,7568,7578,6344,25955316,21120604,4834712,2323718,1028167,1482827,2871,164,2707,2917,205,2712,306
2039,7568,7568,7578,6367,17938552,15825023,2113529,813178,423683,876668,4124,144,3980,4170,185,3985,1096631
2040,7568,7568,7578,6322,37189980,30035313,7154667,3453001,1869906,1831760,838,196,642,875,232,643,0
2041,7568,7568,7578,6553,7816816,6855087,961729,402991,220383,338355,4988,163,4825,5013,183,4830,6466785
2042,7568,7568,7578,6322,40500054,31761761,8738293,4938433,1980348,1819512,239,196,43,275,232,43,0
2043,7568,7568,7578,6547,13256874,11700810,1556064,265129,435388,855547,5169,121,5048,5190,138,5052,0
2044,7568,7568,7578,7567,77568,49377,28191,2089,7276,18826,7552,51,7501,7562,59,7503,10848
2045,7568,7568,7578,7576,5326,3964,1362,76,189,1097,7566,34,7532,7575,39,7536,5726
2046,7568,7568,7578,6338,18181254,15990408,2190846,961240,506222,723384,3858,155,3703,3909,201,3708,2327158
2047,7568,7568,7578,6355,9155985,8590471,565514,199445,117887,248182,3360,160,3200,3405,200,3205,14140523
2048,7568,7568,7578,6270,40654782,34555018,6099764,2635786,1293084,2170894,211,182,29,255,226,29,0
2049,7568,7568,7578,7578,0,0,0,0,0,0,7568,36,7532,7578,40,7538,0
2050,7568,7568,7578,7578,0,0,0,0,0,0,7568,15,7553,7578,3,7575,0
2051,7568,7568,7578,6323,37481699,30971234,6510465,3382505,1575017,1552943,782,194,588,817,226,591,17737
2052,7568,7568,7578,6586,8877384,7729375,1148009,384552,294026,469431,5305,112,5193,5333,133,5200,3643524
2053,7568,7568,7578,6403,19556514,16256430,3300084,1315015,688489,1296580,4029,156,3873,4081,202,3879,0
2054,7568,7568,7578,7089,8592883,7641716,951167,158954,223318,568895,4808,128,4680,4834,142,4692,6681737
2055,7568,7568,7578,6390,18346320,15589241,2757079,952597,729180,1075302,4248,155,4093,4297,202,4095,0
2056,7568,7568,7578,6494,17102545,14856388,2246157,769649,519782,956726,4473,153,4320,4503,176,4327,425
2057,7568,7568,7578,6690,10024164,8958344,1065820,190824,302800,572196,5754,106,5648,5776,120,5656,0
2058,7568,7568,7578,7573,29491,19124,10367,2299,3583,4485,7561,35,7526,7570,39,7531,9191
2059,7568,7568,7578,7578,0,0,0,0,0,0,7568,8,7560,7578,12,7566,0
2060,7568,7568,7578,7578,0,0,0,0,0,0,7568,24,7544,7578,25,7553,0
2061,7568,7568,7578,6351,11834614,10080162,1754452,960087,440208,354157,2689,172,2517,2731,213,2518,15171125
2062,7568,7568,7578,6480,15750798,13591290,2159508,638608,488819,1032081,4711,124,4587,4744,150,4594,36984
2063,7568,7568,7578,7314,2630376,2074752,555624,76581,154065,324978,7092,72,7020,7089,62,7027,0
2064,7568,7568,7578,6337,21074984,17643602,3431382,1704450,1173378,553554,3042,165,2877,3089,206,2883,3947227
2065,7568,7568,7578,7578,0,0,0,0,0,0,7568,20,7548,7578,13,7565,0
2066,7568,7568,7578,7569,44083,22986,21097,6537,6124,8436,7555,42,7513,7564,43,7521,27755
2067,7568,7568,7578,7529,588907,328097,260810,73897,72638,114275,7396,46,7350,7405,50,7355,361565
2068,7568,7568,7578,6550,12107414,10748022,1359392,626816,377312,355264,5288,132,5156,5319,155,5164,493376
2069,7568,7568,7578,6538,6033051,5491403,541648,102569,182412,256667,4958,124,4834,4983,140,4843,8416887
2070,7568,7568,7578,7578,0,0,0,0,0,0,7568,24,7544,7578,27,7551,0
2071,7568,7568,7578,7372,857539,645387,212152,49631,65689,96832,7199,56,7143,7200,50,7150,1184745
2072,7568,7568,7578,7578,4873,3076,1797,140,725,932,7567,5,7562,7578,5,7573,653
2073,7568,7568,7578,7578,0,0,0,0,0,0,7568,0,7568,7578,0,7578,0
2074,7568,7568,7578,7575,25870,16018,9852,1645,2733,5474,7563,50,7513,7574,56,7518,1760
2075,7568,7568,7578,7578,0,0,0,0,0,0,7568,10,7558,7578,15,7563,0
2076,7568,7568,7578,7578,0,0,0,0,0,0,7568,9,7559,7578,12,7566,0
2077,7568,7568,7578,7578,0,0,0,0,0,0,7568,21,7547,7578,25,7553,0
2078,7568,7568,7578,7578,0,0,0,0,0,0,7568,28,7540,7578,32,7546,0
2079,7568,7568,7578,7578,0,0,0,0,0,0,7568,9,7559,7578,11,7567,0
2080,7568,7568,7578,7534,71280,46045,25235,8649,7431,9155,7501,34,7467,7509,36,7473,298962
2081,7568,7568,7578,7385,1140794,869154,271640,66676,81719,123245,7243,64,7179,7246,59,7187,655282
2082,7568,7568,7578,7244,5864583,5297991,566592,245096,169209,152287,6139,97,6042,6157,109,6048,2036197
2083,7568,7568,7578,6823,5866787,5047883,818904,258317,235165,325422,6055,91,5964,6081,106,5975,2505482
2084,7568,7568,7578,7507,328533,175246,153287,65326,49666,38295,7453,48,7405,7462,47,7415,306957
2085,7568,7568,7578,7535,173412,106536,66876,26174,24549,16153,7498,39,7459,7507,43,7464,213408
2086,7568,7568,7578,7578,0,0,0,0,0,0,7568,2,7566,7578,3,7575,0
2087,7568,7568,7578,7578,0,0,0,0,0,0,7568,15,7553,7578,17,7561,0
2088,7568,7568,7578,7578,0,0,0,0,0,0,7568,33,7535,7578,39,7539,0
2089,7568,7568,7578,7578,0,0,0,0,0,0,7568,40,7528,7578,42,7536,0
2090,7568,7568,7578,7576,13833,8517,5316,237,1116,3963,7565,35,7530,7575,41,7534,2745
2091,7568,7568,7578,7265,884762,712671,172091,60216,55785,56090,6965,90,6875,6981,100,6881,2459447
2092,7568,7568,7578,7575,7076,4657,2419,707,694,1018,7560,21,7539,7568,26,7542,37132
2093,7568,7568,7578,7578,0,0,0,0,0,0,7568,4,7564,7578,7,7571,0
2094,7568,7568,7578,7578,0,0,0,0,0,0,7568,30,7538,7578,35,7543,0
2095,7568,7568,7578,7184,3517988,3131887,386101,44617,133238,208246,6863,79,6784,6896,105,6791,379950
2096,7568,7568,7578,7578,0,0,0,0,0,0,7568,12,7556,7578,15,7563,0
2097,7568,7568,7578,7578,0,0,0,0,0,0,7568,6,7562,7578,13,7565,0
2098,7568,7568,7578,7578,0,0,0,0,0,0,7568,25,7543,7578,30,7548,0
2099,7568,7568,7578,7578,0,0,0,0,0,0,7568,1,7567,7578,3,7575,0
