"cnrmcm3","gfdlcm21","miroc32med","mpiecham5","ncarccsm3","ncarpcm1"
0.136410111944685,0.191993202758492,0.183926742814496,0.188377437542366,0.188464586615774,0.195988194903389
0.198078313971238,0.169754873658219,0.15749367881199,0.160388918272643,0.230260065550051,0.196624974111392
0.162483954680871,0.188605216403032,0.189352974570864,0.176624541014738,0.180558654573279,0.186417451646986
0.208752847292242,0.191449778748668,0.176469277334355,0.134893023025653,0.152047807319488,0.0984297926989118
0.176969805011096,0.190601749398403,0.411086982748221,0.179482688583085,0.457111834961998,0.10182807674508
0.171914732719531,0.155612033374041,0.122944695538048,0.110099176360199,0.235669949248498,0.125299849879962
0.0929225345544066,0.165510635953866,0.044601615422524,0.156109288222954,0.120181343562009,0.167647566534467
0.17059096509521,0.338246179747719,0.155922047989803,0.151535367002556,0.0918495496489445,0.0806106178877979
0.189519799527472,0.207027326733776,0.178483424472027,0.190151056044287,0.204457003365308,0.133596525986414
0.124628930880471,0.182647438583223,0.170953348100555,0.199669534607036,0.117999848677487,0.176117195409689
0.0762695441333907,0.140005716832633,0.157513598881677,0.114960109308736,0.105723990088811,0.0724238085354721
0.181475813303613,0.178623956909892,0.152683190333443,0.127287543009755,0.149256108613526,0.177370990419876
0.191876098903429,0.150903589870295,0.12442052928476,0.199796517145081,0.101133914331891,0.194179671798669
0.0734897872855881,NA,0.172312136699177,0.177369612075121,0.177385425190328,0.162370332972157
0.00493327678404964,0.135122967088135,0.0988573760645532,0.188101321151556,0.166789073971087,0.25667085004126
0.141414662182057,0.129527699606806,0.162553962001788,0.188901601470966,0.112613906282857,0.144455405024678
0.170034090153966,0.20390322861953,0.185894900195508,0.1973399333792,0.169444198879165,0.37219507781397
0.123392162669036,0.136750096721455,0.235965368332821,0.130396838308617,0.176218650600519,0.159593442484863
0.345945043013447,0.311286641799046,0.107630109234333,0.344344817655735,0.163442246055589,0.0941548620522747
0.121248545462887,0.103240632006978,0.0792798499349443,0.182974517725124,0.121973951702102,0.212682458011498
0.196975579313484,0.103180584945487,NA,0.198435006834262,NA,0.2252185581253
0.193683484947059,0.322082622408355,0.227438525408412,0.165369386935978,0.122157696240894,0.220330406233668
0.205284506114693,NA,0.138734032330353,0.181460191075214,0.159925267082749,0.145896924972373
0.182301483011812,0.179549113287381,0.115403245455716,0.20853964332299,0.20812900551566,0.147308704337817
0.139624011167985,0.139532497971656,0.193145297331112,0.222062833145221,0.122878847144049,0.156758400035609
0.20732826426694,0.406425698891145,0.450889501378101,0.154099113198954,0.145651589745115,0.189803461440185
0.14497518302953,0.298301034474264,0.135054578112826,0.382670111562857,0.171459000521338,0.160343175332989
0.11100410580259,0.126098488692973,0.206484774176371,0.150162710148397,0.093982131361472,0.176818219638469
0.206800040419267,0.124223730262241,0.186270589038484,0.170089224949506,0.217378794418069,0.117099093660487
0.228555373380975,0.187548297483151,0.118594934168418,0.163536613318547,0.0926840302244058,0.0920901666126774
0.142403653053614,NA,0.197048701722581,0.420846673781572,0.0689645812273017,0.161391910260301
0.126520415015757,0.0934276086353317,0.124362496749045,0.106234946032295,NA,0.118651778832606
0.392529858849077,0.334494773519164,0.215728379028828,0.245945894081752,NA,0.174333375572669
0.149556292026508,0.238964827626174,0.117285869956975,0.153369544548971,NA,0.0929902617242859
0.194275415278673,0.141075522157132,0.363435952970297,0.177772221246075,0.186054305003842,0.080208711480946
NA,0.117249330285675,0.255726624108149,NA,0.212327614965287,0.140542201842419
0.0489690151606547,0.16539289470167,0.120500269123351,0.247728256166162,0.189552693054322,0.208606060139616
0.18201543751218,0.182698275940519,0.0609230452135996,0.171407458293464,0.156015589599408,0.228529896536284
0.135982034691418,0.153182867944551,0.150038044724972,0.209502637523084,0.15211037296401,0.160897330842265
0.162012431429738,0.182519570385726,NA,0.233017999003707,0.131217519713587,0.215129791696645
0.109185484773539,0.197475670851088,NA,0.22645889984008,0.101293201141548,0.307639557997622
0.159214962920055,0.41801096117057,0.173827519740599,0.190630864519014,0.19362879276536,0.366761818033227
0.191998261216502,0.0548885781556534,0.12931838929126,0.161800795149006,0.111326774848077,0.275916446926219
0.161467202868775,0.209144171227736,0.168746024981753,0.209466318631829,0.0890925762922778,0.179840063253388
0.414163349016769,0.177104479943554,0.110692418365291,NA,0.286030599989396,0.179263267021231
0.14135847644221,0.203450819900331,0.1501660823533,0.191013573258945,0.0889834922813953,0.164160388510702
0.184454000607263,NA,0.131665990467045,0.168380718907693,0.169488825383706,0.223524866575898
0.137472272148889,0.142058515912333,0.106514498979712,0.228339321484214,0.173688939496576,0.13599677973604
0.100105042904686,0.131627644355663,0.351530975551863,0.433084006916797,NA,0.198075852693309
NA,0.122886497177247,NA,0.102948305730365,NA,0.189520027367513
NA,0.0744351835218095,NA,0.443187506256883,0.28264985105376,0.180853043012109
NA,0.144539004307563,0.149417963186095,0.110960184572058,0.178340120716794,0.0821825477621695
NA,NA,0.137104672410884,0.188335197931597,0.160731115596598,0.160976088484164
0.341422815660305,NA,0.211234059313193,NA,0.222904453888919,0.105202913964279
0.0374983789391778,0.172290100123703,0.186876913110028,0.137552441503768,0.44489428699955,0.197225243175713
0.165267301688779,NA,NA,0.177597613308313,0.365915441400769,0.178565764630933
NA,0.112509216377025,0.478574507179638,0.201785161958704,0.0880695589606697,0.131767119680801
0.175537762277053,NA,0.418274934649157,NA,NA,0.189999619215729
NA,0.348574502420656,0.112178547193147,NA,NA,0.137488795841228
NA,NA,0.0916038999173055,NA,0.361688799799549,0.125198809459839
NA,0.20553814984377,NA,0.35100709894365,0.0953763667025587,0.169083091986739
0.26944367979964,0.275613871653806,0.247396328330257,0.17915348047009,0.380635014253416,0.39554573186495
NA,0.102986900112142,0.36876667350708,0.179430234172788,0.406377657357232,0.172048590581099
0.109052669956576,0.157257110988,NA,0.153901950385411,0.152117519631099,0.185972212237801
0.409271984491743,0.345511884318477,0.380688593960377,0.187834380872314,NA,0.0518008832969103
0.372901079848482,NA,NA,NA,NA,0.140602429837095
0.0918130004715517,NA,NA,NA,0.120294884633476,0.19814646011711
0.118815924119544,NA,NA,NA,NA,0.162165359844348
0.0844872125426537,NA,NA,0.146672479444491,0.0716002355477647,0.423674649050372
0.0997846451226543,NA,NA,NA,NA,0.421216257203518
0.0930019754784897,NA,0.354026374859708,0.140890917002689,0.350297536381924,0.107747571172937
NA,NA,0.23811485684532,0.199587543633044,0.142060609488228,0.125903065691449
NA,NA,0.0941144493990451,0.119001644787006,NA,0.144044015629933
0.431596091205212,NA,0.140222919291258,0.132213058852238,0.46027410237787,0.0594132900976222
0.17430910922726,NA,0.466580221773764,0.0548172279505055,NA,NA
0.114365086298426,NA,0.385619020005799,0.163217158989137,0.319627618308766,NA
NA,NA,NA,0.106418124376993,NA,0.0860345025180205
NA,NA,NA,0.144887831921493,0.195181715924471,NA
0.165137204627413,NA,NA,NA,0.103294230536262,0.145624124290768
NA,0.421266968325792,NA,0.104357079889539,NA,0.226330091271164
NA,NA,0.384298416829321,0.121272796116072,0.149540687077269,0.156945205176011
0.116311010966481,NA,0.194505415015564,NA,NA,0.121820178823436
0.125184918937364,NA,0.38857938718663,0.256637168141593,NA,0.216978442963625
0.127674069053379,NA,NA,NA,NA,0.170333140531929
NA,NA,NA,NA,NA,0.132245298003481
NA,NA,0.109750516488402,NA,NA,0.173962096535386
NA,NA,NA,NA,NA,NA
NA,NA,NA,NA,NA,NA
NA,NA,NA,NA,NA,NA
0,NA,NA,0,NA,NA
