"cnrmcm3","gfdlcm21","miroc32med","mpiecham5","ncarccsm3","ncarpcm1"
0.132489386034524,0.144074464405244,0.0790008683439699,0.149695085940505,0.151645768866759,0.22445360866187
0.137308160794089,0.166622499469054,0.0945780924144096,0.14092301496705,0.133226225903588,0.129242221980554
0.176321584698895,0.113915260719901,0.133283542356125,0.12627636198186,0.16138047621778,0.101349187075316
0.123029150319955,0.0423814177055012,0.0567365451220761,0.163533213338244,0.117549790355543,0.151582524617773
0.220301069560248,0.144986511374985,0.162084889033885,0.110122546291026,0.0933146297295222,0.171551158943144
0.0784880215521583,0.209272441932625,0.142049373909311,0.186308681721334,0.106818080030497,0.108579670012051
0.136217620762813,0.19628469319053,0.1032070853354,0.0984499364690907,0.10644640377319,0.128723302334337
0.131694552827494,0.118631253387915,0.102272152978634,NA,0.0865612098101835,0.136651187724845
0.22577924470504,0.11713591628075,0.178539356092328,0.216353995597242,0.209491945896599,0.135495534775804
0.141783713178317,0.190650971055706,0.0924302148501027,0.20470788873663,0.0486696745785016,0.138410176185231
0.122010262403013,0.0811986756495643,0.074036542062948,0.19680385679588,0.156557305602586,0.108150292029993
0.169967139490312,0.0737677048954104,0.152154533294858,0.191225763440761,0.0739954711829854,0.142805487791034
0.176425111669991,0.112917665948622,0.096457289758339,0.192304100319324,0.107086741732126,0.101411278531143
0.151525297201271,0.186021560797803,0.153105681614489,0.174269309130454,0.129974093433124,0.182924459164135
0.113476046761645,0.133579613928195,0.141520412965331,0.169150580493032,0.143748060459754,0.177718569293222
0.171732729552394,0.1137047223316,0.0976580375369048,0.158076347094152,0.158528583518528,0.174905751697477
0.1840868237742,0.227085885838847,0.135871265471949,0.0817096079081637,0.139804061254265,0.179136421771135
0.393732350815495,0.0898783003753045,0.128713428507688,0.16756060581067,NA,0.120482086909708
0.0657635449127057,0.0913177327392712,0.083791193993984,0.0754090694413142,0.0976583500798272,0.210929208991992
0.129001401553573,0.0582381742772224,0.11906721232419,0.186247150202069,0.169795550396571,0.0487855658430258
0.265458951592078,0.104600650147441,0.134088005077107,0.161631412067326,0.104146803357453,0.219526100481378
0.101971557952255,0.132720793962991,0.127543764077373,0.110662396709602,0.128724334258181,0.12576981255983
0.155481561114306,0.15673289512442,0.0870052369930768,0.0777099101704616,0.234913158669414,0.0969560331128176
0.197494877769666,0.156583659840436,0.112315003647725,0.134801435311784,0.134425914316406,0.140777233984312
0.158107744785882,0.188726967927886,0.108836022261161,0.123325047381927,0.15690175115246,0.14996133578871
0.1195651296999,0.149896750817015,0.117558829731915,0.144222773489573,0.1009369012402,0.122340072260136
0.142039335247236,0.111777286133369,0.14336435648845,0.0970820609536659,0.0783337806161707,0.127858219590786
0.181779589035385,0.203267036728979,0.255706573248887,0.172414377012436,0.179567450494944,0.197940126316075
0.0909540830574833,0.0960154423449733,0.108800836410233,0.150917923943871,0.0920869239367999,0.122166232502625
0.253708020900975,0.394759037896635,0.163658238246334,0.182955006424207,0.208936062806855,0.225971028890226
0.0950214225305113,0.104974010496798,0.133923831652681,0.161186219428811,0.197341593986433,0.174621317196522
0.165516184034637,0.206858684357534,0.169767728916129,0.200229625841926,0.0838872387281494,0.184492156902405
0.151015463299148,NA,NA,0.207275150468666,0.167753960857409,0.115381752612657
0.119434839892016,0.140883802899929,0.145030600334988,0.104625718388425,0.0900306276432671,0.199960284569624
0.191877398429086,0.189959571101258,0.139987364354941,0.180316973844731,0.16284551380837,0.141963207422191
0.103801852929134,0.180864773665841,0.301330390533995,0.206782944386204,0.119067763648813,0.220320940388749
0.153148891656634,0.136054808684034,0.205059729786658,0.223091507014978,0.0574752807672693,0.141770763512662
0.158251329493365,0.0896877841441744,0.171194659471124,0.211053652230123,0.169527699842402,0.10101553923893
0.109367267367359,0.149288630398823,0.0608982356017049,0.174720086153225,0.0975845305333688,0.139056651084484
0.242872040848833,0.12476969261814,NA,0.113475668380239,0.0682891285988997,0.172892636778868
0.0589067696464847,0.178233809238267,0.146308886656508,0.172967002999138,0.0510639075666092,0.140649218527999
0.154935563085181,0.144166699164755,0.298131436814385,0.133483982727785,0.216139616040888,0.116800180135021
0.216433349224676,0.185913972329077,0.239247106702276,0.145940991141606,0.198368142440867,0.131952017796849
0.13780773446207,0.144453123578691,0.0692272593355236,0.123730045608712,0.0768327912001755,0.191003248842467
0.125360869387644,0.0825854791325425,NA,0.176137919860392,0.142110284732919,0.186278137377636
0.0875616803547658,0.11378126487376,NA,0.0973408038534222,0.192202933818062,0.123812859350117
0.0964983953687865,NA,0.0697033873155718,0.176024863827513,0.147699419628578,0.241588002127636
0.142854875223456,0.112203674319303,0.180438604821897,0.179230933435924,0.132252913369603,0.298580288787673
0.2071206772798,0.0654739757513579,0.217725417013419,NA,0.193907325477494,0.0976084881455215
0.117858372885362,0.114762938695347,0.0920181233143931,NA,NA,0.0666102582873725
0.195664690108929,0.170390344853644,0.156913689113643,0.0978167141895322,0.0797056581368914,0.0668201273599404
0.15609328466262,0.222581296707736,0.0673458769981861,0.121815584933783,0.128651106785919,0.125267397758504
0.283057276080451,0.118788629112791,0.140486047229446,0.191648957922375,0.105375083421762,0.183472940887875
0.140501318793414,0.113250916771926,0.0892535476600965,0.189252929323084,0.131181160407754,0.170097252101259
0.209056052583531,0.0658590732515449,0.155792788833539,0.164105571881781,0.135880516039661,0.147298906595625
0.102998371305165,0.226959086403443,0.090096044830808,NA,0.223557037130218,0.180737600373499
0.142631855386278,0.360257031029335,0.100345463920036,0.14418432217178,0.0780156372264221,0.224268326382508
0.235887028581093,0.106382658065673,NA,0.1109542663253,0.0884553254308062,NA
NA,0.217660430059145,0.228688805203697,0.159499249629007,0.148472781286139,0.135355107461166
0.17768621803336,0.141320960003261,NA,0.20852524412515,0.0890279857492777,0.110352343508068
NA,0.18609350110649,0.0802085599843305,0.154440006832951,0.142370729551778,0.18678968226451
0.193856797902701,NA,0.205982272996958,0.116399100991571,NA,0.127235281934823
0.108242569411019,0.223006160625389,0.265353836795985,0.1615264401491,0.147932677504111,0.377611800702805
0.141255378152035,0.0975924288083384,0.187788556310629,0.125579572666544,0.0662904720322679,NA
0.116284678281572,0.262835770146209,NA,NA,0.241026318206871,0.221862443500746
NA,0.286983106238305,NA,NA,0.0793695680530381,0.179668640745201
NA,0.0684879065060267,0.0873017302429561,0.133700974754178,0.212009106038585,NA
0.127996512670357,0.1073121171199,0.133357315924793,NA,0.13345022720299,0.091329798265985
0.173840795974563,0.101746199162967,0.0851454375128953,0.288425362197318,0.211359234461384,0.129125558898641
0.0991198996801232,0.141247931975169,0.124546239873859,0.127318096224342,0.175640656492946,0.145721028843486
0.113130693754929,NA,NA,0.116723452442509,0.141591372344381,0.181639280073387
0.11476904853872,NA,NA,0.105279382552767,0.107481476797798,0.13828101571886
0.112253443636069,0.159019223725962,NA,0.138205894434017,0.129013682685882,0.0788806685505203
0.153106178035345,NA,0.0851956760105854,0.105834440170836,0.224618844827904,0.185917190901868
0.198297511801959,0.125707441151641,0.161502932156161,NA,0.230560573733585,0.107717335312578
0.262551586948131,NA,0.287967718268525,0.225188200419984,NA,0.150822136233249
0.190488538975125,NA,NA,0.0954348765026911,NA,0.106036611234761
NA,NA,NA,0.256229431123648,0.321063394683027,0.0780399700775683
0.111354262422548,0.168354151362435,NA,NA,0.189102650808705,0.173271928247496
0.0877572751917103,0.182176227727075,NA,0.163017366969434,NA,0.155461822180009
0.143965630759638,0.0782823161256574,0.0948641066651051,0.288014258999532,0.108765754149845,0.148549527665031
0.199937329451241,0.283279880787445,0.088430166990446,0.124428107352052,0.126887436138565,0.0762480277045162
0.161869069628614,0.18894062896082,NA,NA,0.0755214725075834,0.150250817130173
NA,0.155143907921561,NA,NA,0.0776811706901356,0.122593235005969
0.117025247473013,0.358362699918677,0.0997794352820178,NA,0.150973192797237,0.112148765011361
0.158501539039059,0.143565252057936,NA,NA,0.168103045742648,0.0838737643672551
0.258701787394167,NA,NA,NA,NA,0.124449025011697
0.172907765770294,0.329693689793268,0.106280119854537,NA,0.178523292679974,0.131957333125373
NA,0.314274313774929,0.100849027144329,NA,0.124023350510243,0.0986591303480032
0.759081735620585,0.615541922290389,0.667659008125525,NA,0.708548428568603,0.661747911122443
