"Year","allMortEgg","baseMortEgg","tempMortEgg","denMortEgg","incMortEgg","superMortEgg","lostMortEgg","catMortEgg","allMortFry","baseMortFry","tempMortFry","denMortFry","habMortFry","freshMortFry","seasMortFry","catMortFry","allMortSF","allMortSM"
2010,32018429,7917626,4242102,0,8265880,5449655,6143166,0,598508,369476,8095,0,0,0,220937,0,7383,6083
2011,15903097,3587911,2183625,0,3767129,2982655,3381777,0,403601,224476,45098,0,0,0,134027,0,7382,6083
2012,33290564,11469518,5869845,0,1766735,6995140,7189326,0,1467776,684316,370760,0,0,0,412700,0,7385,6040
2013,32574085,9733267,4007562,0,3921282,7424570,7487404,0,1226495,764608,3815,0,0,0,458072,0,7378,6096
2014,34507640,10843105,7602070,0,2602021,6359534,7100910,0,1168291,588285,226210,0,0,0,353796,0,7386,6049
2015,12887062,2435018,1011480,0,429075,3385613,5625876,0,619776,260066,202704,0,0,0,157006,0,3079,1911
2016,20787318,5646414,2831599,0,1941903,4936586,5430816,0,608541,334401,73599,0,0,0,200541,0,6817,5535
2017,32413330,10928019,4268659,0,1599128,8041378,7576146,0,1708646,804059,419602,0,0,0,484985,0,7342,6003
2018,36375961,9518581,8212937,0,5339416,6408579,6896448,0,745321,424415,66443,0,0,0,254463,0,7377,6096
2019,8802626,1948613,1248069,0,372753,2418677,2814514,0,234480,105704,65655,0,0,0,63121,0,7295,5954
2020,21523419,5693530,2626078,0,3225521,4699919,5278371,0,660192,398707,22956,0,0,0,238529,0,7042,5760
2021,31896036,9365751,5421278,0,2573872,7041879,7493256,0,2006575,972520,447853,0,0,0,586202,0,7387,6058
2022,34474123,10196830,6082101,0,3799776,6924264,7471152,0,1226062,662033,166338,0,0,0,397691,0,7365,6020
2023,23954053,6500059,3629645,0,1356860,5521307,6946182,0,1051904,505125,242410,0,0,0,304369,0,5216,3941
2024,32970782,10406899,3741394,0,3552145,7666568,7603776,0,1315544,822558,0,0,0,0,492986,0,7386,6063
2025,20743064,5406434,3562263,0,2638421,4410632,4725314,0,979831,511148,161699,0,0,0,306984,0,7386,6040
2026,32818753,10509061,6041500,0,2164349,6903465,7200378,0,1805281,742665,612953,0,0,0,449663,0,7347,6007
2027,268426,161583,105688,0,1155,0,0,0,20032,10092,3923,0,0,0,6017,0,67,24
2028,4703168,590087,309297,0,98704,1584364,2120716,0,123222,55586,34607,0,0,0,33029,0,1076,460
2029,20060596,4787605,2587845,0,1943874,5352127,5389145,0,735321,371541,140584,0,0,0,223196,0,7187,5903
2030,151029,98328,40092,0,12609,0,0,0,23155,11585,4793,0,0,0,6777,0,44,19
2031,31221451,11358076,3183700,0,1216818,7897763,7565094,0,1860657,947650,342490,0,0,0,570517,0,7376,6095
2032,32144757,7405619,4997917,0,5390543,6846355,7504323,0,971177,582803,39120,0,0,0,349254,0,7052,5723
2033,37699398,10298377,7445438,0,4720095,7725654,7509834,0,639231,274903,198438,0,0,0,165890,0,7384,6040
2034,30614623,9686861,4840409,0,1803413,6873574,7410366,0,1372488,611004,392448,0,0,0,369036,0,6712,5431
2035,9172482,1457980,1096709,0,537434,2245315,3835044,0,143469,70129,31483,0,0,0,41857,0,1780,933
2036,34009396,7691971,4830672,0,7670027,6677134,7139592,0,1248875,747868,52764,0,0,0,448243,0,7358,6076
2037,35166726,8642364,6392593,0,7466645,5906826,6758298,0,985320,615464,1395,0,0,0,368461,0,7376,6094
2038,29974927,10231744,2726342,0,2042655,7550764,7423422,0,1798706,1017629,169795,0,0,0,611282,0,7385,6813
2039,33497384,8645983,8498555,0,2836229,6658851,6857766,0,1207603,627109,203479,0,0,0,377015,0,7217,5935
2040,16862387,4035001,1602288,0,787141,4055427,6382530,0,732825,378599,126824,0,0,0,227402,0,3645,2456
2041,34660671,10803350,5736902,0,3252195,7380494,7487730,0,1309233,581685,376394,0,0,0,351154,0,7383,6053
2042,20947729,5936459,3163431,0,1084269,4904328,5859242,0,958642,480403,189224,0,0,0,289015,0,6257,4926
2043,18120458,4153796,2164214,0,1041048,4429954,6331446,0,472320,284721,17346,0,0,0,170253,0,4312,3063
2044,33858881,10166853,6496754,0,4664190,5988300,6542784,0,1442045,660571,383036,0,0,0,398438,0,7386,6043
2045,24980556,5328807,2593028,0,3807812,5984219,7266690,0,490784,247061,95368,0,0,0,148355,0,4934,3661
2046,32374534,9659621,4958124,0,3081425,7226316,7449048,0,1379495,806734,88696,0,0,0,484065,0,7251,5910
2047,26562374,8775785,4203531,0,2053006,5577267,5952785,0,1037058,598824,79069,0,0,0,359165,0,7384,6082
2048,33023601,10912728,3611701,0,2943403,8012779,7542990,0,2126269,726325,957358,0,0,0,442586,0,7355,6073
2049,332739,249353,80813,0,2573,0,0,0,84274,38878,22182,0,0,0,23214,0,110,77
2050,5514867,1049825,324863,0,198762,2112311,1829106,0,144358,77451,20708,0,0,0,46199,0,1125,531
2051,21563416,6168976,3340940,0,2068066,4826009,5159425,0,1053386,627230,50301,0,0,0,375855,0,7386,6792
2052,29208775,9111583,6321753,0,1728989,5752875,6293575,0,1063754,404006,414732,0,0,0,245016,0,7385,6075
2053,26399302,7721344,3638028,0,908988,6689649,7441293,0,905575,483917,130794,0,0,0,290864,0,5847,4565
2054,23701096,5632770,2971190,0,1873917,6061523,7161696,0,856195,445262,143399,0,0,0,267534,0,5032,3760
2055,11679367,1788260,1022665,0,712548,2884408,5271486,0,235391,137616,15621,0,0,0,82154,0,2927,1755
2056,30037743,8908244,2898594,0,3427434,7227325,7576146,0,1134999,679791,47602,0,0,0,407606,0,6565,5277
2057,33074125,8617955,4724800,0,5096693,7207733,7426944,0,1358678,845699,6197,0,0,0,506782,0,7381,6036
2058,16399367,4527019,3396648,0,2574733,2689153,3211814,0,545259,300645,64505,0,0,0,180109,0,7388,6055
2059,23930926,7484383,2820460,0,2842412,5260010,5523661,0,922759,565888,18043,0,0,0,338828,0,7378,6096
2060,34972079,10576460,6842801,0,2600252,7365368,7587198,0,998331,566817,91340,0,0,0,340174,0,7394,6105
2061,32415661,10827790,5059867,0,1494860,7539888,7493256,0,2070009,860917,687995,0,0,0,521097,0,7378,6096
2062,172428,106253,48807,0,17368,0,0,0,34405,18504,5218,0,0,0,10683,0,54,36
2063,31021538,9639392,4358567,0,1607106,7746385,7670088,0,2071376,768708,835443,0,0,0,467225,0,7024,5740
2064,10954,7353,2290,0,1311,0,0,0,612,422,0,0,0,0,190,0,3,1
2065,23028869,5978306,2371936,0,1717346,5882475,7078806,0,1127391,548117,249150,0,0,0,330124,0,5120,3854
2066,32048577,10711174,4571148,0,1424867,7787346,7554042,0,1745266,842773,394500,0,0,0,507993,0,7331,6729
2067,2394765,628367,564894,0,188049,897409,116046,0,126372,28194,80972,0,0,0,17206,0,489,244
2068,0,0,0,0,0,0,0,0,0,0,0,0,0,0,0,0,0,0
2069,30834997,9735001,5478954,0,2257774,6245780,7117488,0,1623039,803527,335570,0,0,0,483942,0,7013,5733
2070,0,0,0,0,0,0,0,0,0,0,0,0,0,0,0,0,0,0
2071,33748556,9229196,6542387,0,4374683,6805310,6796980,0,1424509,695120,310831,0,0,0,418558,0,7354,6008
2072,13728656,2690445,1486025,0,878390,3109114,5564682,0,545533,240684,159877,0,0,0,144972,0,2884,1808
2073,108541,70371,15332,0,22838,0,0,0,14478,7194,3187,0,0,0,4097,0,30,20
2074,19007646,5168235,2210298,0,839513,4451278,6338322,0,905929,342494,355737,0,0,0,207698,0,4074,2877
2075,0,0,0,0,0,0,0,0,0,0,0,0,0,0,0,0,0,0
2076,0,0,0,0,0,0,0,0,0,0,0,0,0,0,0,0,0,0
2077,1823745,589902,233433,0,21403,851909,127098,0,92315,57799,267,0,0,0,34249,0,415,196
2078,32920650,9013817,5722952,0,2967502,7601551,7614828,0,1666941,780355,415874,0,0,0,470712,0,7354,6074
2079,11384384,2102159,1128419,0,1089331,2417109,4647366,0,368403,163230,107140,0,0,0,98033,0,2303,1344
2080,21337852,5574299,2413966,0,976898,5398877,6973812,0,1117610,547986,239695,0,0,0,329929,0,4733,3480
2081,13418339,3191663,1540010,0,697293,3627448,4361925,0,560749,285244,104177,0,0,0,171328,0,5421,4091
2082,25367881,6439849,2847632,0,3009460,6037240,7033700,0,978346,537495,118121,0,0,0,322730,0,5801,4529
2083,21654554,6415660,3315446,0,1537934,4965749,5419765,0,1166127,660688,109202,0,0,0,396237,0,7099,5816
2084,32799640,9875509,6504087,0,2545894,6679298,7194852,0,1351711,620675,356641,0,0,0,374395,0,7104,5822
2085,67362,35167,17686,0,14509,0,0,0,6820,3060,2341,0,0,0,1419,0,18,7
2086,30522314,9515576,5814151,0,925289,6909435,7357863,0,1257698,603289,290831,0,0,0,363578,0,7194,5852
2087,0,0,0,0,0,0,0,0,0,0,0,0,0,0,0,0,0,0
2088,4290424,709888,477757,0,253047,1367504,1482228,0,114686,47199,39397,0,0,0,28090,0,1278,652
2089,13286454,3152515,1165983,0,463062,3443078,5061816,0,347700,217637,0,0,0,0,130063,0,2760,2286
2090,22098830,5643600,3181472,0,1530964,5621835,6120959,0,959131,498818,160557,0,0,0,299756,0,6317,5008
2091,1148865,365039,229701,0,104990,449135,0,0,101219,57105,10370,0,0,0,33744,0,317,142
2092,19887456,4782684,3219164,0,1054705,4607148,6223755,0,1248960,357145,672774,0,0,0,219041,0,4823,3557
2093,0,0,0,0,0,0,0,0,0,0,0,0,0,0,0,0,0,0
2094,4420482,965885,517308,0,458667,1588936,889686,0,129952,79417,3445,0,0,0,47090,0,909,459
2095,14832632,4332231,2350995,0,1705042,3018060,3426304,0,820411,402483,175903,0,0,0,242025,0,7386,6044
2096,6378,4230,1650,0,498,0,0,0,1103,292,667,0,0,0,144,0,2,1
2097,11937,9389,2064,0,484,0,0,0,3659,810,2515,0,0,0,334,0,5,1
2098,0,0,0,0,0,0,0,0,0,0,0,0,0,0,0,0,0,0
2099,11892,2671,9027,0,194,0,0,0,0,0,0,0,0,0,0,0,13,5
