"Year","AFem","AFemDeath","AMal","AMalDeath","Eggs","EggsDeath","FryGrad","FryExit","FryDeath","FryInStr","allMortAF","baseMortAF","tempMortAF","allMortAM","baseMortAM","tempMortAM","InVivo"
2010,7568,7568,7578,6309,35386180,32018429,3367751,2094954,598508,674289,185,185,0,226,226,0,5423234
2011,7568,7568,7578,6309,17913335,15903097,2010238,1261741,403601,344896,186,186,0,226,226,0,22932776
2012,7568,7568,7578,6267,40809510,33290564,7518946,3328102,1467776,2723068,183,183,0,227,227,0,0
2013,7568,7568,7578,6322,39899522,32574085,7325437,4041983,1226495,2056959,190,190,0,226,226,0,871558
2014,7568,7568,7578,6275,40815036,34507640,6307396,2666056,1168291,2473049,182,182,0,226,226,0,0
2015,7568,7568,7578,6451,14993547,12887062,2106485,658846,619776,827863,4489,133,4356,4540,178,4362,2028068
2016,7568,7568,7578,6323,24157363,20787318,3370045,1391107,608541,1370397,751,191,560,788,226,562,13543214
2017,7568,7568,7578,6274,40571892,32413330,8158562,4078810,1708646,2371106,226,187,39,271,231,40,0
2018,7568,7568,7578,6322,40765302,36375961,4389341,1998228,745321,1645792,191,191,0,226,226,0,0
2019,7568,7568,7578,6270,9905829,8802626,1103203,351509,234480,517214,273,186,87,316,229,87,30471393
2020,7568,7568,7578,6323,25199495,21523419,3676076,2050162,660192,965722,526,196,330,563,233,330,13744895
2021,7568,7568,7578,6285,40820562,31896036,8924526,5722755,2006575,1195196,181,181,0,227,227,0,0
2022,7568,7568,7578,6267,40650093,34474123,6175970,3602594,1226062,1347314,203,187,16,247,231,16,48897
2023,7568,7568,7578,6338,28823616,23954053,4869563,2039959,1051904,1777700,2352,176,2176,2397,214,2183,0
2024,7568,7568,7578,6290,40815036,32970782,7844254,4583214,1315544,1945496,182,182,0,227,227,0,0
2025,7568,7568,7578,6266,25423659,20743064,4680595,3040857,979831,659907,182,182,0,226,226,0,15428232
2026,7568,7568,7578,6271,40599522,32818753,7780769,4071600,1805281,1903888,221,187,34,264,230,34,0
2027,7568,7568,7578,7537,370242,268426,101816,643,20032,81141,7501,38,7463,7513,41,7472,0
2028,7568,7568,7578,6977,5149508,4703168,446340,53195,123222,269923,6492,113,6379,6517,129,6388,800836
2029,7568,7568,7578,6322,23694652,20060596,3634056,1960490,735321,938245,381,195,186,419,231,188,16053213
2030,7568,7568,7578,7553,243144,151029,92115,9878,23155,59082,7524,43,7481,7534,54,7480,0
2031,7568,7568,7578,6322,40759776,31221451,9538325,5258674,1860657,2418994,192,192,0,227,227,0,0
2032,7568,7568,7578,6288,37490571,32144757,5345814,3176152,971177,1198485,516,187,329,565,235,330,1479333
2033,7568,7568,7578,6268,40803984,37699398,3104586,1051144,639231,1414211,184,184,0,228,228,0,0
2034,7568,7568,7578,6323,37090512,30614623,6475889,2595901,1372488,2507500,856,189,667,892,226,666,0
2035,7568,7568,7578,6735,9836280,9172482,663798,51336,143469,468993,5788,119,5669,5802,123,5679,0
2036,7568,7568,7578,6322,40660133,34009396,6650737,4422771,1248875,979091,210,191,19,246,227,19,175
2037,7568,7568,7578,6322,40759776,35166726,5593050,3556281,985320,1051449,192,191,1,228,227,1,0
2038,7568,7568,7578,7025,39521583,29974927,9546656,5918502,1798706,1829448,183,183,0,212,212,0,1289279
2039,7568,7568,7578,6322,39872610,33497384,6375226,3446444,1207603,1721179,351,192,159,387,228,159,8532
2040,7568,7568,7578,6430,20142270,16862387,3279883,1217965,732825,1329093,3923,152,3771,3974,199,3775,0
2041,7568,7568,7578,6285,40798458,34660671,6137787,2714345,1309233,2114209,185,182,3,232,229,3,0
2042,7568,7568,7578,6283,25590158,20947729,4642429,2162056,958642,1521731,1311,184,1127,1357,224,1133,9006748
2043,7568,7568,7578,6366,20820276,18120458,2699818,893193,472320,1334305,3256,158,3098,3303,199,3104,3011175
2044,7568,7568,7578,6269,40815036,33858881,6956155,3417078,1442045,2097032,182,182,0,226,226,0,0
2045,7568,7568,7578,6339,27265284,24980556,2284728,818993,490784,974951,2634,167,2467,2678,205,2473,0
2046,7568,7568,7578,6271,40069026,32374534,7694492,4457887,1379495,1857110,317,187,130,361,231,130,0
2047,7568,7568,7578,6308,32558535,26562374,5996161,2917982,1037058,2041121,184,184,0,226,226,0,8263589
2048,7568,7568,7578,6322,40643730,33023601,7620129,3395669,2126269,2098191,213,194,19,249,230,19,0
2049,7568,7568,7578,7547,607860,332739,275121,55884,84274,134963,7458,24,7434,7470,29,7441,0
2050,7568,7568,7578,7001,6216750,5514867,701883,59225,144358,498300,6443,84,6359,6470,104,6366,0
2051,7568,7568,7578,7003,27220120,21563416,5656704,3678913,1053386,924405,182,182,0,211,211,0,13626162
2052,7568,7568,7578,6302,34034577,29208775,4825802,1672448,1063754,2089600,183,183,0,227,227,0,6788444
2053,7568,7568,7578,6325,31347172,26399302,4947870,1717718,905575,2324577,1721,192,1529,1760,227,1533,963977
2054,7568,7568,7578,6340,27806832,23701096,4105736,1773983,856195,1475558,2536,163,2373,2580,205,2375,0
2055,7568,7568,7578,6445,12831012,11679367,1151645,248819,235391,667435,4641,129,4512,4690,172,4518,3354645
2056,7568,7568,7578,6316,36278190,30037743,6240447,3578596,1134999,1526852,1003,188,815,1039,226,813,0
2057,7568,7568,7578,6267,40787406,33074125,7713281,5220149,1358678,1134454,187,182,5,231,226,5,0
2058,7568,7568,7578,6283,19358559,16399367,2959192,1493330,545259,920603,180,180,0,228,228,0,21518565
2059,7568,7568,7578,6322,29359481,23930926,5428555,2945353,922759,1560443,190,190,0,226,226,0,11435762
2060,7568,7568,7578,6317,40859244,34972079,5887165,2667752,998331,2221082,174,174,0,212,212,0,0
2061,7568,7568,7578,6322,40770828,32415661,8355167,4748928,2070009,1536230,190,190,0,226,226,0,0
2062,7568,7568,7578,7564,298404,172428,125976,38118,34405,53453,7514,25,7489,7528,24,7504,0
2063,7568,7568,7578,6322,38814624,31021538,7793086,4093402,2071376,1628308,544,197,347,582,233,349,0
2064,7568,7568,7578,7576,16578,10954,5624,4,612,5008,7565,19,7546,7575,13,7562,0
2065,7568,7568,7578,6345,28015171,23028869,4986302,2279530,1127391,1579381,2448,177,2271,2491,214,2277,277949
2066,7568,7568,7578,6998,40511106,32048577,8462529,4432729,1745266,2284534,237,189,48,269,220,49,0
2067,7568,7568,7578,7319,2701964,2394765,307199,5055,126372,175772,7079,63,7016,7075,52,7023,250
2068,7568,7568,7578,7578,0,0,0,0,0,0,7568,8,7560,7578,0,7578,0
2069,7568,7568,7578,6324,38753838,30834997,7918841,4316385,1623039,1979417,555,197,358,591,233,358,0
2070,7568,7568,7578,7578,0,0,0,0,0,0,7568,32,7536,7578,36,7542,0
2071,7568,7568,7578,6266,40638204,33748556,6889648,3719711,1424509,1745428,214,184,30,258,228,30,0
2072,7568,7568,7578,6515,15805562,13728656,2076906,531534,545533,999839,4684,128,4556,4707,143,4564,131422
2073,7568,7568,7578,7570,165780,108541,57239,5495,14478,37266,7538,24,7514,7550,28,7522,0
2074,7568,7568,7578,6423,22512924,19007646,3505278,1005243,905929,1594106,3494,154,3340,3546,197,3349,0
2075,7568,7568,7578,7578,0,0,0,0,0,0,7568,25,7543,7578,28,7550,0
2076,7568,7568,7578,7578,0,0,0,0,0,0,7568,22,7546,7578,24,7554,0
2077,7568,7568,7578,7349,2293290,1823745,469545,29996,92315,347234,7153,79,7074,7153,72,7081,0
2078,7568,7568,7578,6322,40638204,32920650,7717554,4633679,1666941,1416934,214,194,20,248,228,20,0
2079,7568,7568,7578,6636,12725953,11384384,1341569,387132,368403,586034,5265,158,5107,5292,178,5114,425
2080,7568,7568,7578,6357,26152322,21337852,4814470,2241412,1117610,1455448,2835,166,2669,2877,205,2672,2236
2081,7568,7568,7578,6286,16015566,13418339,2597227,1125589,560749,910889,2147,170,1977,2195,214,1981,13958837
2082,7568,7568,7578,6338,30248462,25367881,4880581,2552362,978346,1349873,1767,195,1572,1809,237,1572,1810481
2083,7568,7568,7578,6323,27825821,21654554,6171267,3798387,1166127,1206753,469,201,268,507,238,269,11429356
2084,7568,7568,7578,6323,39256704,32799640,6457064,2921181,1351711,2184172,464,198,266,501,234,267,0
2085,7568,7568,7578,7566,92090,67362,24728,3135,6820,14773,7550,51,7499,7559,57,7502,7378
2086,7568,7568,7578,6270,36881588,30522314,6359274,3031469,1257698,2070107,374,196,178,418,238,180,2873564
2087,7568,7568,7578,7578,0,0,0,0,0,0,7568,28,7540,7578,34,7544,0
2088,7568,7568,7578,6967,4728876,4290424,438452,38484,114686,285282,6290,128,6162,6315,144,6171,2344050
2089,7568,7568,7578,7107,15251760,13286454,1965306,299311,347700,1318295,4808,119,4689,4821,129,4692,0
2090,7568,7568,7578,6305,26703505,22098830,4604675,2525420,959131,1120124,1251,187,1064,1297,228,1069,8224359
2091,7568,7568,7578,7402,1532958,1148865,384093,121228,101219,161646,7251,49,7202,7260,52,7208,218784
2092,7568,7568,7578,6347,23439517,19887456,3552061,1317053,1248960,986048,2745,164,2581,2790,203,2587,3216698
2093,7568,7568,7578,7578,0,0,0,0,0,0,7568,1,7567,7578,3,7575,0
2094,7568,7568,7578,7151,5023134,4420482,602652,131521,129952,341179,6659,125,6534,6692,156,6536,0
2095,7568,7568,7578,6270,18552898,14832632,3720266,2161529,820411,738326,182,182,0,226,226,0,22314302
2096,7568,7568,7578,7576,11052,6378,4674,1069,1103,2502,7566,45,7521,7575,49,7526,0
2097,7568,7568,7578,7575,21600,11937,9663,994,3659,5010,7563,16,7547,7574,22,7552,6030
2098,7568,7568,7578,7578,0,0,0,0,0,0,7568,8,7560,7578,14,7564,0
2099,7568,7215,7578,7208,71838,11892,0,0,0,0,7202,58,7144,7203,50,7153,0
