"Year","AFem","AFemDeath","AMal","AMalDeath","Eggs","EggsDeath","FryGrad","FryExit","FryDeath","FryInStr","allMortAF","baseMortAF","tempMortAF","allMortAM","baseMortAM","tempMortAM","InVivo","Year","allMortEgg","baseMortEgg","tempMortEgg","denMortEgg","incMortEgg","superMortEgg","lostMortEgg","catMortEgg","allMortFry","baseMortFry","tempMortFry","denMortFry","habMortFry","freshMortFry","seasMortFry","catMortFry","allMortSF","allMortSM"
2010,7568,7568,7578,6322,40770828,35919173,4851655,2037281,716608,2097766,190,190,0,226,226,0,0,2010,35919173,9078922,8062188,0,3336787,7749084,7692192,0,716608,444736,5687,0,0,0,266185,0,7378,6096
2011,7568,7568,7578,6324,36095832,30749216,5346616,2067631,977575,2301410,1036,192,844,1075,230,845,0,2011,30749216,9683763,3974097,0,2299756,7309396,7482204,0,977575,510558,159956,0,0,0,307061,0,6532,5249
2012,7568,7568,7578,6322,40770828,35449717,5321111,2790874,890299,1639938,190,190,0,226,226,0,0,2012,35449717,9659783,3592800,0,7074809,7601439,7520886,0,890299,556902,0,0,0,0,333397,0,7378,6096
2013,7568,7568,7578,6292,40826088,34043799,6782289,2619251,1037799,3125239,180,180,0,227,227,0,0,2013,34043799,11826396,5160445,0,1897957,7643641,7515360,0,1037799,649010,0,0,0,0,388789,0,7388,6065
2014,7568,7568,7578,6279,40815036,33575547,7239489,3163456,1109333,2966700,182,182,0,226,226,0,0,2014,33575547,11373638,5759924,0,2661978,6662519,7117488,0,1109333,693746,0,0,0,0,415587,0,7386,6053
2015,7568,7568,7578,6305,27054184,21589152,5465032,3076160,1092835,1296037,180,180,0,227,227,0,13801800,2015,21589152,6974792,2344143,0,1759783,5186655,5323779,0,1092835,572190,176705,0,0,0,343940,0,7388,6078
2016,7568,7568,7578,6322,40212702,33620121,6592581,3287205,1095163,2210213,291,192,99,327,228,99,0,2016,33620121,10144805,4327693,0,3653796,7917681,7576146,0,1095163,681483,5477,0,0,0,408203,0,7277,5995
2017,7568,7568,7578,6318,39969541,34449814,5519727,3261163,1048030,1210534,189,189,0,226,226,0,807140,2017,34449814,9198698,4707608,0,8141822,5814946,6586740,0,1048030,592555,100027,0,0,0,355448,0,7379,6092
2018,7568,7568,7578,6322,40770828,38531100,2239728,1466375,413742,359611,190,190,0,226,226,0,0,2018,38531100,10404512,5220792,0,9765090,6161368,6979338,0,413742,252262,10804,0,0,0,150676,0,7378,6096
2019,7568,7568,7578,6310,15142849,12918790,2224059,1059460,475262,689337,186,186,0,226,226,0,25704569,2019,12918790,3366260,1788092,0,1699983,2725846,3338609,0,475262,228812,109216,0,0,0,137234,0,7382,6084
2020,7568,7568,7578,6322,40759776,34402117,6357659,3788138,1333179,1236342,192,191,1,228,227,1,0,2020,34402117,9305020,3720599,0,6068973,7747957,7559568,0,1333179,687203,232539,0,0,0,413437,0,7376,6094
2021,7568,7568,7578,6322,40770828,33076551,7694277,4738303,1312703,1643271,190,190,0,226,226,0,0,2021,33076551,9886233,4723513,0,3464009,7454280,7548516,0,1312703,820897,0,0,0,0,491806,0,7378,6096
2022,7568,7568,7578,6284,40831614,40625432,206182,167077,33794,5311,179,179,0,227,227,0,0,2022,40625432,8655531,4119877,0,13091382,7243282,7515360,0,33794,21493,54,0,0,0,12247,0,7389,6057
2023,7568,7568,7578,7017,40710042,34602781,6107261,3089003,1041832,1976426,201,188,13,228,215,13,0,2023,34602781,10254120,6329695,0,4587537,6341571,7089858,0,1041832,630109,34236,0,0,0,377487,0,7367,6789
2024,7568,7568,7578,6331,40803984,32210849,8593135,5070084,1439478,2083573,184,184,0,192,192,0,0,2024,32210849,9914573,5724466,0,2968716,6352982,7250112,0,1439478,900095,0,0,0,0,539383,0,7384,6139
2025,7568,7568,7578,6306,40803984,32967172,7836812,3743105,1583991,2509716,184,184,0,227,227,0,0,2025,32967172,11239159,5766148,0,869687,7604448,7487730,0,1583991,732061,410298,0,0,0,441632,0,7384,6079
2026,7568,7568,7578,6322,40759776,34256607,6503169,2583054,1200030,2720085,192,192,0,227,227,0,0,2026,34256607,11262618,6136606,0,1622963,7685904,7548516,0,1200030,591831,251694,0,0,0,356505,0,7376,6095
2027,7568,7568,7578,6322,40057974,35039906,5018068,2778650,910599,1328819,319,195,124,356,231,125,0,2027,35039906,9054428,4221681,0,7128005,7341472,7294320,0,910599,526148,69101,0,0,0,315350,0,7249,5966
2028,7568,7568,7578,6322,40708152,34239843,6468309,2516073,1312657,2639579,190,190,0,226,226,0,62676,2028,34239843,11193907,7222183,0,1258133,7199462,7366158,0,1312657,549963,429858,0,0,0,332836,0,7378,6096
2029,7568,7568,7578,6575,9653757,8688779,964978,262618,199480,502880,5324,127,5197,5347,146,5201,2757887,2029,8688779,1236130,423887,0,489969,2213129,4325664,0,199480,125082,0,0,0,0,74398,0,2244,1228
2030,7568,7568,7578,6288,40820562,36164333,4656229,1927032,874896,1854301,181,181,0,227,227,0,0,2030,36164333,9920703,7939015,0,4185040,6886041,7233534,0,874896,440679,169106,0,0,0,265111,0,7387,6061
2031,7568,7568,7578,6322,40770828,33472921,7297907,3075548,1652304,2570055,190,190,0,226,226,0,0,2031,33472921,10949453,4209883,0,2579137,8119620,7614828,0,1652304,687686,548419,0,0,0,416199,0,7378,6096
2032,7568,7568,7578,6396,18003708,16045871,1957837,499651,400453,1057733,4310,149,4161,4359,194,4165,0,2032,16045871,3007002,1555744,0,777890,3919307,6785928,0,400453,225271,40324,0,0,0,134858,0,3258,2037
2033,7568,7568,7578,6322,40665035,33901760,6763275,3965505,1484560,1313210,191,191,0,226,226,0,100267,2033,33901760,8968036,4772596,0,5709456,7063410,7388262,0,1484560,703235,357434,0,0,0,423891,0,7377,6096
2034,7568,7568,7578,6322,40352658,32112384,8240274,4305294,1624507,2310473,190,190,0,226,226,0,418170,2034,32112384,10696022,4815616,0,2605438,6767350,7227958,0,1624507,836252,285186,0,0,0,503069,0,7378,6096
2035,7568,7568,7578,6340,27944982,23353125,4591857,2804162,909866,877829,2511,172,2339,2553,213,2340,0,2035,23353125,5613282,2857023,0,2385651,5539935,6957234,0,909866,545359,37658,0,0,0,326849,0,5057,3787
2036,7568,7568,7578,6319,40770828,33575753,7195075,4689968,1294138,1210969,190,190,0,226,226,0,0,2036,33575753,8077548,4292936,0,6224933,7503658,7476678,0,1294138,805508,6083,0,0,0,482547,0,7378,6093
2037,7568,7568,7578,6312,40798458,33665074,7133384,3888068,1233271,2012045,185,185,0,226,226,0,0,2037,33665074,9015415,6663669,0,5444080,5888606,6653304,0,1233271,743695,43910,0,0,0,445666,0,7383,6086
2038,7568,7568,7578,6322,40735045,34056252,6678793,3331314,1247361,2100118,191,191,0,227,227,0,30257,2038,34056252,11228951,4160524,0,3348670,7791695,7526412,0,1247361,675531,165980,0,0,0,405850,0,7377,6095
2039,7568,7568,7578,6272,40815036,34184745,6630291,4270474,1190917,1168900,182,182,0,226,226,0,0,2039,34184745,8211998,7724762,0,5438675,6277578,6531732,0,1190917,702895,66701,0,0,0,421321,0,7386,6046
2040,7568,7568,7578,6322,40770828,33514923,7255905,3082643,1319960,2853302,190,190,0,226,226,0,0,2040,33514923,11257274,5852420,0,2370731,6845172,7189326,0,1319960,666602,252151,0,0,0,401207,0,7378,6096
2041,7568,7568,7578,6275,40815036,34657289,6157747,3965252,1055997,1136498,182,182,0,226,226,0,0,2041,34657289,9360581,6393998,0,5592140,6275972,7034598,0,1055997,660525,0,0,0,0,395472,0,7386,6049
2042,7568,7568,7578,6309,40798283,33547367,7250916,4459268,1259614,1532034,185,185,0,226,226,0,175,2042,33547367,8330383,3870754,0,5749858,8108642,7487730,0,1259614,787787,0,0,0,0,471827,0,7383,6083
2043,7568,7568,7578,6280,29637606,25335241,4302365,1900171,687873,1714321,182,182,0,226,226,0,11188379,2043,25335241,7194650,5066042,0,2877218,4835030,5362301,0,687873,430428,0,0,0,0,257445,0,7386,6054
2044,7568,7568,7578,6268,40815036,34443523,6371513,3338783,1061802,1970928,182,182,0,226,226,0,0,2044,34443523,10148479,4889713,0,6309147,6172106,6924078,0,1061802,648248,25187,0,0,0,388367,0,7386,6042
2045,7568,7568,7578,6295,40815036,34025758,6789278,3046125,1075967,2667186,182,182,0,228,228,0,0,2045,34025758,10881693,7496587,0,1030745,7112425,7504308,0,1075967,620475,83404,0,0,0,372088,0,7386,6067
2046,7568,7568,7578,6322,40748724,31797233,8951491,4792580,1888400,2270511,194,191,3,230,227,3,0,2046,31797233,11387416,4507918,0,407107,7891016,7603776,0,1888400,870510,492521,0,0,0,525369,0,7374,6092
2047,7568,7568,7578,6323,40676886,32185167,8491719,4744258,1512659,2234802,207,197,10,242,232,10,0,2047,32185167,10644422,3251202,0,3383686,7456809,7449048,0,1512659,879615,105265,0,0,0,527779,0,7361,6081
2048,7568,7568,7578,6322,18876451,15633240,3243211,2126107,584817,532287,191,191,0,227,227,0,21929306,2048,15633240,3816923,2173906,0,2034137,3510026,4098248,0,584817,366090,0,0,0,0,218727,0,7377,6095
2049,7568,7568,7578,7002,40815036,33095244,7719792,4588151,1364407,1767234,182,182,0,211,211,0,0,2049,33095244,9518293,5721924,0,3959051,6701124,7194852,0,1364407,828577,39114,0,0,0,496716,0,7386,6791
2050,7568,7568,7578,6323,36494802,29602852,6891950,2983786,1355677,2552487,928,195,733,964,229,735,197838,2050,29602852,9718155,4163618,0,1107682,7147771,7465626,0,1355677,655666,304802,0,0,0,395209,0,6640,5359
2051,7568,7568,7578,6322,39836934,37074412,2762522,1349135,467526,945861,359,193,166,395,229,166,0,2051,37074412,10452966,4330298,0,6920080,7789396,7581672,0,467526,288183,7141,0,0,0,172202,0,7209,5927
2052,7568,7568,7578,6307,40803984,34406090,6397894,3578622,1087722,1731550,184,184,0,227,227,0,0,2052,34406090,10078449,4539953,0,6256506,6513162,7018020,0,1087722,670701,15208,0,0,0,401813,0,7384,6080
2053,7568,7568,7578,6304,30340911,25188048,5152863,2307233,957720,1887910,182,182,0,227,227,0,10497360,2053,25188048,7811998,4810999,0,1466674,5315686,5782691,0,957720,490919,171643,0,0,0,295158,0,7386,6077
2054,7568,7568,7578,6322,39925350,34274516,5650834,1988647,1034626,2627561,343,193,150,378,228,150,0,2054,34274516,10531120,6384593,0,2398425,7533434,7426944,0,1034626,504359,226498,0,0,0,303769,0,7225,5944
2055,7568,7568,7578,6349,17218015,16100767,1117248,323964,189556,603728,2968,165,2803,3015,205,2810,8224193,2055,16100767,3271817,1993482,0,1675263,3909385,5250820,0,189556,118238,1098,0,0,0,70220,0,4600,3334
2056,7568,7568,7578,6313,40781880,35173303,5608577,2091351,925670,2591556,188,188,0,226,226,0,0,2056,35173303,10829473,8497448,0,1278231,7124629,7443522,0,925670,472572,168815,0,0,0,284283,0,7380,6087
2057,7568,7568,7578,7544,278250,206380,71870,951,17384,53535,7515,44,7471,7525,50,7475,14628,2057,206380,111390,61621,0,33369,0,0,0,17384,7785,4996,0,0,0,4603,0,53,19
2058,7568,7568,7578,6404,18119754,15968058,2151696,327982,464052,1359662,4289,144,4145,4337,190,4147,0,2058,15968058,3506660,1558618,0,251149,3865703,6785928,0,464052,208417,130087,0,0,0,125548,0,3279,2067
2059,7568,7568,7578,6605,11610126,10591807,1018319,110180,220831,687308,5467,120,5347,5492,137,5355,0,2059,10591807,1687867,705523,0,380808,2590013,5227596,0,220831,110432,44390,0,0,0,66009,0,2101,1113
2060,7568,7568,7578,6936,6691986,6272616,419370,15994,88389,314987,6357,91,6266,6384,108,6276,0,2060,6272616,776340,419137,0,274232,1868601,2934306,0,88389,44134,18057,0,0,0,26198,0,1211,552
2061,7568,7568,7578,6322,37465016,30990817,6474199,2883624,1123645,2466930,387,193,194,425,230,195,2218697,2061,30990817,9874579,3882139,0,1617889,7907252,7708958,0,1123645,631344,113240,0,0,0,379061,0,7181,5897
2062,7568,7568,7578,6322,40770828,34699531,6071297,2974139,1272944,1824214,190,190,0,226,226,0,0,2062,34699531,9813933,6366425,0,3801617,7373502,7344054,0,1272944,585037,335136,0,0,0,352771,0,7378,6096
2063,7568,7568,7578,6272,40815036,33883381,6931655,3052316,1136445,2742894,182,182,0,226,226,0,0,2063,33883381,10948209,5763470,0,1771955,7773867,7625880,0,1136445,652136,92979,0,0,0,391330,0,7386,6046
2064,7568,7568,7578,6323,39057768,31279370,7778398,4542888,1366302,1869208,500,196,304,540,233,307,0,2064,31279370,9162025,4607417,0,2545117,7410769,7554042,0,1366302,834270,32034,0,0,0,499998,0,7068,5783
2065,7568,7568,7578,6322,40566364,33161019,7405345,3680703,1238802,2485840,192,192,0,227,227,0,193412,2065,33161019,10808518,5993443,0,2348210,6777314,7233534,0,1238802,740043,54995,0,0,0,443764,0,7376,6095
2066,7568,7568,7578,6322,40754250,34975465,5778785,1969430,1245417,2563938,193,192,1,228,227,1,0,2066,34975465,11180743,7843889,0,806527,7573686,7570620,0,1245417,463216,500916,0,0,0,281285,0,7375,6094
2067,7568,7568,7578,7578,0,0,0,0,0,0,7568,45,7523,7578,48,7530,0,2067,0,0,0,0,0,0,0,0,0,0,0,0,0,0,0,0,0,0
2068,7568,7568,7578,6324,23906306,20980649,2925657,1290481,682804,952372,1739,195,1544,1775,230,1545,8324614,2068,20980649,4098674,2839838,0,2511639,4966235,6564263,0,682804,311081,184332,0,0,0,187391,0,5829,4549
2069,7568,7568,7578,6322,39494322,38385637,1108685,713141,207548,187996,421,193,228,457,229,228,0,2069,38385637,7747569,4235945,0,10368190,8292007,7741926,0,207548,128324,2966,0,0,0,76258,0,7147,5865
2070,7568,7568,7578,6285,40820562,34466090,6354472,2457661,1381786,2515025,181,181,0,228,228,0,0,2070,34466090,11006694,6437910,0,2634355,7181227,7205904,0,1381786,549242,499712,0,0,0,332832,0,7387,6057
2071,7568,7568,7578,6737,8935542,8285532,650010,29011,129624,491375,5951,99,5852,5967,107,5860,0,2071,8285532,1172162,1054212,0,93638,1970222,3995298,0,129624,69618,18587,0,0,0,41419,0,1617,770
2072,7568,7568,7578,7520,530496,374215,156281,2682,42774,110825,7472,91,7381,7481,96,7385,0,2072,374215,229376,141308,0,3531,0,0,0,42774,16069,17097,0,0,0,9608,0,96,39
2073,7568,7568,7578,7578,0,0,0,0,0,0,7568,20,7548,7578,24,7554,0,2073,0,0,0,0,0,0,0,0,0,0,0,0,0,0,0,0,0,0
2074,7568,7568,7578,6323,37147036,32550872,4596164,1964871,925949,1705344,827,193,634,864,230,634,103730,2074,32550872,8319822,7221816,0,1632051,7364483,8012700,0,925949,424372,245696,0,0,0,255881,0,6741,5459
2075,7568,7568,7578,7414,225338,181857,43481,1430,12846,29205,7284,49,7235,7294,50,7244,1344046,2075,181857,66121,32674,0,4990,74888,3184,0,12846,4294,6020,0,0,0,2532,0,284,120
2076,7568,7568,7578,7578,0,0,0,0,0,0,7568,21,7547,7578,27,7551,0,2076,0,0,0,0,0,0,0,0,0,0,0,0,0,0,0,0,0,0
2077,7568,7568,7578,6271,40610574,35462785,5147789,2888285,847892,1411612,219,187,32,263,231,32,0,2077,35462785,8853807,3238809,0,7063897,8580924,7725348,0,847892,530443,0,0,0,0,317449,0,7349,6008
2078,7568,7568,7578,6314,40781880,32863517,7918363,4024087,1320289,2573987,188,188,0,226,226,0,0,2078,32863517,10861580,4243520,0,2412721,7780602,7565094,0,1320289,797335,44910,0,0,0,478044,0,7380,6088
2079,7568,7568,7578,6313,40754250,34980792,5773458,3617436,1070269,1085753,193,190,3,230,227,3,0,2079,34980792,9048260,5097437,0,7488477,6306494,7040124,0,1070269,632453,58684,0,0,0,379132,0,7375,6083
2080,7568,7568,7578,6321,33535957,26581376,6954581,4052182,1405189,1497210,190,190,0,226,226,0,7241003,2080,26581376,7957194,4828222,0,1853276,5650352,6292332,0,1405189,722553,247913,0,0,0,434723,0,7378,6095
2081,7568,7568,7578,6341,18554854,15906370,2648484,932086,528611,1187787,2838,175,2663,2884,217,2667,7594025,2081,15906370,3714220,2199549,0,598142,4015286,5379173,0,528611,282883,76168,0,0,0,169560,0,4730,3457
2082,7568,7568,7578,6314,40605048,38037634,2567414,1388303,502585,676526,220,192,28,258,230,28,0,2082,38037634,8729887,3000434,0,10689316,7986591,7631406,0,502585,279333,55966,0,0,0,167286,0,7348,6056
2083,7568,7568,7578,6322,36831607,29074100,7757507,4624845,1488190,1644472,190,190,0,226,226,0,3946234,2083,29074100,9123154,5405375,0,1525652,6260552,6759367,0,1488190,797490,211335,0,0,0,479365,0,7378,6096
2084,7568,7568,7578,6465,16616682,15720478,896204,182546,165146,548512,4561,141,4420,4606,178,4428,0,2084,15720478,2628683,1693368,0,1983225,3463700,5951502,0,165146,103588,24,0,0,0,61534,0,3007,1859
2085,7568,7568,7578,6313,37101564,30470315,6631249,3475786,1373869,1781594,854,193,661,893,232,661,0,2085,30470315,8866563,4595598,0,2736954,6811100,7460100,0,1373869,694766,260783,0,0,0,418320,0,6714,5420
2086,7568,7568,7578,6325,31636350,24624627,7011723,4001524,1417899,1592300,1843,193,1650,1881,229,1652,0,2086,24624627,7448137,2611112,0,730297,6479975,7355106,0,1417899,776543,174617,0,0,0,466739,0,5725,4444
2087,7568,7568,7578,6643,11726172,10122172,1604000,357120,457277,789603,5446,112,5334,5466,128,5338,0,2087,10122172,1813299,789934,0,53344,2718761,4746834,0,457277,204915,129080,0,0,0,123282,0,2122,1177
2088,7568,7568,7578,6323,38743535,31721151,7022384,3808787,1575220,1638377,314,201,113,353,238,115,1342521,2088,31721151,9080411,5496385,0,2959866,6687938,7496551,0,1575220,721134,418990,0,0,0,435096,0,7254,5970
2089,7568,7568,7578,6322,37896900,31359635,6537265,3848656,1097072,1591537,190,190,0,226,226,0,2878223,2089,31359635,9374456,4875226,0,3702014,6446324,6961615,0,1097072,685992,214,0,0,0,410866,0,7378,6096
2090,7568,7568,7578,6316,37145772,30163657,6982115,3135101,1604902,2242112,846,187,659,884,224,660,0,2090,30163657,10063925,4480797,0,631255,7477846,7509834,0,1604902,666249,535249,0,0,0,403404,0,6722,5432
2091,7568,7568,7578,6620,11256462,9883154,1373308,462373,341885,569050,5531,116,5415,5551,131,5420,0,2091,9883154,1567490,753571,0,363868,2307715,4890510,0,341885,188189,41089,0,0,0,112607,0,2037,1069
2092,7568,7568,7578,6322,40765302,33717394,7047908,3318478,1309157,2420273,191,191,0,226,226,0,0,2092,33717394,10739615,5066066,0,2352475,7922306,7636932,0,1309157,676221,226104,0,0,0,406832,0,7377,6096
2093,7568,7568,7578,6322,27522283,22299591,5222692,2578667,991716,1652309,271,196,75,305,231,74,12828294,2093,22299591,7350456,2733779,0,1356912,5347597,5510847,0,991716,530920,141813,0,0,0,318983,0,7297,6017
2094,7568,7568,7578,6320,33266520,28267507,4999013,2178485,969323,1851205,1548,194,1354,1586,227,1359,0,2094,28267507,7748380,3170166,0,2842042,7079975,7426944,0,969323,516250,142801,0,0,0,310272,0,6020,4734
2095,7568,7568,7578,6269,21360907,18902967,2457940,1372302,464521,621117,191,187,4,235,231,4,19447900,2095,18902967,4469867,1585463,0,4571210,4074635,4201792,0,464521,258858,50807,0,0,0,154856,0,7377,6034
2096,7568,7568,7578,6450,15798834,14557149,1241685,427632,250263,563790,4709,127,4582,4751,161,4590,0,2096,14557149,2369693,1811623,0,1541702,3302605,5531526,0,250263,155387,2268,0,0,0,92608,0,2859,1699
2097,7568,7568,7578,6268,38079666,31903532,6176134,3651193,1090635,1434306,677,184,493,720,228,492,0,2097,31903532,8435805,4209905,0,4363962,7372974,7520886,0,1090635,675967,9725,0,0,0,404943,0,6891,5548
2098,7568,7568,7578,6396,23712066,19419561,4292505,2085713,792087,1414705,3277,160,3117,3322,199,3123,0,2098,19419561,5494961,1915917,0,892508,4783379,6332796,0,792087,494916,989,0,0,0,296182,0,4291,3074
2099,7568,470,7578,435,1641222,188259,0,0,0,0,173,173,0,193,193,0,0,2099,188259,62649,124580,0,1030,0,0,0,0,0,0,0,0,0,0,0,297,242
