"Year","AFem","AFemDeath","AMal","AMalDeath","Eggs","EggsDeath","FryGrad","FryExit","FryDeath","FryInStr","allMortAF","baseMortAF","tempMortAF","allMortAM","baseMortAM","tempMortAM","InVivo","Year","allMortEgg","baseMortEgg","tempMortEgg","denMortEgg","incMortEgg","superMortEgg","lostMortEgg","catMortEgg","allMortFry","baseMortFry","tempMortFry","denMortFry","habMortFry","freshMortFry","seasMortFry","catMortFry","allMortSF","allMortSM"
2010,7568,7568,7578,6935,6343848,5757357,586491,59474,159738,367279,6420,67,6353,6446,84,6362,0,2010,5757357,807623,346700,0,38207,2094705,2470122,0,159738,72644,43617,0,0,0,43477,0,1148,489
2011,7568,7568,7578,6324,21346938,17965380,3381558,1095168,865666,1420724,3705,175,3530,3749,212,3537,0,2011,17965380,3951433,998323,0,110260,5494998,7410366,0,865666,399283,225537,0,0,0,240846,0,3863,2575
2012,7568,7568,7578,6323,35250354,29988687,5261667,1943785,1040837,2277045,1189,197,992,1229,234,995,0,2012,29988687,8742799,3742423,0,2030879,7758290,7714296,0,1040837,477514,275158,0,0,0,288165,0,6379,5094
2013,7568,7568,7578,6805,8382942,7665739,717203,53017,142807,521379,6051,107,5944,6067,116,5951,0,2013,7665739,1108524,417633,0,326096,2094488,3718998,0,142807,77973,18554,0,0,0,46280,0,1517,738
2014,7568,7568,7578,6322,37864152,31456848,6407304,2779329,1144255,2483720,716,188,528,755,224,531,0,2014,31456848,9264667,4814133,0,1776313,7926121,7675614,0,1144255,628804,137814,0,0,0,377637,0,6852,5567
2015,7568,7568,7578,6322,18338394,15662105,2676289,853815,581777,1240697,2424,190,2234,2468,227,2241,10117467,2015,15662105,3979157,1693774,0,294608,4550114,5144452,0,581777,267597,153113,0,0,0,161067,0,5144,3854
2016,7568,7568,7578,6666,9709182,8869783,839399,112490,199575,527334,5811,136,5675,5838,154,5684,0,2016,8869783,1128720,589772,0,214413,2355824,4581054,0,199575,105248,31353,0,0,0,62974,0,1757,828
2017,7568,7568,7578,6353,18917469,17258887,1658582,242881,368762,1046939,4144,158,3986,4189,199,3990,3555,2017,17258887,3027855,1391027,0,1063073,4670496,7106436,0,368762,157250,116815,0,0,0,94697,0,3424,2164
2018,7568,7568,7578,6327,32724972,28879901,3845071,1222810,582014,2040247,1646,197,1449,1689,237,1452,0,2018,28879901,7132353,5067561,0,475840,7517275,8686872,0,582014,333492,48531,0,0,0,199991,0,5922,4638
2019,7568,7568,7578,6322,4703109,4382053,321056,61123,84031,175902,2021,198,1823,2059,233,1826,26021478,2019,4382053,525092,343720,0,154955,1285908,2072378,0,84031,32958,31471,0,0,0,19602,0,5547,4263
2020,7568,7568,7578,6959,6045444,5433229,612215,120646,158645,332924,6474,74,6400,6495,93,6402,0,2020,5433229,701733,247608,0,94362,1659682,2729844,0,158645,84439,23960,0,0,0,50246,0,1094,464
2021,7568,7568,7578,6322,38803572,31704706,7098866,3155453,1265173,2678240,546,192,354,583,228,355,0,2021,31704706,10482888,4604062,0,1588477,7547075,7482204,0,1265173,687068,165400,0,0,0,412705,0,7022,5739
2022,7568,7568,7578,6303,37946137,32802770,5143367,2861741,954937,1326689,697,183,514,745,228,517,23009,2022,32802770,6544162,2981276,0,7081079,8708523,7487730,0,954937,579479,28433,0,0,0,347025,0,6871,5558
2023,7568,7568,7578,6310,37013148,30263444,6749704,3875411,1188180,1686113,870,190,680,912,229,683,0,2023,30263444,8955908,4215315,0,2486790,7117701,7487730,0,1188180,735872,11393,0,0,0,440915,0,6698,5398
2024,7568,7568,7578,6276,36123462,27873817,8249645,4653718,1727094,1868833,1031,185,846,1079,229,850,0,2024,27873817,8966427,3530500,0,594118,7278464,7504308,0,1727094,869970,333195,0,0,0,523929,0,6537,5197
2025,7568,7568,7578,6361,19711557,16694474,3017083,919492,809146,1288445,3984,161,3823,4035,204,3831,93627,2025,16694474,3600269,1193264,0,38941,4832928,7029072,0,809146,350736,246679,0,0,0,211731,0,3584,2326
2026,7568,7568,7578,6341,18280008,16144292,2135716,353751,507918,1274047,4260,152,4108,4307,187,4120,0,2026,16144292,2946192,1481094,0,27713,4522071,7167222,0,507918,239840,123936,0,0,0,144142,0,3308,2034
2027,7568,7568,7578,6510,12754008,11570386,1183622,117609,380571,685442,5260,132,5128,5284,150,5134,0,2027,11570386,1854667,1101448,0,104270,2740857,5769144,0,380571,131117,169903,0,0,0,79551,0,2308,1226
2028,7568,7568,7578,6341,20435148,18154187,2280961,552852,498729,1229380,3870,165,3705,3917,204,3713,0,2028,18154187,3614924,1324544,0,1020670,4943937,7250112,0,498729,237674,118002,0,0,0,143053,0,3698,2424
2029,7568,7568,7578,6322,13281858,11221363,2060495,799493,435668,825334,3030,178,2852,3072,214,2858,11832209,2029,11221363,2415525,892646,0,137335,3378494,4397363,0,435668,243663,46263,0,0,0,145742,0,4538,3250
2030,7568,7568,7578,6928,6504102,5866213,637889,89209,169943,378737,6391,99,6292,6416,116,6300,0,2030,5866213,792438,640523,0,23391,1906583,2503278,0,169943,81659,39607,0,0,0,48677,0,1177,512
2031,7568,7568,7578,6322,37615482,30015938,7599544,3485277,1468288,2645979,761,197,564,799,232,567,0,2031,30015938,10223593,3534409,0,493861,8055305,7708770,0,1468288,740766,281532,0,0,0,445990,0,6807,5523
2032,7568,7568,7578,6321,17920818,16825192,1095626,433163,255546,406917,4325,165,4160,4375,206,4169,0,2032,16825192,1911855,966739,0,2151653,4644301,7150644,0,255546,150517,15332,0,0,0,89697,0,3243,1946
2033,7568,7568,7578,6322,37985724,30734761,7250963,3516639,1785877,1948447,694,190,504,730,226,504,0,2033,30734761,9506625,3189062,0,1834662,8429330,7775082,0,1785877,694369,670300,0,0,0,421208,0,6874,5592
2034,7568,7568,7578,6902,6647778,6185656,462122,38498,197400,226224,6365,92,6273,6389,108,6281,0,2034,6185656,700137,417366,0,223443,2103814,2740896,0,197400,54529,109792,0,0,0,33079,0,1203,513
2035,7568,7568,7578,6916,6830136,6095521,734615,118457,169837,446321,6332,99,6233,6356,117,6239,0,2035,6095521,917569,427839,0,111873,1891818,2746422,0,169837,97022,14911,0,0,0,57904,0,1236,560
2036,7568,7568,7578,6324,23198148,19293150,3904998,1503747,948777,1452474,3370,165,3205,3414,202,3212,0,2036,19293150,4527022,1759680,0,40167,5511707,7454574,0,948777,452315,223875,0,0,0,272587,0,4198,2910
2037,7568,7568,7578,7272,2758814,2409619,349195,26431,77589,245175,7059,73,6986,7066,73,6993,54220,2037,2409619,472907,347688,0,102249,1117807,368968,0,77589,44049,7646,0,0,0,25894,0,509,206
2038,7568,7568,7578,6322,16663686,13653022,3010664,1801245,591860,617559,1359,194,1165,1399,230,1169,17692457,2038,13653022,3218089,1225098,0,1126285,3785246,4298304,0,591860,347780,35773,0,0,0,208307,0,6209,4923
2039,7568,7568,7578,6323,28476079,24611922,3864157,1333729,744144,1786284,2414,187,2227,2455,224,2231,4925,2039,24611922,5860843,3300650,0,1611023,6390358,7449048,0,744144,398394,106444,0,0,0,239306,0,5154,3868
2040,7568,7568,7578,6322,30899061,26245890,4653171,1914796,1046664,1691711,1976,194,1782,2018,230,1788,2331,2040,26245890,6565897,2911580,0,2549728,6742007,7476678,0,1046664,500132,245154,0,0,0,301378,0,5592,4304
2041,7568,7568,7578,6393,14544432,13515713,1028719,57065,232625,739029,4936,140,4796,4989,184,4805,0,2041,13515713,1765353,1570727,0,162059,3231646,6785928,0,232625,108932,58378,0,0,0,65315,0,2632,1404
2042,7568,7568,7578,7578,0,0,0,0,0,0,7568,46,7522,7578,49,7529,0,2042,0,0,0,0,0,0,0,0,0,0,0,0,0,0,0,0,0,0
2043,7568,7568,7578,6324,10667289,9623299,1043990,188127,278019,577844,4120,162,3958,4164,199,3965,8405199,2043,9623299,1422817,841882,0,148584,2915386,4294630,0,278019,124113,79497,0,0,0,74409,0,3448,2160
2044,7568,7568,7578,6349,16373538,14424361,1949177,577414,716033,655730,4605,145,4460,4656,188,4468,0,2044,14424361,2167900,1238259,0,233712,3700158,7084332,0,716033,252449,310240,0,0,0,153344,0,2963,1693
2045,7568,7568,7578,7438,1276506,1053438,223068,3022,44048,175998,7337,48,7289,7347,54,7293,0,2045,1053438,376562,212947,0,87634,376295,0,0,44048,23679,6387,0,0,0,13982,0,231,91
2046,7568,7568,7578,7518,524970,308011,216959,24761,68445,123753,7473,27,7446,7483,32,7451,0,2046,308011,222012,60411,0,25588,0,0,0,68445,28800,22356,0,0,0,17289,0,95,35
2047,7568,7568,7578,7344,2225703,1875842,349861,31747,96475,221639,7165,70,7095,7168,65,7103,1275,2047,1875842,463492,247077,0,155891,898862,110520,0,96475,44172,26094,0,0,0,26209,0,403,176
2048,7568,7568,7578,6410,16958457,14644412,2314045,553893,526640,1233512,4400,145,4255,4453,192,4261,548737,2048,14644412,2860006,889734,0,153452,3724156,7017064,0,526640,266946,99267,0,0,0,160427,0,3168,1957
2049,7568,7568,7578,7565,110520,69296,41224,5981,12274,22969,7548,50,7498,7557,55,7502,0,2049,69296,42084,13885,0,13327,0,0,0,12274,5578,3492,0,0,0,3204,0,20,8
2050,7568,7568,7578,6324,19208376,17009999,2198377,390808,728111,1079458,4092,174,3918,4134,207,3927,0,2050,17009999,3086432,1259998,0,39119,5247240,7377210,0,728111,246067,332307,0,0,0,149737,0,3476,2190
2051,7568,7568,7578,7388,1244207,1078645,165562,1829,37074,126659,7268,66,7202,7270,62,7208,413593,2051,1078645,295442,172721,0,77386,512376,20720,0,37074,17348,9409,0,0,0,10317,0,300,118
2052,7568,7568,7578,7495,756687,467865,288822,27241,89428,172153,7431,22,7409,7441,27,7414,375,2052,467865,310904,113782,0,32971,10208,0,0,89428,36616,31018,0,0,0,21794,0,137,54
2053,7568,7568,7578,6655,8650534,8122486,528048,18841,119242,389965,5813,114,5699,5834,130,5704,1053126,2053,8122486,905855,466104,0,256698,1918669,4575160,0,119242,56171,29538,0,0,0,33533,0,1755,821
2054,7568,7568,7578,7578,0,0,0,0,0,0,7568,46,7522,7578,51,7527,0,2054,0,0,0,0,0,0,0,0,0,0,0,0,0,0,0,0,0,0
2055,7568,7568,7578,7578,0,0,0,0,0,0,7568,50,7518,7578,59,7519,0,2055,0,0,0,0,0,0,0,0,0,0,0,0,0,0,0,0,0,0
2056,7568,7568,7578,6703,8924490,8004538,919952,302029,213656,404267,5953,108,5845,5974,124,5850,0,2056,8004538,920097,447777,0,122594,1999328,4514742,0,213656,133536,643,0,0,0,79477,0,1615,729
2057,7568,7568,7578,6316,24960942,21610530,3350412,936554,994141,1419717,3051,165,2886,3096,202,2894,0,2057,21610530,5337713,2767077,0,161640,5922682,7421418,0,994141,329336,464033,0,0,0,200772,0,4517,3220
2058,7568,7568,7578,7504,668646,398581,270065,55546,98106,116413,7447,44,7403,7457,49,7408,0,2058,398581,254862,93289,0,50430,0,0,0,98106,37656,37938,0,0,0,22512,0,121,47
2059,7568,7568,7578,6583,10466244,9399409,1066835,185230,232404,649201,5674,120,5554,5699,138,5561,0,2059,9399409,1255409,504341,0,0,2423115,5216544,0,232404,138852,10628,0,0,0,82924,0,1894,884
2060,7568,7568,7578,6310,37981504,29988338,7993166,4512769,1924390,1556007,672,195,477,711,232,479,125792,2060,29988338,9220860,4407572,0,1194350,7462312,7703244,0,1924390,831486,590108,0,0,0,502796,0,6896,5599
2061,7568,7568,7578,6880,6680934,6053211,627723,156417,186230,285076,6359,93,6266,6381,105,6276,0,2061,6053211,685814,302718,0,48153,2143006,2873520,0,186230,89243,43590,0,0,0,53397,0,1209,499
2062,7568,7568,7578,6335,22374774,18588040,3786734,1485281,977378,1324075,3519,174,3345,3565,211,3354,0,2062,18588040,4298258,1988630,0,89177,4956337,7255638,0,977378,435322,279292,0,0,0,262764,0,4049,2770
2063,7568,7568,7578,7137,4470534,3907208,563326,59670,161714,341942,6759,92,6667,6794,118,6676,0,2063,3907208,721523,283051,0,10519,1775863,1116252,0,161714,70399,49013,0,0,0,42302,0,809,343
2064,7568,7568,7578,6337,17548001,15604312,1943689,463004,436981,1043704,4388,171,4217,4432,208,4224,24679,2064,15604312,2454534,1378736,0,263437,4323805,7183800,0,436981,246200,43292,0,0,0,147489,0,3180,1905
2065,7568,7568,7578,6594,10233173,9429126,804047,64850,237823,501374,5716,120,5596,5740,139,5601,979,2065,9429126,1153443,568762,0,156208,2428111,5122602,0,237823,93683,87707,0,0,0,56433,0,1852,854
2066,7568,7568,7578,6481,14140226,13175126,965100,110187,294309,560604,5005,130,4875,5044,161,4883,22912,2066,13175126,1794378,1206421,0,878048,3184523,6111756,0,294309,104066,127377,0,0,0,62866,0,2563,1437
2067,7568,7568,7578,7578,0,0,0,0,0,0,7568,46,7522,7578,50,7528,0,2067,0,0,0,0,0,0,0,0,0,0,0,0,0,0,0,0,0,0
2068,7568,7568,7578,7565,98460,63856,34604,1778,10001,22825,7548,42,7506,7557,47,7510,12060,2068,63856,42453,19835,0,1568,0,0,0,10001,4115,3549,0,0,0,2337,0,20,8
2069,7568,7568,7578,7576,16578,9664,6914,224,1467,5223,7565,40,7525,7575,45,7530,0,2069,9664,7144,1400,0,1120,0,0,0,1467,568,674,0,0,0,225,0,3,1
2070,7568,7568,7578,6369,12480333,11472002,1008331,150010,318347,539974,4524,146,4378,4574,187,4387,4358040,2070,11472002,1526704,821117,0,621162,3038370,5464649,0,318347,111160,140017,0,0,0,67170,0,3044,1795
2071,7568,7568,7578,7207,2242814,2120836,121978,513,21354,100111,6931,75,6856,6952,89,6863,1285284,2071,2120836,317579,326750,0,123351,906497,446659,0,21354,10936,4054,0,0,0,6364,0,637,255
2072,7568,7568,7578,7537,386820,222114,164706,22757,51507,90442,7498,43,7455,7507,46,7461,0,2072,222114,161333,56426,0,4355,0,0,0,51507,21655,17038,0,0,0,12814,0,70,30
2073,7568,7568,7578,7512,462694,284777,177917,49867,51271,76779,7458,74,7384,7467,79,7388,145166,2073,284777,160747,54031,0,69999,0,0,0,51271,25896,9962,0,0,0,15413,0,110,45
2074,7568,7568,7578,7578,0,0,0,0,0,0,7568,34,7534,7578,38,7540,0,2074,0,0,0,0,0,0,0,0,0,0,0,0,0,0,0,0,0,0
2075,7568,7568,7578,7578,0,0,0,0,0,0,7568,47,7521,7578,49,7529,0,2075,0,0,0,0,0,0,0,0,0,0,0,0,0,0,0,0,0,0
2076,7568,7568,7578,6411,13675151,12470467,1204684,208678,254316,741690,5007,135,4872,5062,182,4880,478447,2076,12470467,1542697,742456,0,418703,3216411,6550200,0,254316,155096,6837,0,0,0,92383,0,2561,1349
2077,7568,7568,7578,6336,18312210,15782418,2529792,804037,698506,1027249,4226,170,4056,4271,206,4065,155682,2077,15782418,2719922,1251269,0,5277,4583718,7222232,0,698506,325142,177688,0,0,0,195676,0,3342,2065
2078,7568,7568,7578,6659,9781020,8791642,989378,208104,294985,486289,5798,114,5684,5825,133,5692,0,2078,8791642,1130495,619524,0,160295,2206332,4674996,0,294985,130691,85551,0,0,0,78743,0,1770,834
2079,7568,7568,7578,6604,4448480,4065262,383218,41551,119532,222135,5689,163,5526,5716,183,5533,5966024,2079,4065262,516220,344878,0,11819,988691,2203654,0,119532,44472,48629,0,0,0,26431,0,1879,888
2080,7568,7568,7578,7578,0,0,0,0,0,0,7568,27,7541,7578,31,7547,0,2080,0,0,0,0,0,0,0,0,0,0,0,0,0,0,0,0,0,0
2081,7568,7568,7578,7577,5526,3304,2222,333,414,1475,7566,40,7526,7577,44,7533,5526,2081,3304,2240,508,0,556,0,0,0,414,128,220,0,0,0,66,0,2,0
2082,7568,7568,7578,7578,0,0,0,0,0,0,7568,27,7541,7578,32,7546,0,2082,0,0,0,0,0,0,0,0,0,0,0,0,0,0,0,0,0,0
2083,7568,7568,7578,6351,9907855,8874010,1033845,346580,305623,381642,4772,149,4623,4820,189,4631,5567909,2083,8874010,1118687,498957,0,182340,2429798,4644228,0,305623,146430,71442,0,0,0,87751,0,2796,1531
2084,7568,7568,7578,6342,17500842,15526922,1973920,376946,617318,979656,4401,152,4249,4450,192,4258,0,2084,15526922,2520053,1673525,0,14391,4157257,7161696,0,617318,235724,238992,0,0,0,142602,0,3167,1892
2085,7568,7568,7578,7548,259722,170298,89424,4654,42605,42165,7521,22,7499,7531,27,7504,0,2085,170298,111346,52388,0,6564,0,0,0,42605,10276,26085,0,0,0,6244,0,47,17
2086,7568,7568,7578,7578,0,0,0,0,0,0,7568,24,7544,7578,30,7548,0,2086,0,0,0,0,0,0,0,0,0,0,0,0,0,0,0,0,0,0
2087,7568,7568,7578,7578,0,0,0,0,0,0,7568,37,7531,7578,41,7537,0,2087,0,0,0,0,0,0,0,0,0,0,0,0,0,0,0,0,0,0
2088,7568,7568,7578,7578,0,0,0,0,0,0,7568,33,7535,7578,35,7543,0,2088,0,0,0,0,0,0,0,0,0,0,0,0,0,0,0,0,0,0
2089,7568,7568,7578,7578,0,0,0,0,0,0,7568,33,7535,7578,38,7540,0,2089,0,0,0,0,0,0,0,0,0,0,0,0,0,0,0,0,0,0
2090,7568,7568,7578,6338,8410081,7652162,757919,213104,195039,349776,4859,146,4713,4911,190,4721,6590797,2090,7652162,892795,361385,0,168010,2150287,4079685,0,195039,104923,27482,0,0,0,62634,0,2709,1427
2091,7568,7568,7578,7061,4525318,4122707,402611,19552,186339,196720,6706,85,6621,6733,104,6629,239198,2091,4122707,557274,355566,0,0,1745117,1464750,0,186339,46767,111065,0,0,0,28507,0,862,328
2092,7568,7568,7578,7578,0,0,0,0,0,0,7568,34,7534,7578,39,7539,0,2092,0,0,0,0,0,0,0,0,0,0,0,0,0,0,0,0,0,0
2093,7568,7568,7578,7578,0,0,0,0,0,0,7568,29,7539,7578,37,7541,0,2093,0,0,0,0,0,0,0,0,0,0,0,0,0,0,0,0,0,0
2094,7568,7568,7578,6998,5172336,4785883,386453,18069,103317,265067,6632,101,6531,6658,120,6538,0,2094,4785883,575654,408457,0,40772,1948472,1812528,0,103317,46663,28876,0,0,0,27778,0,936,340
2095,7568,7568,7578,7576,9796,5358,4438,660,1123,2655,7566,26,7540,7575,29,7546,1256,2095,5358,4280,1032,0,46,0,0,0,1123,266,715,0,0,0,142,0,2,1
2096,7568,7568,7578,7578,0,0,0,0,0,0,7568,21,7547,7578,19,7559,0,2096,0,0,0,0,0,0,0,0,0,0,0,0,0,0,0,0,0,0
2097,7568,7568,7578,6377,13276385,11899182,1377203,296352,364057,716794,4835,146,4689,4883,186,4697,1834463,2097,11899182,1646940,755963,0,111167,3277306,6107806,0,364057,180894,74676,0,0,0,108487,0,2733,1494
2098,7568,7568,7578,6811,4623882,4253287,370595,83265,111406,175924,6256,117,6139,6276,131,6145,2639843,2098,4253287,433288,308784,0,14394,1347934,2148887,0,111406,51552,29279,0,0,0,30575,0,1312,535
2099,7568,6140,7578,6102,326034,46024,0,0,0,0,6081,99,5982,6078,88,5990,0,2099,46024,12444,33580,0,0,0,0,0,0,0,0,0,0,0,0,0,59,24
