"Year","AFem","AFemDeath","AMal","AMalDeath","Eggs","EggsDeath","FryGrad","FryExit","FryDeath","FryInStr","allMortAF","baseMortAF","tempMortAF","allMortAM","baseMortAM","tempMortAM","InVivo"
2010,7568,7568,7578,6935,6343848,5757357,586491,59474,159738,367279,6420,67,6353,6446,84,6362,0
2011,7568,7568,7578,6324,21346938,17965380,3381558,1095168,865666,1420724,3705,175,3530,3749,212,3537,0
2012,7568,7568,7578,6323,35250354,29988687,5261667,1943785,1040837,2277045,1189,197,992,1229,234,995,0
2013,7568,7568,7578,6805,8382942,7665739,717203,53017,142807,521379,6051,107,5944,6067,116,5951,0
2014,7568,7568,7578,6322,37864152,31456848,6407304,2779329,1144255,2483720,716,188,528,755,224,531,0
2015,7568,7568,7578,6322,18338394,15662105,2676289,853815,581777,1240697,2424,190,2234,2468,227,2241,10117467
2016,7568,7568,7578,6666,9709182,8869783,839399,112490,199575,527334,5811,136,5675,5838,154,5684,0
2017,7568,7568,7578,6353,18917469,17258887,1658582,242881,368762,1046939,4144,158,3986,4189,199,3990,3555
2018,7568,7568,7578,6327,32724972,28879901,3845071,1222810,582014,2040247,1646,197,1449,1689,237,1452,0
2019,7568,7568,7578,6322,4703109,4382053,321056,61123,84031,175902,2021,198,1823,2059,233,1826,26021478
2020,7568,7568,7578,6959,6045444,5433229,612215,120646,158645,332924,6474,74,6400,6495,93,6402,0
2021,7568,7568,7578,6322,38803572,31704706,7098866,3155453,1265173,2678240,546,192,354,583,228,355,0
2022,7568,7568,7578,6303,37946137,32802770,5143367,2861741,954937,1326689,697,183,514,745,228,517,23009
2023,7568,7568,7578,6310,37013148,30263444,6749704,3875411,1188180,1686113,870,190,680,912,229,683,0
2024,7568,7568,7578,6276,36123462,27873817,8249645,4653718,1727094,1868833,1031,185,846,1079,229,850,0
2025,7568,7568,7578,6361,19711557,16694474,3017083,919492,809146,1288445,3984,161,3823,4035,204,3831,93627
2026,7568,7568,7578,6341,18280008,16144292,2135716,353751,507918,1274047,4260,152,4108,4307,187,4120,0
2027,7568,7568,7578,6510,12754008,11570386,1183622,117609,380571,685442,5260,132,5128,5284,150,5134,0
2028,7568,7568,7578,6341,20435148,18154187,2280961,552852,498729,1229380,3870,165,3705,3917,204,3713,0
2029,7568,7568,7578,6322,13281858,11221363,2060495,799493,435668,825334,3030,178,2852,3072,214,2858,11832209
2030,7568,7568,7578,6928,6504102,5866213,637889,89209,169943,378737,6391,99,6292,6416,116,6300,0
2031,7568,7568,7578,6322,37615482,30015938,7599544,3485277,1468288,2645979,761,197,564,799,232,567,0
2032,7568,7568,7578,6321,17920818,16825192,1095626,433163,255546,406917,4325,165,4160,4375,206,4169,0
2033,7568,7568,7578,6322,37985724,30734761,7250963,3516639,1785877,1948447,694,190,504,730,226,504,0
2034,7568,7568,7578,6902,6647778,6185656,462122,38498,197400,226224,6365,92,6273,6389,108,6281,0
2035,7568,7568,7578,6916,6830136,6095521,734615,118457,169837,446321,6332,99,6233,6356,117,6239,0
2036,7568,7568,7578,6324,23198148,19293150,3904998,1503747,948777,1452474,3370,165,3205,3414,202,3212,0
2037,7568,7568,7578,7272,2758814,2409619,349195,26431,77589,245175,7059,73,6986,7066,73,6993,54220
2038,7568,7568,7578,6322,16663686,13653022,3010664,1801245,591860,617559,1359,194,1165,1399,230,1169,17692457
2039,7568,7568,7578,6323,28476079,24611922,3864157,1333729,744144,1786284,2414,187,2227,2455,224,2231,4925
2040,7568,7568,7578,6322,30899061,26245890,4653171,1914796,1046664,1691711,1976,194,1782,2018,230,1788,2331
2041,7568,7568,7578,6393,14544432,13515713,1028719,57065,232625,739029,4936,140,4796,4989,184,4805,0
2042,7568,7568,7578,7578,0,0,0,0,0,0,7568,46,7522,7578,49,7529,0
2043,7568,7568,7578,6324,10667289,9623299,1043990,188127,278019,577844,4120,162,3958,4164,199,3965,8405199
2044,7568,7568,7578,6349,16373538,14424361,1949177,577414,716033,655730,4605,145,4460,4656,188,4468,0
2045,7568,7568,7578,7438,1276506,1053438,223068,3022,44048,175998,7337,48,7289,7347,54,7293,0
2046,7568,7568,7578,7518,524970,308011,216959,24761,68445,123753,7473,27,7446,7483,32,7451,0
2047,7568,7568,7578,7344,2225703,1875842,349861,31747,96475,221639,7165,70,7095,7168,65,7103,1275
2048,7568,7568,7578,6410,16958457,14644412,2314045,553893,526640,1233512,4400,145,4255,4453,192,4261,548737
2049,7568,7568,7578,7565,110520,69296,41224,5981,12274,22969,7548,50,7498,7557,55,7502,0
2050,7568,7568,7578,6324,19208376,17009999,2198377,390808,728111,1079458,4092,174,3918,4134,207,3927,0
2051,7568,7568,7578,7388,1244207,1078645,165562,1829,37074,126659,7268,66,7202,7270,62,7208,413593
2052,7568,7568,7578,7495,756687,467865,288822,27241,89428,172153,7431,22,7409,7441,27,7414,375
2053,7568,7568,7578,6655,8650534,8122486,528048,18841,119242,389965,5813,114,5699,5834,130,5704,1053126
2054,7568,7568,7578,7578,0,0,0,0,0,0,7568,46,7522,7578,51,7527,0
2055,7568,7568,7578,7578,0,0,0,0,0,0,7568,50,7518,7578,59,7519,0
2056,7568,7568,7578,6703,8924490,8004538,919952,302029,213656,404267,5953,108,5845,5974,124,5850,0
2057,7568,7568,7578,6316,24960942,21610530,3350412,936554,994141,1419717,3051,165,2886,3096,202,2894,0
2058,7568,7568,7578,7504,668646,398581,270065,55546,98106,116413,7447,44,7403,7457,49,7408,0
2059,7568,7568,7578,6583,10466244,9399409,1066835,185230,232404,649201,5674,120,5554,5699,138,5561,0
2060,7568,7568,7578,6310,37981504,29988338,7993166,4512769,1924390,1556007,672,195,477,711,232,479,125792
2061,7568,7568,7578,6880,6680934,6053211,627723,156417,186230,285076,6359,93,6266,6381,105,6276,0
2062,7568,7568,7578,6335,22374774,18588040,3786734,1485281,977378,1324075,3519,174,3345,3565,211,3354,0
2063,7568,7568,7578,7137,4470534,3907208,563326,59670,161714,341942,6759,92,6667,6794,118,6676,0
2064,7568,7568,7578,6337,17548001,15604312,1943689,463004,436981,1043704,4388,171,4217,4432,208,4224,24679
2065,7568,7568,7578,6594,10233173,9429126,804047,64850,237823,501374,5716,120,5596,5740,139,5601,979
2066,7568,7568,7578,6481,14140226,13175126,965100,110187,294309,560604,5005,130,4875,5044,161,4883,22912
2067,7568,7568,7578,7578,0,0,0,0,0,0,7568,46,7522,7578,50,7528,0
2068,7568,7568,7578,7565,98460,63856,34604,1778,10001,22825,7548,42,7506,7557,47,7510,12060
2069,7568,7568,7578,7576,16578,9664,6914,224,1467,5223,7565,40,7525,7575,45,7530,0
2070,7568,7568,7578,6369,12480333,11472002,1008331,150010,318347,539974,4524,146,4378,4574,187,4387,4358040
2071,7568,7568,7578,7207,2242814,2120836,121978,513,21354,100111,6931,75,6856,6952,89,6863,1285284
2072,7568,7568,7578,7537,386820,222114,164706,22757,51507,90442,7498,43,7455,7507,46,7461,0
2073,7568,7568,7578,7512,462694,284777,177917,49867,51271,76779,7458,74,7384,7467,79,7388,145166
2074,7568,7568,7578,7578,0,0,0,0,0,0,7568,34,7534,7578,38,7540,0
2075,7568,7568,7578,7578,0,0,0,0,0,0,7568,47,7521,7578,49,7529,0
2076,7568,7568,7578,6411,13675151,12470467,1204684,208678,254316,741690,5007,135,4872,5062,182,4880,478447
2077,7568,7568,7578,6336,18312210,15782418,2529792,804037,698506,1027249,4226,170,4056,4271,206,4065,155682
2078,7568,7568,7578,6659,9781020,8791642,989378,208104,294985,486289,5798,114,5684,5825,133,5692,0
2079,7568,7568,7578,6604,4448480,4065262,383218,41551,119532,222135,5689,163,5526,5716,183,5533,5966024
2080,7568,7568,7578,7578,0,0,0,0,0,0,7568,27,7541,7578,31,7547,0
2081,7568,7568,7578,7577,5526,3304,2222,333,414,1475,7566,40,7526,7577,44,7533,5526
2082,7568,7568,7578,7578,0,0,0,0,0,0,7568,27,7541,7578,32,7546,0
2083,7568,7568,7578,6351,9907855,8874010,1033845,346580,305623,381642,4772,149,4623,4820,189,4631,5567909
2084,7568,7568,7578,6342,17500842,15526922,1973920,376946,617318,979656,4401,152,4249,4450,192,4258,0
2085,7568,7568,7578,7548,259722,170298,89424,4654,42605,42165,7521,22,7499,7531,27,7504,0
2086,7568,7568,7578,7578,0,0,0,0,0,0,7568,24,7544,7578,30,7548,0
2087,7568,7568,7578,7578,0,0,0,0,0,0,7568,37,7531,7578,41,7537,0
2088,7568,7568,7578,7578,0,0,0,0,0,0,7568,33,7535,7578,35,7543,0
2089,7568,7568,7578,7578,0,0,0,0,0,0,7568,33,7535,7578,38,7540,0
2090,7568,7568,7578,6338,8410081,7652162,757919,213104,195039,349776,4859,146,4713,4911,190,4721,6590797
2091,7568,7568,7578,7061,4525318,4122707,402611,19552,186339,196720,6706,85,6621,6733,104,6629,239198
2092,7568,7568,7578,7578,0,0,0,0,0,0,7568,34,7534,7578,39,7539,0
2093,7568,7568,7578,7578,0,0,0,0,0,0,7568,29,7539,7578,37,7541,0
2094,7568,7568,7578,6998,5172336,4785883,386453,18069,103317,265067,6632,101,6531,6658,120,6538,0
2095,7568,7568,7578,7576,9796,5358,4438,660,1123,2655,7566,26,7540,7575,29,7546,1256
2096,7568,7568,7578,7578,0,0,0,0,0,0,7568,21,7547,7578,19,7559,0
2097,7568,7568,7578,6377,13276385,11899182,1377203,296352,364057,716794,4835,146,4689,4883,186,4697,1834463
2098,7568,7568,7578,6811,4623882,4253287,370595,83265,111406,175924,6256,117,6139,6276,131,6145,2639843
2099,7568,6140,7578,6102,326034,46024,0,0,0,0,6081,99,5982,6078,88,5990,0
