"Year","allMortEgg","baseMortEgg","tempMortEgg","denMortEgg","incMortEgg","superMortEgg","lostMortEgg","catMortEgg","allMortFry","baseMortFry","tempMortFry","denMortFry","habMortFry","freshMortFry","seasMortFry","catMortFry","allMortSF","allMortSM"
2010,32894197,10881289,6858677,0,1250436,7200757,6703038,0,1436807,780510,187294,0,0,0,469003,0,7388,6806
2011,34185678,9686871,5270291,0,3868968,7694986,7664562,0,1048243,650617,7917,0,0,0,389709,0,7378,6096
2012,33496116,11779904,4868950,0,3043077,7637169,6167016,0,1462161,665713,394636,0,0,0,401812,0,7386,6797
2013,34452692,8961069,7854585,0,2566240,7461496,7609302,0,1059408,515490,233453,0,0,0,310465,0,7228,5945
2014,17942714,4582207,2292691,0,271825,4742735,6053256,0,864515,428212,178650,0,0,0,257653,0,4741,3489
2015,12591552,2691802,1299986,0,160243,3146596,5292925,0,277808,151645,35261,0,0,0,90902,0,2754,1699
2016,34370473,9755135,3137192,0,4672653,8964099,7841394,0,1289450,599376,328541,0,0,0,361533,0,7369,6087
2017,14006746,3040553,1550852,0,1056653,3754581,4604107,0,519584,275234,79410,0,0,0,164940,0,5266,3989
2018,33035312,11512774,4289668,0,2759754,7051698,7421418,0,1316044,767345,88194,0,0,0,460505,0,7378,6096
2019,32531383,11161500,4086758,0,3046508,7179915,7056702,0,1385290,845265,33368,0,0,0,506657,0,7387,6815
2020,36067457,10921901,7556275,0,3743086,6662395,7183800,0,917079,390556,290346,0,0,0,236177,0,7377,6095
2021,22883407,4843726,1820369,0,2816096,6191786,7211430,0,634640,378699,29132,0,0,0,226809,0,4745,3480
2022,32635447,9947323,4682282,0,4152762,6680332,7172748,0,1371312,843528,22227,0,0,0,505557,0,7343,6061
2023,28915031,7564174,3126365,0,5330208,6257558,6636726,0,1236628,705631,107524,0,0,0,423473,0,6365,5788
2024,32344795,10540247,5721650,0,2084585,6709519,7288794,0,1495369,782277,242589,0,0,0,470503,0,7252,5970
2025,32780893,10855258,3900249,0,3275526,7234500,7515360,0,1332014,764797,108303,0,0,0,458914,0,7299,6018
2026,24028219,7904096,3033520,0,1197239,5909397,5983967,0,1082475,567099,174657,0,0,0,340719,0,7366,6084
2027,35331899,10776958,8146968,0,1226266,7495041,7686666,0,937045,421338,261375,0,0,0,254332,0,7378,6096
2028,61299,40420,15220,0,5659,0,0,0,7231,3634,1575,0,0,0,2022,0,17,7
2029,24521935,6817574,2690740,0,1424397,6323238,7265986,0,1021702,579099,94983,0,0,0,347620,0,5527,4252
2030,32164680,11084400,5511283,0,998745,7049366,7520886,0,1286577,785411,30433,0,0,0,470733,0,7276,6714
2031,33650540,9699982,7979912,0,2028168,7200758,6741720,0,1332530,704796,203979,0,0,0,423755,0,7373,6764
2032,33330161,10200245,5305181,0,3804271,6925080,7095384,0,1276750,798498,0,0,0,0,478252,0,7383,6815
2033,32044073,10983789,4661001,0,2326360,7215157,6857766,0,1572976,913576,111169,0,0,0,548231,0,7412,6850
2034,27142908,9258985,4365987,0,1306908,5867105,6343923,0,1532888,766531,304795,0,0,0,461562,0,7378,6096
2035,9933437,2066483,1183028,0,254844,2246816,4182266,0,368309,206563,38148,0,0,0,123598,0,2699,1666
2036,413383,264132,146403,0,2848,0,0,0,71276,33463,17943,0,0,0,19870,0,121,47
2037,17040818,3192329,1430345,0,707951,4638687,7071506,0,662126,370480,69543,0,0,0,222103,0,4007,2755
2038,31545239,8660519,4194854,0,4915602,6637679,7136585,0,1149436,698071,33177,0,0,0,418188,0,7376,6095
2039,30746089,9522303,5425189,0,1262558,7059361,7476678,0,1069580,553419,183372,0,0,0,332789,0,6649,5366
2040,7738,5628,1911,0,199,0,0,0,797,318,326,0,0,0,153,0,7,3
2041,12229558,2083714,1145020,0,264066,2818412,5918346,0,298006,171450,24077,0,0,0,102479,0,2484,1415
2042,28378383,9875825,4560657,0,1499094,5979212,6463595,0,1680885,914161,217441,0,0,0,549283,0,7381,6820
2043,16937661,3764205,2106181,0,1182911,4224474,5659890,0,697777,356236,127592,0,0,0,213949,0,4031,2874
2044,31768654,9812898,6645201,0,1172488,7352139,6785928,0,1496731,698450,377120,0,0,0,421161,0,7030,6444
2045,0,0,0,0,0,0,0,0,0,0,0,0,0,0,0,0,0,0
2046,3459,1778,361,0,1320,0,0,0,143,64,46,0,0,0,33,0,1,0
2047,33783862,9075258,6886052,0,4630169,6085947,7106436,0,1291273,752776,87008,0,0,0,451489,0,7378,6096
2048,31789620,10419619,4814416,0,2819606,6568757,7167222,0,1601780,938219,100687,0,0,0,562874,0,7379,6821
2049,9770654,3064943,978759,0,1003686,2137098,2586168,0,620803,359984,45209,0,0,0,215610,0,2285,1973
2050,24400355,7830149,4068016,0,881184,5370717,6250289,0,1258695,770657,26242,0,0,0,461796,0,7230,5946
2051,22511282,5556694,4013562,0,1488003,5374477,6078546,0,1027150,641213,1869,0,0,0,384068,0,5799,5208
2052,34062296,11398591,5238521,0,3533919,7558469,6332796,0,1266089,668009,196562,0,0,0,401518,0,7387,6789
2053,24369075,8049344,3375678,0,1814512,5381955,5747586,0,1232089,638362,209846,0,0,0,383881,0,7377,6096
2054,0,0,0,0,0,0,0,0,0,0,0,0,0,0,0,0,0,0
2055,33082596,9983004,3999872,0,4782492,7039486,7277742,0,1296563,810828,0,0,0,0,485735,0,7377,6096
2056,24755855,7390376,4096785,0,3277411,5248060,4743223,0,1240453,577972,314119,0,0,0,348362,0,7387,6791
2057,824228,299648,143740,0,41455,331096,8289,0,65585,30187,17641,0,0,0,17757,0,393,196
2058,56309,39698,16093,0,518,0,0,0,12461,6038,3038,0,0,0,3385,0,18,7
2059,28516655,6216348,4877069,0,3214019,6724811,7484408,0,697768,311081,199041,0,0,0,187646,0,5834,4555
2060,132876,95990,36886,0,0,0,0,0,33538,14684,10154,0,0,0,8700,0,57,25
2061,2586949,473649,362630,0,174034,1102928,473708,0,73259,39450,10522,0,0,0,23287,0,570,265
2062,33084196,9678945,5257896,0,2854688,7722047,7570620,0,1540904,762817,318688,0,0,0,459399,0,7374,6093
2063,0,0,0,0,0,0,0,0,0,0,0,0,0,0,0,0,0,0
2064,34577873,9297701,5848976,0,5302289,6757223,7371684,0,1128817,626641,125933,0,0,0,376243,0,7348,6066
2065,4888251,1030006,471563,0,307274,1528528,1550880,0,251559,148987,13746,0,0,0,88826,0,1382,1084
2066,29163284,7991898,5165362,0,2502666,6381679,7121679,0,1739892,846179,383701,0,0,0,510012,0,7113,6552
2067,0,0,0,0,0,0,0,0,0,0,0,0,0,0,0,0,0,0
2068,0,0,0,0,0,0,0,0,0,0,0,0,0,0,0,0,0,0
2069,0,0,0,0,0,0,0,0,0,0,0,0,0,0,0,0,0,0
2070,37867,20661,11515,0,5691,0,0,0,3982,2650,334,0,0,0,998,0,26,11
2071,33163689,9124791,6077148,0,4316017,6356939,7288794,0,1478009,803346,191925,0,0,0,482738,0,7362,6081
2072,24524403,5808029,5462839,0,2106596,4973692,6173247,0,1389386,654218,340838,0,0,0,394330,0,6797,5517
2073,11040583,2177480,1386154,0,461127,2622342,4393480,0,508516,249491,109225,0,0,0,149800,0,3671,2460
2074,21312753,6212105,3644253,0,878883,4840595,5736917,0,1240015,518824,407375,0,0,0,313816,0,6321,5041
2075,0,0,0,0,0,0,0,0,0,0,0,0,0,0,0,0,0,0
2076,0,0,0,0,0,0,0,0,0,0,0,0,0,0,0,0,0,0
2077,0,0,0,0,0,0,0,0,0,0,0,0,0,0,0,0,0,0
2078,10518854,2440826,1630051,0,798435,2662108,2987434,0,433450,186148,135484,0,0,0,111818,0,7376,6095
2079,0,0,0,0,0,0,0,0,0,0,0,0,0,0,0,0,0,0
2080,6666500,1245529,808061,0,623496,1695451,2293963,0,232487,136798,14341,0,0,0,81348,0,5103,4548
2081,23021409,6367901,3979201,0,2060438,5087981,5525888,0,1244878,672246,168867,0,0,0,403765,0,7172,6600
2082,2798890,468758,382324,0,82166,1034618,831024,0,113808,50127,33971,0,0,0,29710,0,1019,470
2083,6308608,1007754,661948,0,146702,1616920,2875284,0,243365,132857,31217,0,0,0,79291,0,1800,951
2084,2111984,221545,247922,0,139175,584206,919136,0,23642,15451,0,0,0,0,8191,0,4804,3543
2085,3542567,693297,449504,0,457834,973845,968087,0,138210,85862,2019,0,0,0,50329,0,7273,6676
2086,10044707,2152056,2044666,0,1912001,1828810,2107174,0,329384,154694,82337,0,0,0,92353,0,7283,6703
2087,10946892,2261313,2016591,0,299116,2223938,4145934,0,554922,228183,189315,0,0,0,137424,0,2849,1850
2088,0,0,0,0,0,0,0,0,0,0,0,0,0,0,0,0,0,0
2089,3629392,551915,755725,0,105504,860781,1355467,0,121150,61883,22648,0,0,0,36619,0,1578,849
2090,1591055,202764,178911,0,76789,523991,608600,0,52151,22700,16462,0,0,0,12989,0,1255,602
2091,0,0,0,0,0,0,0,0,0,0,0,0,0,0,0,0,53,22
2092,504,280,165,0,59,0,0,0,20,5,13,0,0,0,2,0,1,0
2093,0,0,0,0,0,0,0,0,0,0,0,0,0,0,0,0,0,0
2094,0,0,0,0,0,0,0,0,0,0,0,0,0,0,0,0,0,0
2095,0,0,0,0,0,0,0,0,0,0,0,0,0,0,0,0,5,1
2096,0,0,0,0,0,0,0,0,0,0,0,0,0,0,0,0,0,0
2097,0,0,0,0,0,0,0,0,0,0,0,0,0,0,0,0,0,0
2098,0,0,0,0,0,0,0,0,0,0,0,0,0,0,0,0,0,0
2099,53427,8364,43529,0,1534,0,0,0,0,0,0,0,0,0,0,0,105,62
