"Year","AFem","AFemDeath","AMal","AMalDeath","Eggs","EggsDeath","FryGrad","FryExit","FryDeath","FryInStr","allMortAF","baseMortAF","tempMortAF","allMortAM","baseMortAM","tempMortAM","InVivo"
2010,7568,7568,7578,7020,40826088,32894197,7931891,4056891,1436807,2438193,180,180,0,214,214,0,0
2011,7568,7568,7578,6322,40770828,34185678,6585150,3389262,1048243,2147645,190,190,0,226,226,0,0
2012,7568,7568,7578,7012,40815036,33496116,7318920,2884229,1462161,2972530,182,182,0,215,215,0,0
2013,7568,7568,7578,6323,39941928,34452692,5489236,2466629,1059408,1963199,340,198,142,378,236,142,0
2014,7568,7568,7578,6359,21867563,17942714,3924849,1738549,864515,1321785,2827,178,2649,2870,216,2654,4333111
2015,7568,7568,7578,6531,14146718,12591552,1555166,214170,277808,1063188,4814,118,4696,4832,131,4701,1075197
2016,7568,7568,7578,6322,40721094,34370473,6350621,3071488,1289450,1989683,199,192,7,235,228,7,0
2017,7568,7568,7578,6336,16509994,14006746,2503248,1230891,519584,752773,2302,174,2128,2347,213,2134,12621200
2018,7568,7568,7578,6322,40770828,33035312,7735516,3922879,1316044,2496593,190,190,0,226,226,0,0
2019,7568,7568,7578,7028,40820562,32531383,8289179,4230151,1385290,2673738,181,181,0,213,213,0,0
2020,7568,7568,7578,6322,40765302,36067457,4697845,1548817,917079,2231949,191,191,0,227,227,0,0
2021,7568,7568,7578,6343,26220870,22883407,3337463,1457230,634640,1245593,2823,179,2644,2863,215,2648,0
2022,7568,7568,7578,6322,40577418,32635447,7941971,4545133,1371312,2025526,225,194,31,261,230,31,0
2023,7568,7568,7578,7031,35172990,28915031,6257959,3517771,1236628,1503560,1203,174,1029,1243,213,1030,0
2024,7568,7568,7578,6323,40074552,32344795,7729757,4009417,1495369,2224971,316,197,119,353,235,118,0
2025,7568,7568,7578,6322,40334274,32780893,7553381,3893501,1332014,2327866,269,193,76,304,229,75,0
2026,7568,7568,7578,6322,29879897,24028219,5851678,2819356,1082475,1949847,202,192,10,238,227,11,10845516
2027,7568,7568,7578,6322,40606929,35331899,5275030,1823552,937045,2514433,190,190,0,226,226,0,163899
2028,7568,7568,7578,7567,93942,61299,32643,1248,7231,24164,7551,46,7505,7560,52,7508,0
2029,7568,7568,7578,6336,30011964,24521935,5490029,2581125,1021702,1887202,2041,179,1862,2084,219,1865,530238
2030,7568,7568,7578,7032,40207176,32164680,8042496,4024248,1286577,2731671,292,190,102,318,216,102,0
2031,7568,7568,7578,6991,40743198,33650540,7092658,3536582,1332530,2223546,195,182,13,227,214,13,0
2032,7568,7568,7578,7029,40798458,33330161,7468297,4470167,1276750,1721380,185,185,0,214,214,0,0
2033,7568,7568,7578,7050,40958712,32044073,8914639,4764925,1572976,2576738,156,156,0,200,200,0,0
2034,7568,7568,7578,6322,34885462,27142908,7742554,4323784,1532888,1885882,190,190,0,226,226,0,5898022
2035,7568,7568,7578,6562,11661322,9933437,1727885,544120,368309,815456,4869,159,4710,4896,182,4714,3264402
2036,7568,7568,7578,7504,668646,413383,255263,30660,71276,153327,7447,55,7392,7457,59,7398,0
2037,7568,7568,7578,6364,20032102,17040818,2991284,1506586,662126,822572,3561,168,3393,3609,209,3400,2114946
2038,7568,7568,7578,6322,38101923,31545239,6556684,3746332,1149436,1660916,192,192,0,227,227,0,2661298
2039,7568,7568,7578,6324,36742374,30746089,5996285,2393892,1069580,2532813,919,199,720,958,238,720,0
2040,7568,7568,7578,7574,13335,7738,5597,974,797,3826,7561,32,7529,7571,38,7533,25347
2041,7568,7568,7578,6523,13726584,12229558,1497026,257323,298006,941697,5084,112,4972,5108,128,4980,0
2042,7568,7568,7578,7033,37422182,28378383,9043799,5624416,1680885,1738498,187,187,0,213,213,0,3373258
2043,7568,7568,7578,6455,20013298,16937661,3075637,1245953,697777,1131907,3537,140,3397,3581,183,3398,2267232
2044,7568,7568,7578,7018,38847780,31768654,7079126,3515358,1496731,2067037,538,186,352,574,221,353,0
2045,7568,7568,7578,7578,0,0,0,0,0,0,7568,29,7539,7578,33,7545,0
2046,7568,7568,7578,7578,4597,3459,1138,99,143,896,7567,39,7528,7578,42,7536,929
2047,7568,7568,7578,6322,40770828,33783862,6986966,4040799,1291273,1654894,190,190,0,226,226,0,0
2048,7568,7568,7578,7034,40776354,31789620,8986734,5249743,1601780,2135211,189,189,0,213,213,0,0
2049,7568,7568,7578,7275,12626810,9770654,2856156,1413242,620803,822111,5283,99,5184,5302,109,5193,100
2050,7568,7568,7578,6322,31752711,24400355,7352356,4516063,1258695,1577598,338,192,146,376,228,148,8216370
2051,7568,7568,7578,7011,27964975,22511282,5453693,3170836,1027150,1255707,1769,189,1580,1803,219,1584,5299420
2052,7568,7568,7578,7004,40814237,34062296,6751941,3169611,1266089,2316241,181,181,0,215,215,0,6325
2053,7568,7568,7578,6322,30808027,24369075,6438952,3395088,1232089,1811775,191,191,0,226,226,0,9978072
2054,7568,7568,7578,7578,0,0,0,0,0,0,7568,24,7544,7578,29,7549,0
2055,7568,7568,7578,6322,40765302,33082596,7682706,4516271,1296563,1869872,191,191,0,226,226,0,0
2056,7568,7568,7578,7006,30370645,24755855,5614790,2876142,1240453,1498195,181,181,0,215,215,0,10472196
2057,7568,7568,7578,7376,1069334,824228,245106,23439,65585,156082,7175,101,7074,7180,102,7078,1105147
2058,7568,7568,7578,7567,99468,56309,43159,8156,12461,22542,7550,16,7534,7560,21,7539,0
2059,7568,7568,7578,6326,31792908,28516655,3276253,1310125,697768,1268360,1734,198,1536,1771,235,1536,445776
2060,7568,7568,7578,7544,239736,132876,106860,22636,33538,50686,7511,54,7457,7519,58,7461,75246
2061,7568,7568,7578,7271,2908947,2586949,321998,26137,73259,222602,6998,71,6927,7006,71,6935,242004
2062,7568,7568,7578,6322,40748724,33084196,7664528,4306249,1540904,1817375,194,192,2,229,227,2,0
2063,7568,7568,7578,7578,0,0,0,0,0,0,7568,27,7541,7578,32,7546,0
2064,7568,7568,7578,6322,40564580,34577873,5986707,3490974,1128817,1366916,220,197,23,256,232,24,40468
2065,7568,7568,7578,7296,5936921,4888251,1048670,375738,251559,421373,6186,109,6077,6212,135,6077,1706041
2066,7568,7568,7578,7033,36890531,29163284,7727247,4887161,1739892,1100194,455,203,252,481,228,253,2418514
2067,7568,7568,7578,7578,0,0,0,0,0,0,7568,36,7532,7578,39,7539,0
2068,7568,7568,7578,7578,0,0,0,0,0,0,7568,30,7538,7578,34,7544,0
2069,7568,7568,7578,7578,0,0,0,0,0,0,7568,12,7556,7578,15,7563,0
2070,7568,7568,7578,7562,58882,37867,21015,4311,3982,12722,7542,46,7496,7551,49,7502,84794
2071,7568,7568,7578,6322,40682062,33163689,7518373,4765161,1478009,1275203,206,194,12,241,229,12,350
2072,7568,7568,7578,6323,30327887,24524403,5803484,3692952,1389386,721146,771,190,581,806,226,580,7244622
2073,7568,7568,7578,6409,13055676,11040583,2015093,904712,508516,601865,3897,148,3749,3949,192,3757,7254262
2074,7568,7568,7578,6324,26408882,21312753,5096129,2551994,1240015,1304120,1247,199,1048,1283,234,1049,8542261
2075,7568,7568,7578,7578,0,0,0,0,0,0,7568,46,7522,7578,50,7528,0
2076,7568,7568,7578,7578,0,0,0,0,0,0,7568,35,7533,7578,44,7534,0
2077,7568,7568,7578,7578,0,0,0,0,0,0,7568,14,7554,7578,15,7563,0
2078,7568,7568,7578,6322,12326866,10518854,1808012,901910,433450,472652,192,192,0,227,227,0,28495082
2079,7568,7568,7578,7578,0,0,0,0,0,0,7568,19,7549,7578,23,7555,0
2080,7568,7568,7578,7049,7764812,6666500,1098312,621125,232487,244700,2465,174,2291,2501,202,2299,20485711
2081,7568,7568,7578,7027,29056063,23021409,6034654,3686665,1244878,1103111,396,195,201,427,227,200,10596976
2082,7568,7568,7578,7046,3187761,2798890,388871,68767,113808,206296,6549,148,6401,6576,166,6410,2451898
2083,7568,7568,7578,6728,7269766,6308608,961158,330024,243365,387769,5768,97,5671,5777,98,5679,2682962
2084,7568,7568,7578,6349,2234830,2111984,122846,44335,23642,54869,2764,181,2583,2806,218,2588,24383302
2085,7568,7568,7578,7004,4225144,3542567,682577,442139,138210,102228,295,194,101,328,227,101,36042938
2086,7568,7568,7578,7026,11401185,10044707,1356478,841026,329384,186068,285,180,105,323,218,105,28909531
2087,7568,7568,7578,6594,12888025,10946892,1941133,722752,554922,663459,4719,127,4592,4744,147,4597,2864589
2088,7568,7568,7578,7578,0,0,0,0,0,0,7568,42,7526,7578,45,7533,0
2089,7568,7568,7578,6862,4104263,3629392,474871,123619,121150,230102,5990,101,5889,6013,117,5896,4635806
2090,7568,7568,7578,6941,1758196,1591055,167141,44675,52151,70315,6313,104,6209,6339,125,6214,5201498
2091,7568,7568,7578,7544,0,0,0,0,0,0,7515,50,7465,7522,54,7468,292878
2092,7568,7568,7578,7578,678,504,174,0,20,154,7567,38,7529,7578,43,7535,4848
2093,7568,7568,7578,7578,0,0,0,0,0,0,7568,34,7534,7578,39,7539,0
2094,7568,7568,7578,7578,0,0,0,0,0,0,7568,25,7543,7578,28,7550,0
2095,7568,7568,7578,7575,0,0,0,0,0,0,7563,52,7511,7574,58,7516,27630
2096,7568,7568,7578,7578,0,0,0,0,0,0,7568,42,7526,7578,46,7532,0
2097,7568,7568,7578,7578,0,0,0,0,0,0,7568,35,7533,7578,40,7538,0
2098,7568,7568,7578,7578,0,0,0,0,0,0,7568,35,7533,7578,38,7540,0
2099,7568,4909,7578,4877,185938,53427,0,0,0,0,4804,154,4650,4815,158,4657,12545938
