"cnrmcm3","gfdlcm21","miroc32med","mpiecham5","ncarccsm3","ncarpcm1"
0.100956731999175,0.0806594324593142,0.110951721756561,0.199186332621884,0.157011893879083,0.108362631364449
0.0931878464423945,0.0705597877569376,0.0846696852178024,0.142521577333305,0.126637579591795,0.0929247011822586
0.0998189007942718,0.129763831972573,0.169061722857619,0.094072130182369,0.10847456364799,0.195206905838353
0.12833464584655,0.200956360925135,0.148545111630915,0.184910408717577,0.176510646761166,0.200336703015074
0.0990382121611433,0.139294131750371,0.142886407866435,0.076952493540258,0.22757799042336,0.149411694749928
0.118995391838572,0.145614727686567,0.0894875930123046,0.074816351322201,0.085992503773766,0.137853601972288
0.11520332264284,0.0931730742305186,0.183927210171661,0.0852641662081186,0.0706210480396545,0.105622443286086
0.150429513164394,0.242732432802585,0.125189601715467,0.0622346904737341,0.0730850915538748,0.060566135584139
0.0567145536097185,0.0893374806364678,0.125298869381058,0.121043757339303,0.115391989640336,0.119815183464269
0.187303517784011,0.0454208617085728,0.0687078793075748,0.115796730292776,0.0712857792704628,0.133779511912811
0.0859683849416901,0.194530185899257,0.11473729833855,0.165173233328053,0.186045020575172,0.0618277235034017
0.193092021288798,0.104869084388101,0.121024813395199,0.0542731182805665,0.135993319268636,0.160836940765815
0.0962491318090675,0.0813232130377114,0.0565660858387504,0.0852743590961842,0.0417285926424099,0.141407368515112
0.0940576219284487,NA,0.163106835778824,0.0918081705827518,0.0746521331956399,0.160009652068167
0.0597617815285572,0.14340079113867,0.133141347386482,0.133031366526667,0.146833058867706,0.0819719585476182
0.123568822160501,0.0612000122405125,0.0730031260692966,0.115866396685833,0.0521737985016217,0.188210989224254
0.0899206137973073,0.137584850408407,0.0926034748264167,0.101639414470188,0.112527407421414,0.286304398417501
0.0977234213972329,0.15970309021588,0.0913842758967942,0.219491513309543,0.131350396496469,0.0950244197776699
0.213447490043235,0.335655799684577,0.0896672911506829,0.2485898709885,0.0771553778464533,0.108397149136251
0.0402232336608762,0.0550885575046535,0.076627770547802,0.0611484434732693,0.0559452665412078,0.119683470164114
0.128088393733771,0.0745611519608806,NA,0.143455388411796,NA,0.140986770095737
0.15948719354485,0.237160258158349,0.118273220185625,0.207591734731726,0.0609704781047546,0.148108471727599
0.0685622388000797,NA,0.0727246101149248,0.150820315789487,0.12271908123748,0.137813918588698
0.178888822130859,0.0665357451352427,0.173490690036579,0.134962503405091,0.125537848987234,0.121399311186387
0.0842579976952674,0.217111232467105,0.122804963406969,0.147352457661114,0.0760944675974058,0.165190765358869
0.112132094020976,0.168967260776134,0.198256803801489,0.183734803010698,0.0880459160149343,0.106008254727539
0.23594435514216,0.197767682236984,0.047851934352308,0.352654961995504,0.0952994619529887,0.109160823360009
0.0718773407246854,0.0983221489829005,0.0868676551684737,0.0670901870678842,0.0821100926224716,0.137137318513242
0.109454176951904,0.102296429344726,0.0923489842207776,0.131685335171944,0.232400533277566,0.105168453257913
0.0660495505993568,0.33685296919657,0.0691832211666336,0.103655752519338,0.09605723252067,0.0900259514617464
0.123984236722303,NA,0.125149659073885,0.222488038277512,0.0890091971575144,0.0982490716944512
0.102459077720024,0.153350478292407,0.0638689232406246,0.079975591594445,NA,0.102710139194571
0.227816805036037,NA,0.0810068327323277,0.14544103164618,NA,0.18446742960182
0.0565958517545628,0.140374130902186,0.0632146727619802,0.0919447484888952,NA,0.062784869305967
0.202864714456075,0.092379213096552,0.173580718732664,0.13415241993937,0.088338293358521,0.0777780452512185
NA,0.11553138477182,NA,NA,0.0643991645291617,0.141074885985288
0.101480122375911,0.0909061238241131,0.0961846626140021,NA,0.0581126677207356,0.079575960257519
0.068322160570571,0.115482854840367,0.106580205773345,0.176272279226025,0.0653690150120486,0.0752203255593336
0.0620890109770795,0.107069695713056,0.119813205483232,0.118026091171042,0.0679238177270105,0.103688037320426
0.0644661659283428,0.0587358481846244,NA,0.0679610150140535,0.0806160524432593,0.146017465284542
0.143714339124509,0.380985300603998,NA,0.115504838812798,0.064635989112789,0.341739279002221
0.151244861964615,0.0793247743600082,0.0697664140547619,0.0955866154489333,0.129962590459965,0.26295695045695
0.0742539666158773,0.199923711939082,0.0609826776275868,0.137020947476541,0.16183625233599,0.341953301531509
0.0950804556327137,0.106859549858328,0.078393395965777,0.120009005340908,0.116667588602195,0.226038007549146
0.190346083788707,0.141633984216256,0.0696319885273214,NA,0.12399164490565,0.088957992520759
0.0975111430193884,0.373709899121683,0.0598933656965179,0.0792859227887033,0.0543180571842555,0.197691408938404
0.141959477258093,NA,0.0800039927177069,0.146699527682612,0.0995406649181185,0.136873188275057
0.111086663251982,0.0537480605617146,0.0628119232934085,0.174223582284636,0.0792958040051949,0.103629619160639
0.207078582070837,0.096330166959663,0.394990918650225,0.27192331278443,NA,0.0682877649881749
NA,0.0857770005348102,NA,0.111697159027389,NA,0.132237400545099
NA,0.13040191153045,NA,0.276180901209744,0.167112191170514,0.0658428169756714
NA,0.110681560941206,0.0944466356983298,0.139530858803959,0.059310002579983,0.104724007217214
NA,NA,0.0575410900069635,0.131698746109624,0.0911518468608342,0.177886788576335
0.192573200736488,NA,0.166609947375301,NA,0.109249467685143,0.077680848782418
0.0997693623986311,0.120867535484539,0.0878832970179213,0.16241619836393,NA,0.102133473587763
0.101559922226125,NA,NA,0.123330296164297,0.277023075553938,0.119795138691331
NA,0.0746817815845845,NA,0.124419289581577,0.175273101014992,0.10070113565414
0.125282508338056,NA,0.269319664720826,NA,NA,0.0978652687386023
NA,0.335470085470085,0.122573089383023,NA,NA,0.0933444647609914
NA,NA,0.108622917014765,NA,0.260795454545455,0.0507282012194977
NA,0.30715290280136,NA,0.261085972850679,0.0649450911894945,0.0947099975444612
0.378691575779714,0.265641293013556,0.351528606537114,0.143180243481283,0.206981231362919,0.198832859494239
NA,0.242313729212796,NA,0.11288640396287,NA,0.0572545070268221
0.260990223189326,0.0719243644136201,NA,0.0909914126409182,0.0443577431453316,0.123610057730758
0.258480669994078,0.336384439359268,NA,0.10586461158047,NA,0.0848325901292419
0.379327191513121,NA,NA,NA,NA,0.066288384629114
0.070983984250064,NA,NA,NA,0.0807994855835048,0.0686497082479505
0.102564900456174,NA,NA,NA,NA,0.165714776431289
0.0918227531483519,NA,NA,0.0985417328051457,0.379634300832969,0.307397169850241
0.145302444060634,NA,NA,NA,NA,0.236491487786825
0.307787040220989,NA,0.324501701507049,0.0740665621226443,0.212027488345975,0.0752692278787147
NA,NA,0.267778947951887,0.11800866591085,0.103999449554534,0.0944245397024325
NA,NA,0.150139731626947,0.133992135365654,NA,0.0997246464936521
NA,NA,0.133829558522774,0.112145163782599,0.327284826974268,0.162586896447629
0.0857168317313195,NA,0.323678214189163,0.0949505775287827,NA,NA
0.126063775083881,NA,0.377156236560852,0.070431491040696,NA,NA
NA,NA,NA,0.137986883132812,NA,0.0692407909119772
NA,NA,NA,0.13802219018822,0.0969333021161392,NA
0.298750709823964,NA,NA,NA,0.324393887053535,0.0787692165719686
NA,0.183908045977011,NA,0.364376955830298,NA,0.087403979922649
NA,NA,0.170714026821312,0.207246043049652,NA,0.074967656947352
0.0640390585534995,NA,0.341412113389741,NA,NA,0.0774989713235281
0.208273660823715,NA,NA,NA,NA,0.121679213634925
0.19829965669863,NA,NA,NA,NA,0.0868667510868794
NA,NA,NA,NA,NA,0.188999462821131
NA,NA,NA,NA,NA,0.219643461317644
NA,NA,NA,NA,NA,NA
NA,NA,NA,NA,NA,NA
NA,NA,0.226968852894728,NA,0.100238041427348,NA
0.85687815369344,NA,NA,0.831692296345466,NA,NA
