"Year","AFem","AFemDeath","AMal","AMalDeath","Eggs","EggsDeath","FryGrad","FryExit","FryDeath","FryInStr","allMortAF","baseMortAF","tempMortAF","allMortAM","baseMortAM","tempMortAM","InVivo"
2010,7568,7568,7578,6310,40337154,32431548,7905606,3833077,1469275,2603254,185,185,0,226,226,0,461354
2011,7568,7568,7578,6322,40770828,32754265,8016563,4382734,1466109,2167720,190,190,0,226,226,0,0
2012,7568,7568,7578,6266,40815036,33206401,7608635,4103353,1486177,2019105,182,182,0,226,226,0,0
2013,7568,7568,7578,6326,31668430,28551313,3117117,663138,431471,2022508,1428,193,1235,1464,225,1239,2264192
2014,7568,7568,7578,6324,27191528,24422667,2768861,761892,420157,1586812,995,195,800,1032,233,799,9151992
2015,7568,7568,7578,6322,40748724,35642915,5105809,1782416,966447,2356946,194,191,3,230,227,3,0
2016,7568,7568,7578,6323,31056347,25849826,5206521,1903419,1038622,2264480,1029,191,838,1065,225,840,5088385
2017,7568,7568,7578,6809,7331590,6740586,591004,48317,108212,434475,6008,113,5895,6026,122,5904,1294598
2018,7568,7568,7578,6266,40792932,35343138,5449794,1954656,987979,2507159,186,183,3,230,227,3,0
2019,7568,7568,7578,6309,40798458,33613148,7185310,3103359,1321789,2760162,185,185,0,226,226,0,0
2020,7568,7568,7578,6406,19407292,18001742,1405550,419258,260604,725688,4056,137,3919,4111,181,3930,20
2021,7568,7568,7578,6322,27470208,22597790,4872418,2415857,943426,1513135,190,190,0,226,226,0,13328828
2022,7568,7568,7578,6322,40770828,32853962,7916866,3542602,1386347,2987917,190,190,0,226,226,0,0
2023,7568,7568,7578,6322,40501044,33924876,6576168,2588822,1105220,2882126,193,192,1,229,228,1,253206
2024,7568,7568,7578,6280,38715156,28778104,9937052,6906901,1775112,1255039,562,190,372,603,233,370,0
2025,7568,7568,7578,6313,40654782,34781979,5872803,2190526,1145274,2537003,211,197,14,247,233,14,0
2026,7568,7568,7578,7571,66312,41631,24681,1680,5663,17338,7556,60,7496,7567,63,7504,0
2027,7568,7568,7578,6324,34570656,29053406,5517250,2734181,1012675,1770394,1312,190,1122,1351,228,1123,0
2028,7568,7568,7578,6288,34206327,30985635,3220692,2046934,607501,566257,181,181,0,227,227,0,6627894
2029,7568,7568,7578,6313,40577418,31947313,8630105,5162466,1676299,1791340,225,194,31,262,231,31,0
2030,7568,7568,7578,6266,40809510,31618451,9191059,6007101,1917929,1266029,183,182,1,227,226,1,0
2031,7568,7568,7578,6322,40698990,31731765,8967225,5298782,1699649,1968794,203,191,12,239,227,12,0
2032,7568,7568,7578,6322,40638204,34709215,5928989,2382353,923682,2622954,214,194,20,250,230,20,0
2033,7568,7568,7578,6319,40739894,34738553,6001341,3209285,1036556,1755500,192,191,1,228,227,1,19882
2034,7568,7568,7578,6312,40798458,34402957,6395501,3076159,1062389,2256953,185,185,0,226,226,0,0
2035,7568,7568,7578,6290,37104729,30062123,7042606,3357439,1187849,2497318,182,182,0,227,227,0,3716132
2036,7568,7568,7578,6310,31909403,26792948,5116455,2380977,810300,1925178,194,191,3,231,228,3,8856325
2037,7568,7568,7578,6294,40815036,33598194,7216842,2936639,1173511,3106692,182,182,0,228,228,0,0
2038,7568,7568,7578,7203,4194234,3703093,491141,12828,113686,364627,6809,98,6711,6835,118,6717,0
2039,7568,7568,7578,6300,28462420,25841311,2621109,736817,458153,1426139,2399,178,2221,2448,221,2227,101474
2040,7568,7568,7578,6322,29234241,24516071,4718170,2236004,815202,1666964,190,190,0,226,226,0,11561052
2041,7568,7568,7578,6323,34997166,30844690,4152476,2125444,720539,1306493,247,194,53,283,231,52,5470036
2042,7568,7568,7578,6277,40815036,33699613,7115423,3402014,1427456,2285953,182,182,0,226,226,0,0
2043,7568,7568,7578,6530,7691300,6976084,715216,61359,173773,480084,5015,116,4899,5039,131,4908,6441186
2044,7568,7568,7578,6311,18076054,16626197,1449857,697381,316390,436086,3479,165,3314,3529,209,3320,4533072
2045,7568,7568,7578,6290,37879768,32556062,5323706,2151396,1044610,2127700,181,181,0,227,227,0,2943326
2046,7568,7568,7578,6322,40538736,32082110,8456626,4242836,1566148,2647642,232,193,39,269,229,40,0
2047,7568,7568,7578,6322,40544262,31278686,9265576,5530048,1878656,1856872,231,195,36,267,230,37,0
2048,7568,7568,7578,6309,40271880,33792242,6479638,3885037,1110643,1483958,199,190,9,238,229,9,449214
2049,7568,7568,7578,6290,40820562,32038843,8781719,5339939,1868900,1572880,181,181,0,227,227,0,0
2050,7568,7568,7578,7556,115203,79762,35441,3579,9838,22024,7535,37,7498,7544,40,7504,67155
2051,7568,7568,7578,7539,342612,216955,125657,6975,27670,91012,7506,35,7471,7516,39,7477,0
2052,7568,7568,7578,7573,38682,28009,10673,163,2316,8194,7561,69,7492,7570,73,7497,0
2053,7568,7568,7578,7403,1441820,1182523,259297,3292,55701,200304,7265,48,7217,7275,54,7221,232558
2054,7568,7568,7578,6322,40754250,33448510,7305740,4263925,1395124,1646691,193,190,3,229,226,3,0
2055,7568,7568,7578,6322,38421181,32113945,6307236,3025102,1263469,2018665,191,191,0,227,227,0,2347791
2056,7568,7568,7578,7428,1392552,1081282,311270,27415,69429,214426,7316,55,7261,7324,55,7269,0
2057,7568,7568,7578,6312,26156862,22599613,3557249,2557399,673438,326412,187,187,0,226,226,0,14662295
2058,7568,7568,7578,6267,37560222,30120449,7439773,3657582,1226486,2555705,771,182,589,816,226,590,0
2059,7568,7568,7578,6322,40743198,33021546,7721652,3482882,1452974,2785796,195,191,4,231,227,4,0
2060,7568,7568,7578,6324,33642735,27558344,6084391,3509673,1051922,1522796,825,192,633,863,228,635,3625458
2061,7568,7568,7578,6313,40779607,37428235,3351372,2125196,647228,578948,186,186,0,226,226,0,13325
2062,7568,7568,7578,6320,40595377,34060492,6534885,2842666,1331212,2361007,194,193,1,229,228,1,153347
2063,7568,7568,7578,6536,14389744,12875901,1513843,431940,334111,747792,4963,132,4831,4987,151,4836,5486
2064,7568,7568,7578,6322,40748724,32712047,8036677,4401765,1496281,2138631,194,191,3,230,227,3,0
2065,7568,7568,7578,6322,37978355,31196721,6781634,2929146,1179977,2672511,406,195,211,442,231,211,1599634
2066,7568,7568,7578,6288,18982042,16480833,2501209,1530667,424875,545667,501,198,303,545,241,304,20113682
2067,7568,7568,7578,6283,34691559,28100176,6591383,3410496,1365012,1815875,1221,185,1036,1267,229,1038,381963
2068,7568,7568,7578,6324,36316872,31323709,4993163,1750251,864766,2378146,996,203,793,1032,238,794,0
2069,7568,7568,7578,6440,15669526,13707720,1961806,521970,388373,1051463,4208,127,4081,4262,177,4085,2907761
2070,7568,7568,7578,6330,31763448,26392786,5370662,2365722,1344667,1660273,1820,194,1626,1860,229,1631,0
2071,7568,7568,7578,7569,77364,46763,30601,4299,7874,18428,7554,54,7500,7564,63,7501,0
2072,7568,7568,7578,6322,40185072,33271287,6913785,4058640,1287422,1567723,296,198,98,331,233,98,0
2073,7568,7568,7578,6322,40145874,32679857,7466017,4163984,1464448,1837585,191,191,0,227,227,0,619428
2074,7568,7568,7578,6323,1093630,1036979,56651,12471,14581,29599,994,189,805,1032,223,809,35327310
2075,7568,7568,7578,6404,13242040,11380177,1861863,721922,366644,773297,3926,149,3777,3978,195,3783,6906957
2076,7568,7568,7578,6289,39118554,31367351,7751203,4786809,1352973,1611421,489,186,303,535,231,304,0
2077,7568,7568,7578,7023,40815036,34196251,6618785,3008502,1456627,2153656,182,182,0,214,214,0,0
2078,7568,7568,7578,7520,484400,279172,205228,32326,64660,108242,7472,37,7435,7482,41,7441,46096
2079,7568,7568,7578,7576,13188,7633,5555,423,1599,3533,7565,10,7555,7575,13,7562,3390
2080,7568,7568,7578,7206,3700037,3301367,398670,60809,101050,236811,6898,76,6822,6918,91,6827,2383
2081,7568,7568,7578,6322,34774602,30396373,4378229,2982703,886758,508768,190,190,0,226,226,0,6001150
2082,7568,7568,7578,6330,32023170,27410424,4612746,1630581,1031859,1950306,1773,187,1586,1816,225,1591,0
2083,7568,7568,7578,7202,3685842,3466854,218988,538,45468,172982,6901,80,6821,6929,99,6830,0
2084,7568,7568,7578,7578,0,0,0,0,0,0,7568,10,7558,7578,12,7566,0
2085,7568,7568,7578,7578,0,0,0,0,0,0,7568,67,7501,7578,73,7505,0
2086,7568,7568,7578,6530,12809268,11707229,1102039,200410,291455,610174,5250,116,5134,5276,132,5144,0
2087,7568,7568,7578,7578,0,0,0,0,0,0,7568,44,7524,7578,49,7529,0
2088,7568,7568,7578,6309,21120024,18044439,3075585,1815991,533080,726514,199,187,12,241,228,13,19645825
2089,7568,7568,7578,6277,39300912,30405933,8894979,6159238,1586255,1149486,456,189,267,501,233,268,0
2090,7568,7568,7578,6324,29072892,24510041,4562851,3023223,880267,659361,1401,191,1210,1442,226,1216,5017756
2091,7568,7568,7578,6539,15743574,13825689,1917885,481638,411803,1024444,4719,151,4568,4746,176,4570,0
2092,7568,7568,7578,6267,40582944,31777320,8805624,5831663,1784864,1189097,224,189,35,268,233,35,0
2093,7568,7568,7578,6285,29564100,24528354,5035746,3033631,1024229,977886,2218,170,2048,2263,211,2052,0
2094,7568,7568,7578,6723,9170413,7957669,1212744,519483,337069,356192,5739,123,5616,5750,128,5622,938549
2095,7568,7568,7578,7282,3039300,2510577,528723,128521,153375,246827,7018,84,6934,7012,72,6940,0
2096,7568,7568,7578,7578,0,0,0,0,0,0,7568,16,7552,7578,17,7561,0
2097,7568,7568,7578,7578,0,0,0,0,0,0,7568,42,7526,7578,49,7529,0
2098,7568,7568,7578,7578,0,0,0,0,0,0,7568,34,7534,7578,37,7541,0
2099,7568,7568,7578,7578,0,0,0,0,0,0,7568,20,7548,7578,21,7557,0
