"Year","allMortEgg","baseMortEgg","tempMortEgg","denMortEgg","incMortEgg","superMortEgg","lostMortEgg","catMortEgg","allMortFry","baseMortFry","tempMortFry","denMortFry","habMortFry","freshMortFry","seasMortFry","catMortFry","allMortSF","allMortSM"
2010,35592701,9002449,7929137,0,2940176,7956909,7764030,0,711093,441397,5506,0,0,0,264190,0,7312,6030
2011,17103080,3255712,1270199,0,516559,4854706,7205904,0,426927,199083,108024,0,0,0,119820,0,3434,2157
2012,34981366,9527250,3472813,0,6367475,7954792,7659036,0,886656,554615,0,0,0,0,332041,0,7283,6001
2013,24857240,6971833,2838874,0,895616,6657661,7493256,0,681557,426282,0,0,0,0,255275,0,5253,3925
2014,26519412,7780457,3699239,0,810325,6752713,7476678,0,836817,523350,0,0,0,0,313467,0,5726,4389
2015,20906289,6254290,2047706,0,1353724,5510476,5740093,0,1024191,532593,171375,0,0,0,320223,0,6659,5352
2016,19515594,4218713,1695494,0,947280,5337683,7316424,0,554958,344979,3592,0,0,0,206387,0,4070,2790
2017,28519571,6981553,3535281,0,5440402,5643783,6918552,0,894992,503199,90063,0,0,0,301730,0,6045,4755
2018,38582075,10729111,5204935,0,8070580,7095245,7482204,0,369502,225599,9201,0,0,0,134702,0,7353,6071
2019,10949853,2535095,1321254,0,673797,2862975,3556732,0,375155,178440,89938,0,0,0,106777,0,7157,5860
2020,24281554,5255649,2048841,0,2956964,6560000,7460100,0,872232,435322,175138,0,0,0,261772,0,5060,3774
2021,32667441,9751866,4515796,0,3356036,7495227,7548516,0,1295271,810059,0,0,0,0,485212,0,7279,5997
2022,40378605,8648587,3804152,0,13072449,7338057,7515360,0,33573,21375,61,0,0,0,12137,0,7344,6012
2023,18725783,3506611,2181995,0,658746,4968065,7410366,0,441111,266540,15181,0,0,0,159390,0,3796,2477
2024,29998455,9009432,4977352,0,1559909,6836934,7614828,0,1365407,853851,0,0,0,0,511556,0,6863,5616
2025,31354754,10291821,5214649,0,764443,7607163,7476678,0,1485411,684039,388519,0,0,0,412853,0,6975,5669
2026,31834948,10019499,5362610,0,1397375,7518000,7537464,0,1093576,536965,233256,0,0,0,323355,0,6810,5527
2027,20107887,3741838,1691037,0,1902602,5373096,7399314,0,486716,275699,45968,0,0,0,165049,0,4061,2775
2028,33558487,10924582,6946020,0,462643,7654622,7570620,0,1297786,542671,426675,0,0,0,328440,0,7248,5965
2029,7997472,1014219,352387,0,372454,2014188,4244224,0,167303,104968,0,0,0,0,62335,0,1976,988
2030,33908632,9266302,7176386,0,2827431,7139731,7498782,0,836012,416615,168723,0,0,0,250674,0,6927,5599
2031,32056540,10226727,3868600,0,2333744,8023693,7603776,0,1630789,650051,586728,0,0,0,394010,0,7036,5753
2032,13168521,2032647,1018451,0,479721,3360166,6277536,0,283479,158159,30758,0,0,0,94562,0,2622,1464
2033,30559362,7713294,3993168,0,3874031,7352989,7625880,0,1331569,622979,332996,0,0,0,375594,0,6612,5325
2034,25475376,7232576,3117561,0,900609,6753478,7471152,0,1221936,623830,222702,0,0,0,375404,0,5647,4362
2035,15842621,2699951,1380974,0,609083,4040651,7111962,0,509179,301077,27960,0,0,0,180142,0,3273,2005
2036,32942583,7832672,4021104,0,5990952,7621177,7476678,0,1260231,784182,6243,0,0,0,469806,0,7213,5928
2037,30873926,8446645,5991570,0,2266461,6681520,7487730,0,1241636,748586,44371,0,0,0,448679,0,6840,5541
2038,28013872,8155188,2854932,0,2244482,7282592,7476678,0,986828,529814,138671,0,0,0,318343,0,5969,4686
2039,32996943,9038259,7357856,0,2481266,6642884,7476678,0,1494747,841766,147595,0,0,0,505386,0,7386,6046
2040,30489368,9775061,4880327,0,1086011,7265765,7482204,0,1196009,601467,232560,0,0,0,361982,0,6671,5388
2041,33440704,9142627,6012817,0,3842416,6850120,7592724,0,1074387,671950,0,0,0,0,402437,0,7165,5827
2042,28154298,6173522,2841354,0,3844021,7813197,7482204,0,1002214,626821,0,0,0,0,375393,0,6070,4767
2043,24267928,6410293,4318406,0,1514507,5705612,6319110,0,644739,403417,0,0,0,0,241322,0,6645,5310
2044,32340781,9632538,4396448,0,3602446,7243723,7465626,0,1051215,642078,24474,0,0,0,384663,0,6967,5623
2045,21181028,4846505,3195946,0,290249,5388228,7460100,0,536586,305364,48171,0,0,0,183051,0,4381,3058
2046,25499519,7822450,2940733,0,238480,7026704,7471152,0,1554060,646742,515773,0,0,0,391545,0,5741,4456
2047,18097164,3974711,1208381,0,649045,5158591,7106436,0,703856,401952,60869,0,0,0,241035,0,3878,2619
2048,13946891,3006084,1721059,0,1417325,3496873,4305550,0,481774,301625,0,0,0,0,180149,0,6405,5119
2049,22613490,5002130,2935533,0,1112558,6086591,7476678,0,828225,500596,27689,0,0,0,299940,0,4848,3512
2050,16308226,3100260,1320512,0,88393,4620787,7178274,0,520796,229281,153273,0,0,0,138242,0,3340,2062
2051,26364938,6172397,2442882,0,3775513,6536150,7437996,0,313555,193063,5135,0,0,0,115357,0,5089,3802
2052,23087681,5268366,2320711,0,1883925,6154579,7460100,0,650355,400293,10536,0,0,0,239526,0,4801,3495
2053,20281060,5067130,3039514,0,633791,5230041,6310584,0,678042,343973,127309,0,0,0,206760,0,5310,3999
2054,25201060,6402251,3773434,0,846455,6713294,7465626,0,689006,332318,156584,0,0,0,200104,0,5195,3908
2055,12188519,1785108,1053039,0,777399,2989250,5583723,0,118545,74044,714,0,0,0,43787,0,3010,1759
2056,34919872,10864442,8314729,0,556102,7569771,7614828,0,930980,474811,170551,0,0,0,285618,0,7336,6043
2057,168136,90924,49978,0,27234,0,0,0,14096,6311,4091,0,0,0,3694,0,42,15
2058,11096966,1652779,690367,0,117979,2689865,5945976,0,225400,101174,63568,0,0,0,60658,0,2190,1096
2059,11266837,1753631,725554,0,400504,2816940,5570208,0,226163,112849,45845,0,0,0,67469,0,2228,1195
2060,6212407,774748,410978,0,273936,1868173,2884572,0,88423,44184,17958,0,0,0,26281,0,1200,551
2061,22868651,5834809,2188747,0,754322,6603798,7486975,0,741865,411282,83659,0,0,0,246924,0,4895,3608
2062,34456218,9880368,6263015,0,2843051,7766540,7703244,0,1383158,593648,430887,0,0,0,358623,0,7347,6064
2063,31167874,9626221,4960754,0,1361290,7604781,7614828,0,1027071,587943,86311,0,0,0,352817,0,6748,5463
2064,15950003,2452595,1238914,0,179017,4729897,7349580,0,445672,270018,14218,0,0,0,161436,0,3261,1976
2065,25036822,6670255,3567008,0,684701,6654758,7460100,0,854294,507908,41851,0,0,0,304535,0,5388,4102
2066,29361375,8428596,5823710,0,566722,7032513,7509834,0,986172,360837,406110,0,0,0,219225,0,6100,4814
2067,0,0,0,0,0,0,0,0,0,0,0,0,0,0,0,0,0,0
2068,17939927,3060276,2070756,0,1696598,4459536,6652761,0,550759,246670,155650,0,0,0,148439,0,4571,3287
2069,20955662,3116416,1732969,0,3753537,5097102,7255638,0,115130,70889,2180,0,0,0,42061,0,3894,2617
2070,30620754,9160682,5243292,0,1235978,7487546,7493256,0,1190372,467786,439006,0,0,0,283580,0,6494,5161
2071,6987357,862398,788212,0,69012,1902401,3365334,0,89268,47731,13142,0,0,0,28395,0,1347,590
2072,943368,374543,251045,0,9024,308756,0,0,62755,23232,25644,0,0,0,13879,0,213,84
2073,0,0,0,0,0,0,0,0,0,0,0,0,0,0,0,0,0,0
2074,20433680,3860197,3277305,0,742416,4994194,7559568,0,478636,211415,139959,0,0,0,127262,0,4081,2796
2075,229918,84443,40342,0,6200,94849,4084,0,16572,5574,7731,0,0,0,3267,0,280,118
2076,0,0,0,0,0,0,0,0,0,0,0,0,0,0,0,0,0,0
2077,22631163,4296929,1586669,0,2976412,6327631,7443522,0,462929,289692,0,0,0,0,173237,0,4551,3264
2078,20421831,4709353,1762781,0,618936,5876187,7454574,0,663335,401246,21783,0,0,0,240306,0,4335,3036
2079,25132201,5557555,2993096,0,3176620,5983512,7421418,0,737757,431719,47263,0,0,0,258775,0,5200,3904
2080,23930592,6467906,3818715,0,772855,6012530,6858586,0,1227283,625297,225776,0,0,0,376210,0,6183,4898
2081,11484330,1792258,1055820,0,26820,3016867,5592565,0,286420,150118,46479,0,0,0,89823,0,2953,1701
2082,29163748,5858182,1927570,0,6832291,7074553,7471152,0,375842,205685,47065,0,0,0,123092,0,5601,4306
2083,23814704,6077884,3446875,0,334977,6484341,7470627,0,1121431,590291,176132,0,0,0,355008,0,5385,4097
2084,9795067,1126076,705418,0,537345,2303626,5122602,0,78594,49447,1,0,0,0,29146,0,1848,852
2085,16477407,2719275,1395545,0,314979,4736710,7310898,0,549284,261425,130626,0,0,0,157233,0,3364,2067
2086,16233813,3062813,1114286,0,49828,4806508,7200378,0,717176,361991,137689,0,0,0,217496,0,3453,2174
2087,5636928,688232,334468,0,2957,2080363,2530908,0,149431,65368,44818,0,0,0,39245,0,1115,447
2088,20803587,4522726,2654809,0,822158,5437736,7366158,0,940522,411439,280653,0,0,0,248430,0,4433,3153
2089,27462169,7372682,3619435,0,2047781,6945593,7476678,0,920695,575700,259,0,0,0,344736,0,6042,4756
2090,14365863,2304591,908286,0,13771,4010675,7128540,0,507229,178821,219800,0,0,0,108608,0,2890,1610
2091,8092405,1060645,530089,0,150648,2228627,4122396,0,225750,122039,30721,0,0,0,72990,0,1625,759
2092,26918704,7364136,3422440,0,1471592,7100968,7559568,0,967256,492175,178830,0,0,0,296251,0,5749,4463
2093,15661095,3535103,1270001,0,331798,4598455,5925738,0,559229,292803,90820,0,0,0,175606,0,4434,3146
2094,18000196,3386231,1345764,0,890079,5094854,7283268,0,480915,250670,79692,0,0,0,150553,0,3657,2373
2095,17072022,3631127,1277221,0,3230440,4238705,4694529,0,397669,219264,47292,0,0,0,131113,0,6106,4820
2096,6982468,728449,596026,0,226516,2005357,3426120,0,76747,47884,447,0,0,0,28416,0,1331,551
2097,18282331,3161783,1572635,0,1122987,5064294,7360632,0,478308,296555,4382,0,0,0,177371,0,3734,2435
2098,18138070,3844713,1348545,0,501447,5143519,7299846,0,583451,364658,671,0,0,0,218122,0,3824,2482
2099,169209,57615,110566,0,1028,0,0,0,0,0,0,0,0,0,0,0,273,218
