"Year","AFem","AFemDeath","AMal","AMalDeath","Eggs","EggsDeath","FryGrad","FryExit","FryDeath","FryInStr","allMortAF","baseMortAF","tempMortAF","allMortAM","baseMortAM","tempMortAM","InVivo"
2010,7568,7568,7578,6322,40406112,35592701,4813411,2003956,711093,2098362,256,192,64,292,228,64,0
2011,7568,7568,7578,6338,18976284,17103080,1873204,261033,426927,1185244,4134,158,3976,4181,196,3985,0
2012,7568,7568,7578,6322,40245858,34981366,5264492,2740807,886656,1637029,285,190,95,321,226,95,0
2013,7568,7568,7578,6292,29028078,24857240,4170838,1203634,681557,2285647,2315,180,2135,2367,226,2141,0
2014,7568,7568,7578,6279,31641876,26519412,5122464,1883707,836817,2401940,1842,179,1663,1890,223,1667,0
2015,7568,7568,7578,6305,25823641,20906289,4917352,2594633,1024191,1298528,909,184,725,953,226,727,10998685
2016,7568,7568,7578,6331,22490820,19515594,2975226,978465,554958,1441803,3498,184,3314,3541,220,3321,0
2017,7568,7568,7578,6318,32901124,28519571,4381553,2368317,894992,1118244,1523,194,1329,1563,231,1332,503848
2018,7568,7568,7578,6322,40632678,38582075,2050603,1376808,369502,304293,215,190,25,251,226,25,0
2019,7568,7568,7578,6310,12633546,10949853,1683693,707461,375155,601077,411,189,222,450,228,222,26971551
2020,7568,7568,7578,6322,27961560,24281554,3680006,1773212,872232,1034562,2508,188,2320,2548,224,2324,0
2021,7568,7568,7578,6322,40223754,32667441,7556313,4613008,1295271,1648034,289,192,97,325,228,97,0
2022,7568,7568,7578,6284,40582944,40378605,204339,164888,33573,5878,224,179,45,272,227,45,0
2023,7568,7568,7578,6301,20976696,18725783,2250913,597851,441111,1211951,3772,162,3610,3824,206,3618,0
2024,7568,7568,7578,6331,37924938,29998455,7926483,4569715,1365407,1991361,705,191,514,715,199,516,0
2025,7568,7568,7578,6306,38543850,31354754,7189096,3292744,1485411,2410941,593,187,406,637,228,409,0
2026,7568,7568,7578,6322,37632060,31834948,5797112,2138196,1093576,2565340,758,195,563,795,230,565,0
2027,7568,7568,7578,6324,22441086,20107887,2333199,896057,486716,950426,3507,171,3336,3549,205,3344,0
2028,7568,7568,7578,6322,39874730,33558487,6316243,2407251,1297786,2611206,320,190,130,357,226,131,177718
2029,7568,7568,7578,6605,8787287,7997472,789815,167406,167303,455106,5592,124,5468,5617,143,5474,2142389
2030,7568,7568,7578,6288,38278602,33908632,4369970,1632336,836012,1901622,641,182,459,689,228,461,0
2031,7568,7568,7578,6322,38880936,32056540,6824396,2728023,1630789,2465584,532,191,341,569,227,342,0
2032,7568,7568,7578,6459,14489172,13168521,1320651,187874,283479,849298,4946,129,4817,4995,171,4824,0
2033,7568,7568,7578,6322,36365889,30559362,5806527,3161562,1331569,1313396,956,191,765,997,227,770,172023
2034,7568,7568,7578,6322,31202983,25475376,5727607,2583148,1221936,1922523,1921,197,1724,1960,233,1727,2339
2035,7568,7568,7578,6348,18086598,15842621,2243977,1055123,509179,679675,4295,155,4140,4343,195,4148,0
2036,7568,7568,7578,6319,39859038,32942583,6916455,4417880,1260231,1238344,355,190,165,391,226,165,0
2037,7568,7568,7578,6312,37797840,30873926,6923914,3664929,1241636,2017349,728,188,540,771,228,543,0
2038,7568,7568,7578,6322,32984694,28013872,4970822,2145050,986828,1838944,1599,195,1404,1636,231,1405,0
2039,7568,7568,7578,6272,40815036,32996943,7818093,4655144,1494747,1668202,182,182,0,226,226,0,0
2040,7568,7568,7578,6322,36863946,30489368,6374578,2494114,1196009,2684455,897,191,706,934,227,707,0
2041,7568,7568,7578,6275,39593790,33440704,6153086,3918411,1074387,1160288,403,184,219,448,228,220,0
2042,7568,7568,7578,6309,33542820,28154298,5388522,3016881,1002214,1369427,1498,185,1313,1542,225,1317,0
2043,7568,7568,7578,6280,28171385,24267928,3903457,1552632,644739,1706086,923,183,740,970,227,743,8555968
2044,7568,7568,7578,6268,38499642,32340781,6158861,3083399,1051215,2024247,601,186,415,645,230,415,0
2045,7568,7568,7578,6297,24209406,21181028,3028378,817502,536586,1674290,3187,168,3019,3239,215,3024,0
2046,7568,7568,7578,6322,31724766,25499519,6225247,2866648,1554060,1804539,1827,194,1633,1866,230,1636,0
2047,7568,7568,7578,6356,21429828,18097164,3332664,1240622,703856,1388186,3690,164,3526,3737,205,3532,0
2048,7568,7568,7578,6322,16488096,13946891,2541205,1548475,481774,510956,1163,192,971,1203,228,975,18944986
2049,7568,7568,7578,6280,26790048,22613490,4176558,1955119,828225,1393214,2720,168,2552,2768,211,2557,0
2050,7568,7568,7578,6340,18456840,16308226,2148614,349705,520796,1278113,4228,153,4075,4278,195,4083,0
2051,7568,7568,7578,6323,28121814,26364938,1756876,698172,313555,745149,2479,179,2300,2521,215,2306,0
2052,7568,7568,7578,6307,26530326,23087681,3442645,1416090,650355,1376200,2767,179,2588,2812,219,2593,0
2053,7568,7568,7578,6304,23653859,20281060,3372799,1155821,678042,1538936,2258,186,2072,2305,228,2077,5704624
2054,7568,7568,7578,6323,28707570,25201060,3506510,891849,689006,1925655,2373,184,2189,2415,222,2193,0
2055,7568,7568,7578,6367,12847733,12188519,659214,75701,118545,464968,4558,140,4418,4608,182,4426,3800219
2056,7568,7568,7578,6313,40538736,34919872,5618864,2066514,930980,2621370,232,188,44,270,226,44,0
2057,7568,7568,7578,7552,226800,168136,58664,838,14096,43730,7526,46,7480,7537,50,7487,5292
2058,7568,7568,7578,6500,12101940,11096966,1004974,28002,225400,751572,5378,123,5255,5404,144,5260,0
2059,7568,7568,7578,6561,12311928,11266837,1045091,107296,226163,711632,5340,120,5220,5366,139,5227,0
2060,7568,7568,7578,6943,6631200,6212407,418793,14281,88423,316089,6368,89,6279,6392,107,6285,0
2061,7568,7568,7578,6323,26774411,22868651,3905760,1268002,741865,1895893,2673,176,2497,2715,214,2501,275359
2062,7568,7568,7578,6322,40599522,34456218,6143304,3000692,1383158,1759454,221,190,31,258,226,32,0
2063,7568,7568,7578,6322,37289448,31167874,6121574,2496479,1027071,2598024,820,191,629,859,227,632,0
2064,7568,7568,7578,6325,18020286,15950003,2070283,534715,445672,1089896,4307,169,4138,4349,204,4145,0
2065,7568,7568,7578,6322,29770060,25036822,4733238,1894542,854294,1984402,2180,199,1981,2220,234,1986,4028
2066,7568,7568,7578,6322,33708600,29361375,4347225,1214545,986172,2146508,1468,197,1271,1508,232,1276,0
2067,7568,7568,7578,7578,0,0,0,0,0,0,7568,45,7523,7578,48,7530,0
2068,7568,7568,7578,6326,20146915,17939927,2206988,809782,550759,846447,2997,176,2821,3039,214,2825,5127098
2069,7568,7568,7578,6333,21518244,20955662,562582,295685,115130,151767,3674,178,3496,3716,216,3500,0
2070,7568,7568,7578,6285,35885844,30620754,5265090,1793892,1190372,2280826,1074,183,891,1124,230,894,0
2071,7568,7568,7578,6832,7443522,6987357,456165,13018,89268,353879,6221,91,6130,6242,105,6137,0
2072,7568,7568,7578,7448,1177038,943368,233670,3012,62755,167903,7355,92,7263,7364,96,7268,0
2073,7568,7568,7578,7578,0,0,0,0,0,0,7568,20,7548,7578,24,7554,0
2074,7568,7568,7578,6325,22551606,20433680,2117926,548542,478636,1090748,3487,163,3324,3529,199,3330,0
2075,7568,7568,7578,7413,285493,229918,55575,1571,16572,37432,7288,52,7236,7295,53,7242,1261787
2076,7568,7568,7578,7578,0,0,0,0,0,0,7568,21,7547,7578,27,7551,0
2077,7568,7568,7578,6323,25148826,22631163,2517663,991471,462929,1063263,3017,182,2835,3059,219,2840,0
2078,7568,7568,7578,6315,23955210,20421831,3533379,1134377,663335,1735667,3233,172,3061,3279,210,3069,0
2079,7568,7568,7578,6314,28735200,25132201,3602999,1942753,737757,922489,2368,183,2185,2410,218,2192,0
2080,7568,7568,7578,6321,29644666,23930592,5714074,3057385,1227283,1429406,1385,199,1186,1423,235,1188,4526359
2081,7568,7568,7578,6366,12771970,11484330,1287640,175474,286420,825746,4615,150,4465,4665,190,4475,3554043
2082,7568,7568,7578,6314,30951126,29163748,1787378,820228,375842,591308,1967,192,1775,2008,230,1778,0
2083,7568,7568,7578,6322,29048335,23814704,5233631,2643417,1121431,1468783,2183,194,1989,2225,230,1995,709777
2084,7568,7568,7578,6596,10212048,9795067,416981,33889,78594,304498,5720,108,5612,5744,125,5619,0
2085,7568,7568,7578,6319,18589464,16477407,2112057,510369,549284,1052404,4204,154,4050,4252,192,4060,0
2086,7568,7568,7578,6338,19081278,16233813,2847465,1053940,717176,1076349,4115,159,3956,4164,201,3963,0
2087,7568,7568,7578,6925,6161490,5636928,524562,47536,149431,327595,6453,84,6369,6478,100,6378,0
2088,7568,7568,7578,6326,24395709,20803587,3592122,1411751,940522,1239849,3135,180,2955,3173,213,2960,101049
2089,7568,7568,7578,6322,32635370,27462169,5173201,2728026,920695,1524480,1526,192,1334,1566,228,1338,753174
2090,7568,7568,7578,6340,15970140,14365863,1604277,164797,507229,932251,4678,143,4535,4730,186,4544,0
2091,7568,7568,7578,6714,8979750,8092405,887345,225134,225750,436461,5943,111,5832,5955,114,5841,0
2092,7568,7568,7578,6321,31768974,26918704,4850270,1876727,967256,2006287,1819,197,1622,1858,232,1626,0
2093,7568,7568,7578,6322,18260867,15661095,2599772,816591,559229,1223952,3134,178,2956,3176,214,2962,6260253
2094,7568,7568,7578,6330,20208582,18000196,2208386,509926,480915,1217545,3911,167,3744,3957,206,3751,0
2095,7568,7568,7578,6322,19053904,17072022,1981882,971100,397669,613113,1462,196,1266,1502,231,1271,14726689
2096,7568,7568,7578,6803,7355106,6982468,372638,48948,76747,246943,6237,99,6138,6252,105,6147,0
2097,7568,7568,7578,6316,20634084,18282331,2351753,874739,478308,998706,3834,164,3670,3881,203,3678,0
2098,7568,7568,7578,6276,21131424,18138070,2993354,1149859,583451,1260044,3744,172,3572,3794,215,3579,0
2099,7568,973,7578,939,1508598,169209,0,0,0,0,700,180,520,721,198,523,0
