"Year","allMortEgg","baseMortEgg","tempMortEgg","denMortEgg","incMortEgg","superMortEgg","lostMortEgg","catMortEgg","allMortFry","baseMortFry","tempMortFry","denMortFry","habMortFry","freshMortFry","seasMortFry","catMortFry","allMortSF","allMortSM"
2010,26542870,6033409,4023730,0,2536047,6638786,7310898,0,339250,201191,17677,0,0,0,120382,0,5240,3962
2011,30689746,9231484,4147821,0,3113364,7018803,7178274,0,1211968,659595,156076,0,0,0,396297,0,6687,6118
2012,32609061,10554154,5259542,0,2092182,7232031,7471152,0,1544352,802065,259663,0,0,0,482624,0,7376,6094
2013,15398334,3530984,1803922,0,212207,3805777,6045444,0,303761,162279,44225,0,0,0,97257,0,3138,2004
2014,15095890,2637101,1408315,0,654362,3781490,6614622,0,405021,221320,51151,0,0,0,132550,0,3095,1908
2015,960109,301136,102557,0,195701,360715,0,0,62425,38103,1970,0,0,0,22352,0,298,121
2016,3414017,716203,363355,0,201633,1524966,607860,0,83952,33749,29928,0,0,0,20275,0,684,326
2017,8201997,909723,708250,0,538569,2046065,3999390,0,66535,40785,1802,0,0,0,23948,0,1900,993
2018,35548924,10325418,7463394,0,1970153,8059085,7730874,0,1041112,428395,353313,0,0,0,259404,0,7377,6095
2019,8352064,1225398,405412,0,28746,1940148,4752360,0,294399,103026,128998,0,0,0,62375,0,1674,788
2020,1514372,382257,237086,0,154985,673732,66312,0,48154,20897,14943,0,0,0,12314,0,312,133
2021,7542367,1249519,558101,0,262402,1786137,3686208,0,239610,108361,66278,0,0,0,64971,0,1832,1435
2022,32424946,10209019,3468979,0,3280940,7679874,7786134,0,1358627,768846,128312,0,0,0,461469,0,7223,5942
2023,33914604,8607562,4404121,0,6622428,6875653,7404840,0,1253508,725115,93455,0,0,0,434938,0,7330,6048
2024,30337733,10072246,4503880,0,2238074,7069165,6454368,0,2165400,1118619,373756,0,0,0,673025,0,7387,6805
2025,33509182,11480568,5281873,0,1522182,7714725,7509834,0,1353927,628446,346315,0,0,0,379166,0,7373,6091
2026,27179150,8093650,3802311,0,834023,6762500,7686666,0,1570748,574743,646493,0,0,0,349512,0,5979,4699
2027,0,0,0,0,0,0,0,0,0,0,0,0,0,0,0,0,0,0
2028,25744771,6241356,2513803,0,5689129,5596762,5703721,0,451063,235798,74064,0,0,0,141201,0,7336,6054
2029,16320113,4628288,2762599,0,1119823,3680626,4128777,0,592074,307481,100245,0,0,0,184348,0,7378,6096
2030,6403579,993647,665362,0,429313,1939077,2376180,0,203762,97105,48578,0,0,0,58079,0,1287,627
2031,31075023,10831336,3995964,0,1076975,7638810,7531938,0,2411894,762416,1183213,0,0,0,466265,0,7093,5812
2032,6794,4608,1596,0,590,0,0,0,705,277,288,0,0,0,140,0,2,1
2033,31912475,9406561,4230195,0,3385406,7358375,7531938,0,1403923,785779,146384,0,0,0,471760,0,7130,5849
2034,22898445,6422624,3592523,0,783230,5387533,6712535,0,897789,372746,299669,0,0,0,225374,0,5316,4043
2035,7695063,1180828,777906,0,93541,1922188,3720600,0,252748,88384,110928,0,0,0,53436,0,1612,780
2036,7854836,1124470,615299,0,74511,1999571,4040985,0,254600,133901,40759,0,0,0,79940,0,2013,1084
2037,23358562,6066350,4205541,0,2606772,4945980,5533919,0,650527,337022,111174,0,0,0,202331,0,7319,6037
2038,7898063,1603139,725740,0,365016,2152926,3051242,0,249798,118613,60338,0,0,0,70847,0,4278,3010
2039,34244644,9708123,7214487,0,2844308,6923684,7554042,0,1030262,527536,185527,0,0,0,317199,0,7210,5927
2040,29783172,8447561,5874218,0,1381854,6630491,7449048,0,1016873,424778,335041,0,0,0,257054,0,6249,4969
2041,9259704,1227869,776771,0,313287,2134157,4807620,0,195567,85187,59218,0,0,0,51162,0,1818,887
2042,1073,893,180,0,0,0,0,0,60,40,0,0,0,0,20,0,1,0
2043,17531339,3745828,1577481,0,1511240,4798090,5898700,0,515739,307094,24869,0,0,0,183776,0,4728,3457
2044,33861296,10476476,5703335,0,3527042,7434827,6719616,0,1714918,644003,679756,0,0,0,391159,0,7324,6740
2045,20831146,5412817,2479660,0,574084,5269201,7095384,0,1016657,464042,272657,0,0,0,279958,0,4535,3269
2046,13643255,2217188,765687,0,1030728,3595260,6034392,0,556923,246872,161295,0,0,0,148756,0,2811,1691
2047,424676,310876,71928,0,41872,0,0,0,112063,43681,42114,0,0,0,26268,0,135,52
2048,9438375,1847587,935953,0,475612,2390547,3788676,0,369804,128791,163100,0,0,0,77913,0,3408,2238
2049,6212463,761245,410848,0,119247,1931557,2989566,0,136392,45688,63196,0,0,0,27508,0,1206,515
2050,14260465,2469439,730204,0,875638,3846862,6338322,0,408138,223240,51270,0,0,0,133628,0,2914,1768
2051,22455675,6260274,4825077,0,1803644,4595809,4970871,0,671486,345089,119023,0,0,0,207374,0,7074,6511
2052,26900608,8583287,5461373,0,1612970,5464016,5778962,0,1238120,525447,395071,0,0,0,317602,0,7385,6816
2053,12872212,2199627,989413,0,1017018,3134628,5531526,0,356521,211325,18858,0,0,0,126338,0,2630,1572
2054,32130002,9622490,4684240,0,4710510,6547874,6564888,0,1643802,979906,76087,0,0,0,587809,0,7398,6811
2055,24852174,6473811,4823172,0,1977274,5399153,6178764,0,1258361,760972,41363,0,0,0,456026,0,7316,6034
2056,18358456,3872650,2728194,0,680424,4142058,6935130,0,761791,349692,201568,0,0,0,210531,0,3878,2620
2057,2520171,592220,332715,0,63197,1134167,397872,0,182313,88065,41769,0,0,0,52479,0,565,265
2058,30723849,9937940,6031931,0,1141904,6358584,7253490,0,2063668,877975,654463,0,0,0,531230,0,7382,6817
2059,0,0,0,0,0,0,0,0,0,0,0,0,0,0,0,0,0,0
2060,14227118,2927906,1133045,0,462689,3553040,6150438,0,536613,260205,119843,0,0,0,156565,0,2969,1825
2061,19124281,6264856,2460262,0,560028,4803306,5035829,0,1125174,618524,135203,0,0,0,371447,0,7378,6096
2062,14195381,2695636,1494950,0,639511,3336534,6028750,0,522041,255105,113661,0,0,0,153275,0,3465,2218
2063,22379749,5577612,2947264,0,1283485,5442848,7128540,0,974329,433426,279303,0,0,0,261600,0,4788,3516
2064,26032341,7320765,3517293,0,1670393,6172742,7351148,0,1575125,784094,318822,0,0,0,472209,0,6170,4890
2065,201309,138198,45163,0,17948,0,0,0,30737,14327,7905,0,0,0,8505,0,70,27
2066,12638270,2165377,994893,0,468623,3085505,5923872,0,515312,250092,114859,0,0,0,150361,0,2635,1541
2067,14941219,2723654,1332623,0,741559,3666911,6476472,0,556493,262894,135563,0,0,0,158036,0,3096,1896
2068,21124341,5837556,2936453,0,1881475,4899593,5569264,0,837149,471818,82352,0,0,0,282979,0,6467,5184
2069,28522972,7053817,2515487,0,4583296,7098156,7272216,0,1438299,796311,163711,0,0,0,478277,0,6426,5862
2070,24274440,6868403,3319362,0,872324,6063707,7150644,0,1260955,507910,445487,0,0,0,307558,0,5305,4030
2071,0,0,0,0,0,0,0,0,0,0,0,0,0,0,0,0,0,0
2072,16037114,3842985,2360403,0,1685424,3669195,4479107,0,640811,346458,86529,0,0,0,207824,0,6553,5279
2073,9763994,2391160,823951,0,887335,2560765,3100783,0,455613,215729,110341,0,0,0,129543,0,6189,4910
2074,472181,314109,117326,0,40746,0,0,0,110221,38997,47920,0,0,0,23304,0,140,56
2075,11627112,2246642,941239,0,2511828,2647626,3279777,0,208392,129758,1685,0,0,0,76949,0,6499,5219
2076,9554011,2109721,2062944,0,844915,2135953,2400478,0,364176,208727,30839,0,0,0,124610,0,7388,6815
2077,11660708,2188385,1459999,0,350926,2739245,4922153,0,592403,244210,200751,0,0,0,147442,0,2805,1733
2078,1890267,498102,392556,0,123291,798954,77364,0,148259,57221,56697,0,0,0,34341,0,420,199
2079,6905,5692,1213,0,0,0,0,0,1355,541,598,0,0,0,216,0,3,1
2080,22477921,4430223,3075672,0,2336587,5506899,7128540,0,848485,357632,274890,0,0,0,215963,0,4640,3371
2081,4122804,538062,433450,0,153447,1563045,1434800,0,72270,29847,24774,0,0,0,17649,0,1036,449
2082,23735052,6006629,3060521,0,2642124,5833604,6192174,0,977275,468680,226401,0,0,0,282194,0,6674,5394
2083,251987,162904,55562,0,33521,0,0,0,46234,24680,6873,0,0,0,14681,0,107,42
2084,34539592,10343113,7962983,0,1684750,7077594,7471152,0,1392309,541639,522210,0,0,0,328460,0,7373,6091
2085,0,0,0,0,0,0,0,0,0,0,0,0,0,0,0,0,0,0
2086,0,0,0,0,0,0,0,0,0,0,0,0,0,0,0,0,0,0
2087,4890,3178,1570,0,142,0,0,0,430,286,0,0,0,0,144,0,2,1
2088,30174457,8231238,5770041,0,2687708,6713105,6772365,0,1221530,377837,612766,0,0,0,230927,0,6506,5911
2089,0,0,0,0,0,0,0,0,0,0,0,0,0,0,0,0,0,0
2090,7445490,1644096,812295,0,654704,1939589,2394806,0,325711,168040,57561,0,0,0,100110,0,6878,5600
2091,14725130,3693235,1879170,0,604339,3707737,4840649,0,759420,394504,127999,0,0,0,236917,0,5139,3867
2092,16564685,3175327,1261730,0,1352135,3967461,6808032,0,804263,376811,200399,0,0,0,227053,0,3529,2283
2093,6329309,1219992,494196,0,1279685,1463898,1871538,0,101838,64218,0,0,0,0,37620,0,6080,4818
2094,22185064,5975620,3414309,0,3493319,4431583,4870233,0,1155483,595124,202464,0,0,0,357895,0,7105,7101
2095,20292959,5224441,2754300,0,835356,5173708,6305154,0,844354,357716,270637,0,0,0,216001,0,5084,3798
2096,0,0,0,0,0,0,0,0,0,0,0,0,0,0,0,0,0,0
2097,26389517,8274726,4662346,0,1587765,5818406,6046274,0,862825,375515,260762,0,0,0,226548,0,7045,5762
2098,1639022,576962,203277,0,58080,756495,44208,0,152913,81336,23272,0,0,0,48305,0,399,191
2099,204058,58015,142766,0,3277,0,0,0,0,0,0,0,0,0,0,0,279,225
