"Year","allMortEgg","baseMortEgg","tempMortEgg","denMortEgg","incMortEgg","superMortEgg","lostMortEgg","catMortEgg","allMortFry","baseMortFry","tempMortFry","denMortFry","habMortFry","freshMortFry","seasMortFry","catMortFry","allMortSF","allMortSM"
2010,27701994,7324156,4139241,0,2104842,6706811,7426944,0,930905,517171,103397,0,0,0,310337,0,5943,4664
2011,23639595,5990687,3331363,0,356923,6207644,7752978,0,488383,236688,109252,0,0,0,142443,0,4819,3544
2012,32971490,9478218,4156959,0,5560255,6592258,7183800,0,1374547,833015,42138,0,0,0,499394,0,7376,6094
2013,33286899,11153351,5385318,0,2111001,7298701,7338528,0,1463298,651430,418301,0,0,0,393567,0,7377,6095
2014,11991781,1692428,1320346,0,532047,2865700,5581260,0,144013,89611,1129,0,0,0,53273,0,2334,1288
2015,35110337,11360148,6508976,0,1318056,8291751,7631406,0,955542,442004,246866,0,0,0,266672,0,7378,6096
2016,14560569,2405267,1432729,0,911153,3765976,6045444,0,348019,191442,42015,0,0,0,114562,0,2944,1833
2017,0,0,0,0,0,0,0,0,0,0,0,0,0,0,0,0,0,0
2018,35236634,10434599,7788007,0,2865884,6842772,7305372,0,837963,500005,38320,0,0,0,299638,0,7375,6094
2019,17443915,5104471,3629612,0,1211994,3502313,3995525,0,481328,296569,7726,0,0,0,177033,0,7388,6793
2020,33899403,11581108,6863078,0,1857886,7314269,6283062,0,1280119,640199,254654,0,0,0,385266,0,7386,6779
2021,26245103,6840353,5158625,0,1392913,5923608,6929604,0,1310192,717430,161742,0,0,0,431020,0,5904,5335
2022,32048006,9087127,6188332,0,2951469,6493602,7327476,0,949388,581547,19444,0,0,0,348397,0,6804,5523
2023,34136402,10999812,6018937,0,2798430,7207261,7111962,0,1144376,630571,135152,0,0,0,378653,0,7367,6799
2024,32717602,11235042,5681043,0,2166914,7318385,6316218,0,1266884,789957,3744,0,0,0,473183,0,7387,6803
2025,30733392,9558878,4836252,0,1840132,7246283,7251847,0,1385956,592192,435742,0,0,0,358022,0,7376,6094
2026,10264744,1624263,841398,0,421360,2669571,4708152,0,260350,145218,28479,0,0,0,86653,0,2073,1122
2027,33355663,10403676,5667206,0,2963797,6999034,7321950,0,1346783,766234,120568,0,0,0,459981,0,7381,6817
2028,31402254,5421397,2369462,0,9746644,6548327,7316424,0,154790,92379,7710,0,0,0,54701,0,5819,4539
2029,33825891,10262387,6284791,0,3488583,6788688,7001442,0,1474536,691780,365630,0,0,0,417126,0,7379,6814
2030,9097973,1567672,1444349,0,489598,2004454,3591900,0,285097,130959,75546,0,0,0,78592,0,1847,1007
2031,30997651,10957731,3410705,0,1493282,7609521,7526412,0,1455574,747385,258406,0,0,0,449783,0,7018,5737
2032,33916301,9298083,2708271,0,6830863,8536300,6542784,0,1594090,732497,419727,0,0,0,441866,0,7387,6806
2033,32452769,9520275,4365812,0,4657714,6725168,7183800,0,1355016,786345,96817,0,0,0,471854,0,7196,5915
2034,34318369,10679154,4200310,0,5291963,6941038,7205904,0,1105883,668287,37019,0,0,0,400577,0,7378,6096
2035,30954479,11460645,4572002,0,1539468,6795372,6586992,0,1818156,996572,222674,0,0,0,598910,0,7402,6812
2036,25014349,7087016,2416684,0,2345422,6042213,7123014,0,942171,541350,76129,0,0,0,324692,0,5417,4143
2037,33492402,10790782,5859597,0,2768321,6829116,7244586,0,1234597,712351,94863,0,0,0,427383,0,7376,6095
2038,26186838,6818701,3924547,0,2955677,5969605,6518308,0,513965,286843,55010,0,0,0,172112,0,6196,4915
2039,19567460,3993015,3580846,0,831927,4276276,6885396,0,595724,337128,56563,0,0,0,202033,0,4092,2860
2040,33474719,9978855,5481363,0,4009242,6766199,7239060,0,1335743,707105,203477,0,0,0,425161,0,7345,6062
2041,28057252,7037673,5634773,0,2772536,5538990,7073280,0,847113,529805,0,0,0,0,317308,0,5961,4690
2042,29468766,9328923,6530958,0,2349582,5866958,5392345,0,1362170,654078,313951,0,0,0,394141,0,7384,6793
2043,16659983,3283336,1743164,0,1018789,4219630,6395064,0,499148,278717,53628,0,0,0,166803,0,3859,2620
2044,33554342,10883469,6359836,0,3224994,6637201,6448842,0,1347851,751017,145842,0,0,0,450992,0,7397,6809
2045,31894535,8729308,6680918,0,2475186,6587705,7421418,0,1609084,956607,78618,0,0,0,573859,0,7362,6080
2046,31783767,8908020,7251397,0,2184262,6256288,7183800,0,1905287,911581,443928,0,0,0,549778,0,7333,6052
2047,6154,3932,1292,0,930,0,0,0,479,246,101,0,0,0,132,0,2,0
2048,30401472,9543176,5331723,0,2695728,6090803,6740042,0,1582301,783629,326772,0,0,0,471900,0,7378,6096
2049,36019804,9604934,4075286,0,7646478,7293792,7399314,0,884286,522999,47997,0,0,0,313290,0,7378,6096
2050,28406265,9241594,4883224,0,1980447,5990754,6310246,0,1191572,555166,301640,0,0,0,334766,0,7378,6096
2051,21468659,6097799,2930477,0,2513936,4659166,5267281,0,906470,493838,116148,0,0,0,296484,0,7194,5913
2052,32326221,10419877,4878816,0,3150187,6654859,7222482,0,1448731,830740,119304,0,0,0,498687,0,7318,6039
2053,30782131,8868722,3812308,0,4798014,6370213,6932874,0,966523,604587,0,0,0,0,361936,0,7377,6095
2054,33674391,10634440,6130161,0,3781987,7065781,6062022,0,1381126,739597,197116,0,0,0,444413,0,7386,6791
2055,2499994,403885,244073,0,91576,998265,762195,0,94534,46888,20039,0,0,0,27607,0,961,441
2056,30229554,7616489,5247883,0,3615787,6339029,7410366,0,1075604,585838,137843,0,0,0,351923,0,6452,5169
2057,25312881,7755556,4505497,0,1294273,5695193,6062362,0,1351982,520168,516392,0,0,0,315422,0,7223,5942
2058,0,0,0,0,0,0,0,0,0,0,0,0,0,0,0,0,0,0
2059,0,0,0,0,0,0,0,0,0,0,0,0,0,0,0,0,0,0
2060,10834201,1396546,1058843,0,481902,2597476,5299434,0,274165,117145,86698,0,0,0,70322,0,2138,1158
2061,16454158,2853247,1975136,0,1437053,4260763,5927959,0,350009,141574,123197,0,0,0,85238,0,4124,2859
2062,915749,409386,180101,0,7043,319219,0,0,111709,43160,42718,0,0,0,25831,0,229,93
2063,66995,40522,12679,0,13794,0,0,0,7163,3968,1064,0,0,0,2131,0,18,7
2064,27380347,7063906,4492845,0,3414468,6051262,6357866,0,966309,391158,338563,0,0,0,236588,0,7098,5816
2065,0,0,0,0,0,0,0,0,0,0,0,0,0,0,0,0,0,0
2066,31138134,9974911,4501179,0,2022655,6996858,7642531,0,1536995,788738,273801,0,0,0,474456,0,7367,6086
2067,10938607,2252611,1336779,0,556310,2438419,4354488,0,630262,321110,116266,0,0,0,192886,0,2407,1960
2068,1441649,497229,229781,0,90877,608012,15750,0,99010,62130,0,0,0,0,36880,0,361,165
2069,33054440,9383974,7129295,0,4193210,6175419,6172542,0,1507008,860282,130385,0,0,0,516341,0,7386,6790
2070,19165500,5268147,2976329,0,1839318,4113995,4967711,0,1129058,548564,250287,0,0,0,330207,0,6090,5527
2071,7825203,1154425,911838,0,225400,2066740,3466800,0,154717,69876,43046,0,0,0,41795,0,1588,776
2072,28103330,8665142,4581257,0,901685,6511724,7443522,0,1511892,738890,327757,0,0,0,445245,0,6382,5825
2073,21347331,5378642,2678309,0,1138351,5205847,6946182,0,981486,440062,275842,0,0,0,265582,0,4599,3334
2074,0,0,0,0,0,0,0,0,0,0,0,0,0,0,0,0,0,0
2075,0,0,0,0,0,0,0,0,0,0,0,0,0,0,0,0,0,0
2076,18575058,6411522,2483789,0,1025618,4155903,4498226,0,1153846,515522,327214,0,0,0,311110,0,7378,6096
2077,0,0,0,0,0,0,0,0,0,0,0,0,0,0,0,0,0,0
2078,548596,264211,158229,0,78336,47820,0,0,69462,42856,1244,0,0,0,25362,0,152,59
2079,26871827,7446277,3606653,0,3161481,6401984,6255432,0,1448484,713450,305236,0,0,0,429798,0,6017,5428
2080,25779354,6837765,3003171,0,2594810,6143230,7200378,0,1203125,563404,300009,0,0,0,339712,0,5599,4325
2081,11264074,2223844,1181326,0,591006,2850546,4417352,0,415161,218295,66124,0,0,0,130742,0,3952,2697
2082,31150934,10608346,4287525,0,2075456,6841079,7338528,0,1915703,939202,410532,0,0,0,565969,0,7288,6005
2083,6706796,1206836,709810,0,373179,1616705,2800266,0,293510,127404,89850,0,0,0,76256,0,3260,2123
2084,0,0,0,0,0,0,0,0,0,0,0,0,0,0,0,0,0,0
2085,23565621,5578771,5338195,0,1263189,5116731,6268735,0,1020241,504570,212086,0,0,0,303585,0,6133,4849
2086,10207787,1620044,984258,0,334246,2511353,4757886,0,435681,228561,70173,0,0,0,136947,0,2143,1175
2087,14899,10487,3810,0,602,0,0,0,3936,1673,1614,0,0,0,649,0,8,3
2088,0,0,0,0,0,0,0,0,0,0,0,0,0,0,0,0,0,0
2089,19943326,5564892,3410381,0,1707152,4715467,4545434,0,1284798,699485,165230,0,0,0,420083,0,6658,6069
2090,31605,18700,9002,0,3903,0,0,0,3636,1688,1235,0,0,0,713,0,13,5
2091,7761654,1247184,966821,0,409072,1809705,3328872,0,388319,135116,171623,0,0,0,81580,0,3359,2148
2092,0,0,0,0,0,0,0,0,0,0,0,0,0,0,0,0,0,0
2093,0,0,0,0,0,0,0,0,0,0,0,0,0,0,0,0,0,0
2094,0,0,0,0,0,0,0,0,0,0,0,0,0,0,0,0,0,0
2095,0,0,0,0,0,0,0,0,0,0,0,0,0,0,0,0,0,0
2096,0,0,0,0,0,0,0,0,0,0,0,0,0,0,0,0,0,0
2097,0,0,0,0,0,0,0,0,0,0,0,0,0,0,0,0,0,0
2098,0,0,0,0,0,0,0,0,0,0,0,0,0,0,0,0,0,0
2099,0,0,0,0,0,0,0,0,0,0,0,0,0,0,0,0,0,0
