"Year","AFem","AFemDeath","AMal","AMalDeath","Eggs","EggsDeath","FryGrad","FryExit","FryDeath","FryInStr","allMortAF","baseMortAF","tempMortAF","allMortAM","baseMortAM","tempMortAM","InVivo"
2010,7568,7568,7578,6327,32841018,27701994,5139024,2322987,930905,1885132,1625,191,1434,1663,226,1437,0
2011,7568,7568,7578,6335,26620451,23639595,2980856,576134,488383,1916339,2749,169,2580,2791,210,2581,9343
2012,7568,7568,7578,6322,40759776,32971490,7788286,4746587,1374547,1667152,192,191,1,228,227,1,0
2013,7568,7568,7578,6322,40577065,33286899,7290166,3062920,1463298,2763948,191,191,0,227,227,0,188237
2014,7568,7568,7578,6546,12883948,11991781,892167,65288,144013,682866,5234,130,5104,5258,148,5110,13736
2015,7568,7568,7578,6322,40770828,35110337,5660491,1764844,955542,2940105,190,190,0,226,226,0,0
2016,7568,7568,7578,6488,16222371,14560569,1661802,427862,348019,885921,4624,145,4479,4655,170,4485,46173
2017,7568,7568,7578,7578,0,0,0,0,0,0,7568,39,7529,7578,41,7537,0
2018,7568,7568,7578,6322,40754250,35236634,5517616,2133240,837963,2546413,193,192,1,228,227,1,0
2019,7568,7568,7578,7007,20462158,17443915,3018243,1320610,481328,1216305,180,180,0,214,214,0,20405974
2020,7568,7568,7578,6992,40815036,33899403,6915633,3102827,1280119,2532687,182,182,0,213,213,0,0
2021,7568,7568,7578,7032,32625504,26245103,6380401,3652211,1310192,1417998,1664,184,1480,1697,215,1482,0
2022,7568,7568,7578,6324,37598904,32048006,5550898,2891450,949388,1710060,764,194,570,801,230,571,0
2023,7568,7568,7578,7029,40710042,34136402,6573640,2856881,1144376,2572383,201,183,18,230,213,17,0
2024,7568,7568,7578,7017,40820562,32717602,8102960,3945573,1266884,2890503,181,181,0,214,214,0,0
2025,7568,7568,7578,6322,37192028,30733392,6458636,2857967,1385956,2214713,192,191,1,228,227,1,3572448
2026,7568,7568,7578,6638,11455398,10264744,1190654,186688,260350,743616,5495,138,5357,5516,153,5363,0
2027,7568,7568,7578,7031,40787406,33355663,7431743,4035131,1346783,2049829,187,187,0,214,214,0,0
2028,7568,7568,7578,6330,32155794,31402254,753540,358504,154790,240246,1749,188,1561,1791,226,1565,0
2029,7568,7568,7578,7031,40776354,33825891,6950463,3319313,1474536,2156614,189,186,3,217,214,3,0
2030,7568,7568,7578,6743,10206522,9097973,1108549,210965,285097,612487,5721,123,5598,5736,128,5608,0
2031,7568,7568,7578,6323,38781468,30997651,7783817,3459042,1455574,2869201,550,192,358,586,229,357,0
2032,7568,7568,7578,7020,40820562,33916301,6904261,3768508,1594090,1541663,181,181,0,214,214,0,0
2033,7568,7568,7578,6322,39765096,32452769,7312327,4265771,1355016,1691540,372,199,173,407,235,172,0
2034,7568,7568,7578,6322,40770828,34318369,6452459,3449860,1105883,1896716,190,190,0,226,226,0,0
2035,7568,7568,7578,7025,40903452,30954479,9948973,5607990,1818156,2522827,166,166,0,213,213,0,0
2036,7568,7568,7578,6338,29934342,25014349,4919993,2281513,942171,1696309,2151,179,1972,2195,219,1976,0
2037,7568,7568,7578,6322,40759776,33492402,7267374,3461014,1234597,2571763,192,192,0,227,227,0,0
2038,7568,7568,7578,6326,29357209,26186838,3170371,1000411,513965,1655995,1372,193,1179,1411,230,1181,4893243
2039,7568,7568,7578,6376,22612392,19567460,3044932,1144236,595724,1304972,3476,169,3307,3516,207,3309,0
2040,7568,7568,7578,6322,40588470,33474719,7113751,3541350,1335743,2236658,223,193,30,260,229,31,0
2041,7568,7568,7578,6334,32940486,28057252,4883234,2455341,847113,1580780,1607,192,1415,1644,225,1419,0
2042,7568,7568,7578,7009,36280017,29468766,6811251,3245646,1362170,2203435,184,182,2,216,214,2,4534546
2043,7568,7568,7578,6381,19102426,16659983,2442443,933608,499148,1009687,3709,133,3576,3761,178,3583,2224872
2044,7568,7568,7578,7023,40875822,33554342,7321480,3537712,1347851,2435917,171,171,0,214,214,0,0
2045,7568,7568,7578,6322,40682412,31894535,8787877,5844937,1609084,1333856,206,191,15,242,227,15,0
2046,7568,7568,7578,6322,40522158,31783767,8738391,5603705,1905287,1229399,235,190,45,270,226,44,0
2047,7568,7568,7578,7577,10048,6154,3894,590,479,2825,7566,22,7544,7577,24,7553,1004
2048,7568,7568,7578,6322,38292075,30401472,7890603,4347667,1582301,1960635,190,190,0,226,226,0,2484273
2049,7568,7568,7578,6322,40770828,36019804,4751024,2753352,884286,1113386,190,190,0,226,226,0,0
2050,7568,7568,7578,6322,34385834,28406265,5979569,2702282,1191572,2085715,190,190,0,226,226,0,6398278
2051,7568,7568,7578,6323,26141654,21468659,4672995,2675458,906470,1091067,374,197,177,410,233,177,13642461
2052,7568,7568,7578,6322,40398806,32326221,8072585,4296281,1448731,2327573,250,201,49,283,234,49,40462
2053,7568,7568,7578,6322,36659519,30782131,5877388,2962946,966523,1947919,191,191,0,227,227,0,4111833
2054,7568,7568,7578,7006,40815036,33674391,7140645,3598132,1381126,2161387,182,182,0,215,215,0,0
2055,7568,7568,7578,7078,2843577,2499994,343583,75607,94534,173442,6607,86,6521,6637,111,6526,2477057
2056,7568,7568,7578,6324,35653752,30229554,5424198,2981353,1075604,1367241,1116,190,926,1155,228,927,0
2057,7568,7568,7578,6322,30848261,25312881,5535380,2514601,1351982,1668797,345,198,147,380,234,146,9085479
2058,7568,7568,7578,7578,0,0,0,0,0,0,7568,35,7533,7578,37,7541,0
2059,7568,7568,7578,7578,0,0,0,0,0,0,7568,37,7531,7578,40,7538,0
2060,7568,7568,7578,6609,11814138,10834201,979937,171869,274165,533903,5430,117,5313,5451,132,5319,450
2061,7568,7568,7578,6350,17921253,16454158,1467095,400024,350009,717062,3444,160,3284,3491,201,3290,4882693
2062,7568,7568,7578,7439,1265454,915749,349705,27764,111709,210232,7339,47,7292,7346,47,7299,0
2063,7568,7568,7578,7567,99468,66995,32473,2356,7163,22954,7550,68,7482,7560,73,7487,0
2064,7568,7568,7578,6323,31451559,27380347,4071212,1934158,966309,1170745,470,197,273,507,234,273,7778746
2065,7568,7568,7578,7578,0,0,0,0,0,0,7568,35,7533,7578,39,7539,0
2066,7568,7568,7578,6322,38884392,31138134,7746258,4446368,1536995,1762895,201,196,5,236,231,5,1826402
2067,7568,7568,7578,7145,13301082,10938607,2362475,959474,630262,772739,5161,129,5032,5185,150,5035,0
2068,7568,7568,7578,7374,1890957,1441649,449308,75102,99010,275196,7207,67,7140,7209,65,7144,104205
2069,7568,7568,7578,7006,40815036,33054440,7760596,4902220,1507008,1351368,182,182,0,216,216,0,0
2070,7568,7568,7578,7032,24034332,19165500,4868832,2802894,1129058,936880,1478,187,1291,1505,214,1291,9645279
2071,7568,7568,7578,6768,8462620,7825203,637417,27162,154717,455538,5980,102,5878,5992,108,5884,314076
2072,7568,7568,7578,7035,35266932,28103330,7163602,3707754,1511892,1943956,1186,191,995,1210,213,997,0
2073,7568,7568,7578,6347,25414074,21347331,4066743,1604607,981486,1480650,2969,176,2793,3013,216,2797,0
2074,7568,7568,7578,7578,0,0,0,0,0,0,7568,54,7514,7578,58,7520,0
2075,7568,7568,7578,7578,0,0,0,0,0,0,7568,43,7525,7578,47,7531,0
2076,7568,7568,7578,6322,23831604,18575058,5256546,2814330,1153846,1288370,190,190,0,226,226,0,16977206
2077,7568,7568,7578,7578,0,0,0,0,0,0,7568,9,7559,7578,13,7565,0
2078,7568,7568,7578,7485,839952,548596,291356,80406,69462,141488,7416,52,7364,7426,53,7373,0
2079,7568,7568,7578,7014,33249942,26871827,6378115,3564833,1448484,1364798,1551,181,1370,1586,215,1371,0
2080,7568,7568,7578,6333,30940074,25779354,5160720,2589190,1203125,1368405,1969,185,1784,2008,225,1783,0
2081,7568,7568,7578,6361,13080847,11264074,1816773,750218,415161,651394,3616,154,3462,3664,194,3470,8771968
2082,7568,7568,7578,6322,40273488,31150934,9122554,5318313,1915703,1888538,280,199,81,317,234,83,0
2083,7568,7568,7578,6471,7732619,6706796,1025823,394076,293510,338237,4308,141,4167,4348,172,4176,10317935
2084,7568,7568,7578,7578,0,0,0,0,0,0,7568,33,7535,7578,37,7541,0
2085,7568,7568,7578,6324,28198529,23565621,4632908,2480960,1020241,1131707,1435,197,1238,1475,233,1242,5694337
2086,7568,7568,7578,6623,11842218,10207787,1634431,622072,435681,576678,5425,111,5314,5448,126,5322,0
2087,7568,7568,7578,7573,28416,14899,13517,5266,3936,4315,7560,59,7501,7570,65,7505,15792
2088,7568,7568,7578,7578,0,0,0,0,0,0,7568,35,7533,7578,38,7540,0
2089,7568,7568,7578,7016,26094420,19943326,6151094,4053552,1284798,812744,910,181,729,947,214,733,10722759
2090,7568,7568,7578,7569,46696,31605,15091,608,3636,10847,7555,50,7505,7564,56,7508,25142
2091,7568,7568,7578,6410,8864369,7761654,1102715,418662,388319,295734,4209,143,4066,4262,191,4071,9733260
2092,7568,7568,7578,7578,0,0,0,0,0,0,7568,30,7538,7578,33,7545,0
2093,7568,7568,7578,7578,0,0,0,0,0,0,7568,46,7522,7578,50,7528,0
2094,7568,7568,7578,7578,0,0,0,0,0,0,7568,22,7546,7578,25,7553,0
2095,7568,7568,7578,7578,0,0,0,0,0,0,7568,19,7549,7578,24,7554,0
2096,7568,7568,7578,7578,0,0,0,0,0,0,7568,13,7555,7578,3,7575,0
2097,7568,7568,7578,7578,0,0,0,0,0,0,7568,8,7560,7578,12,7566,0
2098,7568,7568,7578,7578,0,0,0,0,0,0,7568,49,7519,7578,54,7524,0
2099,7568,7568,7578,7578,0,0,0,0,0,0,7568,27,7541,7578,32,7546,0
