"Year","AFem","AFemDeath","AMal","AMalDeath","Eggs","EggsDeath","FryGrad","FryExit","FryDeath","FryInStr","allMortAF","baseMortAF","tempMortAF","allMortAM","baseMortAM","tempMortAM","InVivo","Year","allMortEgg","baseMortEgg","tempMortEgg","denMortEgg","incMortEgg","superMortEgg","lostMortEgg","catMortEgg","allMortFry","baseMortFry","tempMortFry","denMortFry","habMortFry","freshMortFry","seasMortFry","catMortFry","allMortSF","allMortSM"
2010,7568,7568,7578,6327,32841018,27701994,5139024,2322987,930905,1885132,1625,191,1434,1663,226,1437,0,2010,27701994,7324156,4139241,0,2104842,6706811,7426944,0,930905,517171,103397,0,0,0,310337,0,5943,4664
2011,7568,7568,7578,6335,26620451,23639595,2980856,576134,488383,1916339,2749,169,2580,2791,210,2581,9343,2011,23639595,5990687,3331363,0,356923,6207644,7752978,0,488383,236688,109252,0,0,0,142443,0,4819,3544
2012,7568,7568,7578,6322,40759776,32971490,7788286,4746587,1374547,1667152,192,191,1,228,227,1,0,2012,32971490,9478218,4156959,0,5560255,6592258,7183800,0,1374547,833015,42138,0,0,0,499394,0,7376,6094
2013,7568,7568,7578,6322,40577065,33286899,7290166,3062920,1463298,2763948,191,191,0,227,227,0,188237,2013,33286899,11153351,5385318,0,2111001,7298701,7338528,0,1463298,651430,418301,0,0,0,393567,0,7377,6095
2014,7568,7568,7578,6546,12883948,11991781,892167,65288,144013,682866,5234,130,5104,5258,148,5110,13736,2014,11991781,1692428,1320346,0,532047,2865700,5581260,0,144013,89611,1129,0,0,0,53273,0,2334,1288
2015,7568,7568,7578,6322,40770828,35110337,5660491,1764844,955542,2940105,190,190,0,226,226,0,0,2015,35110337,11360148,6508976,0,1318056,8291751,7631406,0,955542,442004,246866,0,0,0,266672,0,7378,6096
2016,7568,7568,7578,6488,16222371,14560569,1661802,427862,348019,885921,4624,145,4479,4655,170,4485,46173,2016,14560569,2405267,1432729,0,911153,3765976,6045444,0,348019,191442,42015,0,0,0,114562,0,2944,1833
2017,7568,7568,7578,7578,0,0,0,0,0,0,7568,39,7529,7578,41,7537,0,2017,0,0,0,0,0,0,0,0,0,0,0,0,0,0,0,0,0,0
2018,7568,7568,7578,6322,40754250,35236634,5517616,2133240,837963,2546413,193,192,1,228,227,1,0,2018,35236634,10434599,7788007,0,2865884,6842772,7305372,0,837963,500005,38320,0,0,0,299638,0,7375,6094
2019,7568,7568,7578,7007,20462158,17443915,3018243,1320610,481328,1216305,180,180,0,214,214,0,20405974,2019,17443915,5104471,3629612,0,1211994,3502313,3995525,0,481328,296569,7726,0,0,0,177033,0,7388,6793
2020,7568,7568,7578,6992,40815036,33899403,6915633,3102827,1280119,2532687,182,182,0,213,213,0,0,2020,33899403,11581108,6863078,0,1857886,7314269,6283062,0,1280119,640199,254654,0,0,0,385266,0,7386,6779
2021,7568,7568,7578,7032,32625504,26245103,6380401,3652211,1310192,1417998,1664,184,1480,1697,215,1482,0,2021,26245103,6840353,5158625,0,1392913,5923608,6929604,0,1310192,717430,161742,0,0,0,431020,0,5904,5335
2022,7568,7568,7578,6324,37598904,32048006,5550898,2891450,949388,1710060,764,194,570,801,230,571,0,2022,32048006,9087127,6188332,0,2951469,6493602,7327476,0,949388,581547,19444,0,0,0,348397,0,6804,5523
2023,7568,7568,7578,7029,40710042,34136402,6573640,2856881,1144376,2572383,201,183,18,230,213,17,0,2023,34136402,10999812,6018937,0,2798430,7207261,7111962,0,1144376,630571,135152,0,0,0,378653,0,7367,6799
2024,7568,7568,7578,7017,40820562,32717602,8102960,3945573,1266884,2890503,181,181,0,214,214,0,0,2024,32717602,11235042,5681043,0,2166914,7318385,6316218,0,1266884,789957,3744,0,0,0,473183,0,7387,6803
2025,7568,7568,7578,6322,37192028,30733392,6458636,2857967,1385956,2214713,192,191,1,228,227,1,3572448,2025,30733392,9558878,4836252,0,1840132,7246283,7251847,0,1385956,592192,435742,0,0,0,358022,0,7376,6094
2026,7568,7568,7578,6638,11455398,10264744,1190654,186688,260350,743616,5495,138,5357,5516,153,5363,0,2026,10264744,1624263,841398,0,421360,2669571,4708152,0,260350,145218,28479,0,0,0,86653,0,2073,1122
2027,7568,7568,7578,7031,40787406,33355663,7431743,4035131,1346783,2049829,187,187,0,214,214,0,0,2027,33355663,10403676,5667206,0,2963797,6999034,7321950,0,1346783,766234,120568,0,0,0,459981,0,7381,6817
2028,7568,7568,7578,6330,32155794,31402254,753540,358504,154790,240246,1749,188,1561,1791,226,1565,0,2028,31402254,5421397,2369462,0,9746644,6548327,7316424,0,154790,92379,7710,0,0,0,54701,0,5819,4539
2029,7568,7568,7578,7031,40776354,33825891,6950463,3319313,1474536,2156614,189,186,3,217,214,3,0,2029,33825891,10262387,6284791,0,3488583,6788688,7001442,0,1474536,691780,365630,0,0,0,417126,0,7379,6814
2030,7568,7568,7578,6743,10206522,9097973,1108549,210965,285097,612487,5721,123,5598,5736,128,5608,0,2030,9097973,1567672,1444349,0,489598,2004454,3591900,0,285097,130959,75546,0,0,0,78592,0,1847,1007
2031,7568,7568,7578,6323,38781468,30997651,7783817,3459042,1455574,2869201,550,192,358,586,229,357,0,2031,30997651,10957731,3410705,0,1493282,7609521,7526412,0,1455574,747385,258406,0,0,0,449783,0,7018,5737
2032,7568,7568,7578,7020,40820562,33916301,6904261,3768508,1594090,1541663,181,181,0,214,214,0,0,2032,33916301,9298083,2708271,0,6830863,8536300,6542784,0,1594090,732497,419727,0,0,0,441866,0,7387,6806
2033,7568,7568,7578,6322,39765096,32452769,7312327,4265771,1355016,1691540,372,199,173,407,235,172,0,2033,32452769,9520275,4365812,0,4657714,6725168,7183800,0,1355016,786345,96817,0,0,0,471854,0,7196,5915
2034,7568,7568,7578,6322,40770828,34318369,6452459,3449860,1105883,1896716,190,190,0,226,226,0,0,2034,34318369,10679154,4200310,0,5291963,6941038,7205904,0,1105883,668287,37019,0,0,0,400577,0,7378,6096
2035,7568,7568,7578,7025,40903452,30954479,9948973,5607990,1818156,2522827,166,166,0,213,213,0,0,2035,30954479,11460645,4572002,0,1539468,6795372,6586992,0,1818156,996572,222674,0,0,0,598910,0,7402,6812
2036,7568,7568,7578,6338,29934342,25014349,4919993,2281513,942171,1696309,2151,179,1972,2195,219,1976,0,2036,25014349,7087016,2416684,0,2345422,6042213,7123014,0,942171,541350,76129,0,0,0,324692,0,5417,4143
2037,7568,7568,7578,6322,40759776,33492402,7267374,3461014,1234597,2571763,192,192,0,227,227,0,0,2037,33492402,10790782,5859597,0,2768321,6829116,7244586,0,1234597,712351,94863,0,0,0,427383,0,7376,6095
2038,7568,7568,7578,6326,29357209,26186838,3170371,1000411,513965,1655995,1372,193,1179,1411,230,1181,4893243,2038,26186838,6818701,3924547,0,2955677,5969605,6518308,0,513965,286843,55010,0,0,0,172112,0,6196,4915
2039,7568,7568,7578,6376,22612392,19567460,3044932,1144236,595724,1304972,3476,169,3307,3516,207,3309,0,2039,19567460,3993015,3580846,0,831927,4276276,6885396,0,595724,337128,56563,0,0,0,202033,0,4092,2860
2040,7568,7568,7578,6322,40588470,33474719,7113751,3541350,1335743,2236658,223,193,30,260,229,31,0,2040,33474719,9978855,5481363,0,4009242,6766199,7239060,0,1335743,707105,203477,0,0,0,425161,0,7345,6062
2041,7568,7568,7578,6334,32940486,28057252,4883234,2455341,847113,1580780,1607,192,1415,1644,225,1419,0,2041,28057252,7037673,5634773,0,2772536,5538990,7073280,0,847113,529805,0,0,0,0,317308,0,5961,4690
2042,7568,7568,7578,7009,36280017,29468766,6811251,3245646,1362170,2203435,184,182,2,216,214,2,4534546,2042,29468766,9328923,6530958,0,2349582,5866958,5392345,0,1362170,654078,313951,0,0,0,394141,0,7384,6793
2043,7568,7568,7578,6381,19102426,16659983,2442443,933608,499148,1009687,3709,133,3576,3761,178,3583,2224872,2043,16659983,3283336,1743164,0,1018789,4219630,6395064,0,499148,278717,53628,0,0,0,166803,0,3859,2620
2044,7568,7568,7578,7023,40875822,33554342,7321480,3537712,1347851,2435917,171,171,0,214,214,0,0,2044,33554342,10883469,6359836,0,3224994,6637201,6448842,0,1347851,751017,145842,0,0,0,450992,0,7397,6809
2045,7568,7568,7578,6322,40682412,31894535,8787877,5844937,1609084,1333856,206,191,15,242,227,15,0,2045,31894535,8729308,6680918,0,2475186,6587705,7421418,0,1609084,956607,78618,0,0,0,573859,0,7362,6080
2046,7568,7568,7578,6322,40522158,31783767,8738391,5603705,1905287,1229399,235,190,45,270,226,44,0,2046,31783767,8908020,7251397,0,2184262,6256288,7183800,0,1905287,911581,443928,0,0,0,549778,0,7333,6052
2047,7568,7568,7578,7577,10048,6154,3894,590,479,2825,7566,22,7544,7577,24,7553,1004,2047,6154,3932,1292,0,930,0,0,0,479,246,101,0,0,0,132,0,2,0
2048,7568,7568,7578,6322,38292075,30401472,7890603,4347667,1582301,1960635,190,190,0,226,226,0,2484273,2048,30401472,9543176,5331723,0,2695728,6090803,6740042,0,1582301,783629,326772,0,0,0,471900,0,7378,6096
2049,7568,7568,7578,6322,40770828,36019804,4751024,2753352,884286,1113386,190,190,0,226,226,0,0,2049,36019804,9604934,4075286,0,7646478,7293792,7399314,0,884286,522999,47997,0,0,0,313290,0,7378,6096
2050,7568,7568,7578,6322,34385834,28406265,5979569,2702282,1191572,2085715,190,190,0,226,226,0,6398278,2050,28406265,9241594,4883224,0,1980447,5990754,6310246,0,1191572,555166,301640,0,0,0,334766,0,7378,6096
2051,7568,7568,7578,6323,26141654,21468659,4672995,2675458,906470,1091067,374,197,177,410,233,177,13642461,2051,21468659,6097799,2930477,0,2513936,4659166,5267281,0,906470,493838,116148,0,0,0,296484,0,7194,5913
2052,7568,7568,7578,6322,40398806,32326221,8072585,4296281,1448731,2327573,250,201,49,283,234,49,40462,2052,32326221,10419877,4878816,0,3150187,6654859,7222482,0,1448731,830740,119304,0,0,0,498687,0,7318,6039
2053,7568,7568,7578,6322,36659519,30782131,5877388,2962946,966523,1947919,191,191,0,227,227,0,4111833,2053,30782131,8868722,3812308,0,4798014,6370213,6932874,0,966523,604587,0,0,0,0,361936,0,7377,6095
2054,7568,7568,7578,7006,40815036,33674391,7140645,3598132,1381126,2161387,182,182,0,215,215,0,0,2054,33674391,10634440,6130161,0,3781987,7065781,6062022,0,1381126,739597,197116,0,0,0,444413,0,7386,6791
2055,7568,7568,7578,7078,2843577,2499994,343583,75607,94534,173442,6607,86,6521,6637,111,6526,2477057,2055,2499994,403885,244073,0,91576,998265,762195,0,94534,46888,20039,0,0,0,27607,0,961,441
2056,7568,7568,7578,6324,35653752,30229554,5424198,2981353,1075604,1367241,1116,190,926,1155,228,927,0,2056,30229554,7616489,5247883,0,3615787,6339029,7410366,0,1075604,585838,137843,0,0,0,351923,0,6452,5169
2057,7568,7568,7578,6322,30848261,25312881,5535380,2514601,1351982,1668797,345,198,147,380,234,146,9085479,2057,25312881,7755556,4505497,0,1294273,5695193,6062362,0,1351982,520168,516392,0,0,0,315422,0,7223,5942
2058,7568,7568,7578,7578,0,0,0,0,0,0,7568,35,7533,7578,37,7541,0,2058,0,0,0,0,0,0,0,0,0,0,0,0,0,0,0,0,0,0
2059,7568,7568,7578,7578,0,0,0,0,0,0,7568,37,7531,7578,40,7538,0,2059,0,0,0,0,0,0,0,0,0,0,0,0,0,0,0,0,0,0
2060,7568,7568,7578,6609,11814138,10834201,979937,171869,274165,533903,5430,117,5313,5451,132,5319,450,2060,10834201,1396546,1058843,0,481902,2597476,5299434,0,274165,117145,86698,0,0,0,70322,0,2138,1158
2061,7568,7568,7578,6350,17921253,16454158,1467095,400024,350009,717062,3444,160,3284,3491,201,3290,4882693,2061,16454158,2853247,1975136,0,1437053,4260763,5927959,0,350009,141574,123197,0,0,0,85238,0,4124,2859
2062,7568,7568,7578,7439,1265454,915749,349705,27764,111709,210232,7339,47,7292,7346,47,7299,0,2062,915749,409386,180101,0,7043,319219,0,0,111709,43160,42718,0,0,0,25831,0,229,93
2063,7568,7568,7578,7567,99468,66995,32473,2356,7163,22954,7550,68,7482,7560,73,7487,0,2063,66995,40522,12679,0,13794,0,0,0,7163,3968,1064,0,0,0,2131,0,18,7
2064,7568,7568,7578,6323,31451559,27380347,4071212,1934158,966309,1170745,470,197,273,507,234,273,7778746,2064,27380347,7063906,4492845,0,3414468,6051262,6357866,0,966309,391158,338563,0,0,0,236588,0,7098,5816
2065,7568,7568,7578,7578,0,0,0,0,0,0,7568,35,7533,7578,39,7539,0,2065,0,0,0,0,0,0,0,0,0,0,0,0,0,0,0,0,0,0
2066,7568,7568,7578,6322,38884392,31138134,7746258,4446368,1536995,1762895,201,196,5,236,231,5,1826402,2066,31138134,9974911,4501179,0,2022655,6996858,7642531,0,1536995,788738,273801,0,0,0,474456,0,7367,6086
2067,7568,7568,7578,7145,13301082,10938607,2362475,959474,630262,772739,5161,129,5032,5185,150,5035,0,2067,10938607,2252611,1336779,0,556310,2438419,4354488,0,630262,321110,116266,0,0,0,192886,0,2407,1960
2068,7568,7568,7578,7374,1890957,1441649,449308,75102,99010,275196,7207,67,7140,7209,65,7144,104205,2068,1441649,497229,229781,0,90877,608012,15750,0,99010,62130,0,0,0,0,36880,0,361,165
2069,7568,7568,7578,7006,40815036,33054440,7760596,4902220,1507008,1351368,182,182,0,216,216,0,0,2069,33054440,9383974,7129295,0,4193210,6175419,6172542,0,1507008,860282,130385,0,0,0,516341,0,7386,6790
2070,7568,7568,7578,7032,24034332,19165500,4868832,2802894,1129058,936880,1478,187,1291,1505,214,1291,9645279,2070,19165500,5268147,2976329,0,1839318,4113995,4967711,0,1129058,548564,250287,0,0,0,330207,0,6090,5527
2071,7568,7568,7578,6768,8462620,7825203,637417,27162,154717,455538,5980,102,5878,5992,108,5884,314076,2071,7825203,1154425,911838,0,225400,2066740,3466800,0,154717,69876,43046,0,0,0,41795,0,1588,776
2072,7568,7568,7578,7035,35266932,28103330,7163602,3707754,1511892,1943956,1186,191,995,1210,213,997,0,2072,28103330,8665142,4581257,0,901685,6511724,7443522,0,1511892,738890,327757,0,0,0,445245,0,6382,5825
2073,7568,7568,7578,6347,25414074,21347331,4066743,1604607,981486,1480650,2969,176,2793,3013,216,2797,0,2073,21347331,5378642,2678309,0,1138351,5205847,6946182,0,981486,440062,275842,0,0,0,265582,0,4599,3334
2074,7568,7568,7578,7578,0,0,0,0,0,0,7568,54,7514,7578,58,7520,0,2074,0,0,0,0,0,0,0,0,0,0,0,0,0,0,0,0,0,0
2075,7568,7568,7578,7578,0,0,0,0,0,0,7568,43,7525,7578,47,7531,0,2075,0,0,0,0,0,0,0,0,0,0,0,0,0,0,0,0,0,0
2076,7568,7568,7578,6322,23831604,18575058,5256546,2814330,1153846,1288370,190,190,0,226,226,0,16977206,2076,18575058,6411522,2483789,0,1025618,4155903,4498226,0,1153846,515522,327214,0,0,0,311110,0,7378,6096
2077,7568,7568,7578,7578,0,0,0,0,0,0,7568,9,7559,7578,13,7565,0,2077,0,0,0,0,0,0,0,0,0,0,0,0,0,0,0,0,0,0
2078,7568,7568,7578,7485,839952,548596,291356,80406,69462,141488,7416,52,7364,7426,53,7373,0,2078,548596,264211,158229,0,78336,47820,0,0,69462,42856,1244,0,0,0,25362,0,152,59
2079,7568,7568,7578,7014,33249942,26871827,6378115,3564833,1448484,1364798,1551,181,1370,1586,215,1371,0,2079,26871827,7446277,3606653,0,3161481,6401984,6255432,0,1448484,713450,305236,0,0,0,429798,0,6017,5428
2080,7568,7568,7578,6333,30940074,25779354,5160720,2589190,1203125,1368405,1969,185,1784,2008,225,1783,0,2080,25779354,6837765,3003171,0,2594810,6143230,7200378,0,1203125,563404,300009,0,0,0,339712,0,5599,4325
2081,7568,7568,7578,6361,13080847,11264074,1816773,750218,415161,651394,3616,154,3462,3664,194,3470,8771968,2081,11264074,2223844,1181326,0,591006,2850546,4417352,0,415161,218295,66124,0,0,0,130742,0,3952,2697
2082,7568,7568,7578,6322,40273488,31150934,9122554,5318313,1915703,1888538,280,199,81,317,234,83,0,2082,31150934,10608346,4287525,0,2075456,6841079,7338528,0,1915703,939202,410532,0,0,0,565969,0,7288,6005
2083,7568,7568,7578,6471,7732619,6706796,1025823,394076,293510,338237,4308,141,4167,4348,172,4176,10317935,2083,6706796,1206836,709810,0,373179,1616705,2800266,0,293510,127404,89850,0,0,0,76256,0,3260,2123
2084,7568,7568,7578,7578,0,0,0,0,0,0,7568,33,7535,7578,37,7541,0,2084,0,0,0,0,0,0,0,0,0,0,0,0,0,0,0,0,0,0
2085,7568,7568,7578,6324,28198529,23565621,4632908,2480960,1020241,1131707,1435,197,1238,1475,233,1242,5694337,2085,23565621,5578771,5338195,0,1263189,5116731,6268735,0,1020241,504570,212086,0,0,0,303585,0,6133,4849
2086,7568,7568,7578,6623,11842218,10207787,1634431,622072,435681,576678,5425,111,5314,5448,126,5322,0,2086,10207787,1620044,984258,0,334246,2511353,4757886,0,435681,228561,70173,0,0,0,136947,0,2143,1175
2087,7568,7568,7578,7573,28416,14899,13517,5266,3936,4315,7560,59,7501,7570,65,7505,15792,2087,14899,10487,3810,0,602,0,0,0,3936,1673,1614,0,0,0,649,0,8,3
2088,7568,7568,7578,7578,0,0,0,0,0,0,7568,35,7533,7578,38,7540,0,2088,0,0,0,0,0,0,0,0,0,0,0,0,0,0,0,0,0,0
2089,7568,7568,7578,7016,26094420,19943326,6151094,4053552,1284798,812744,910,181,729,947,214,733,10722759,2089,19943326,5564892,3410381,0,1707152,4715467,4545434,0,1284798,699485,165230,0,0,0,420083,0,6658,6069
2090,7568,7568,7578,7569,46696,31605,15091,608,3636,10847,7555,50,7505,7564,56,7508,25142,2090,31605,18700,9002,0,3903,0,0,0,3636,1688,1235,0,0,0,713,0,13,5
2091,7568,7568,7578,6410,8864369,7761654,1102715,418662,388319,295734,4209,143,4066,4262,191,4071,9733260,2091,7761654,1247184,966821,0,409072,1809705,3328872,0,388319,135116,171623,0,0,0,81580,0,3359,2148
2092,7568,7568,7578,7578,0,0,0,0,0,0,7568,30,7538,7578,33,7545,0,2092,0,0,0,0,0,0,0,0,0,0,0,0,0,0,0,0,0,0
2093,7568,7568,7578,7578,0,0,0,0,0,0,7568,46,7522,7578,50,7528,0,2093,0,0,0,0,0,0,0,0,0,0,0,0,0,0,0,0,0,0
2094,7568,7568,7578,7578,0,0,0,0,0,0,7568,22,7546,7578,25,7553,0,2094,0,0,0,0,0,0,0,0,0,0,0,0,0,0,0,0,0,0
2095,7568,7568,7578,7578,0,0,0,0,0,0,7568,19,7549,7578,24,7554,0,2095,0,0,0,0,0,0,0,0,0,0,0,0,0,0,0,0,0,0
2096,7568,7568,7578,7578,0,0,0,0,0,0,7568,13,7555,7578,3,7575,0,2096,0,0,0,0,0,0,0,0,0,0,0,0,0,0,0,0,0,0
2097,7568,7568,7578,7578,0,0,0,0,0,0,7568,8,7560,7578,12,7566,0,2097,0,0,0,0,0,0,0,0,0,0,0,0,0,0,0,0,0,0
2098,7568,7568,7578,7578,0,0,0,0,0,0,7568,49,7519,7578,54,7524,0,2098,0,0,0,0,0,0,0,0,0,0,0,0,0,0,0,0,0,0
2099,7568,7568,7578,7578,0,0,0,0,0,0,7568,27,7541,7578,32,7546,0,2099,0,0,0,0,0,0,0,0,0,0,0,0,0,0,0,0,0,0
