"Year","AFem","AFemDeath","AMal","AMalDeath","Eggs","EggsDeath","FryGrad","FryExit","FryDeath","FryInStr","allMortAF","baseMortAF","tempMortAF","allMortAM","baseMortAM","tempMortAM","InVivo","Year","allMortEgg","baseMortEgg","tempMortEgg","denMortEgg","incMortEgg","superMortEgg","lostMortEgg","catMortEgg","allMortFry","baseMortFry","tempMortFry","denMortFry","habMortFry","freshMortFry","seasMortFry","catMortFry","allMortSF","allMortSM"
2010,7568,7568,7578,6364,15974945,14381017,1593928,587296,384583,622049,4438,150,4288,4488,191,4297,1326136,2010,14381017,1955845,1485168,0,832248,3531602,6576154,0,384583,212362,45306,0,0,0,126915,0,3130,1876
2011,7568,7568,7578,6322,26894510,22070491,4824019,2482855,860022,1481142,1438,195,1243,1478,230,1248,6996924,2011,22070491,6073437,2044411,0,1763948,5906815,6281880,0,860022,537941,0,0,0,0,322081,0,6130,4844
2012,7568,7568,7578,6296,17177635,15353361,1824274,211692,572302,1040280,4458,169,4289,4509,212,4297,8225,2012,15353361,2665026,1571939,0,87945,3927541,7100910,0,572302,197631,254631,0,0,0,120040,0,3110,1787
2013,7568,7568,7578,6322,29283203,23447634,5835569,3279276,1086418,1469875,860,197,663,898,233,665,7802934,2013,23447634,7189432,3041694,0,1123219,5843422,6249867,0,1086418,636148,68840,0,0,0,381430,0,6708,5424
2014,7568,7568,7578,6320,22646754,18803097,3843657,2051709,674645,1117303,483,191,292,519,227,292,16541077,2014,18803097,5660525,1918296,0,1743900,4591001,4889375,0,674645,417113,8083,0,0,0,249449,0,7085,5801
2015,7568,7568,7578,6314,40671360,33682657,6988703,3659677,1185801,2143225,208,188,20,246,226,20,0,2015,33682657,10482056,4097549,0,4233223,7387625,7482204,0,1185801,729276,19589,0,0,0,436936,0,7360,6068
2016,7568,7568,7578,6272,9583569,8777036,806533,537080,158890,110563,263,183,80,309,228,81,30854986,2016,8777036,1748418,1053500,0,1585272,2003407,2386439,0,158890,93673,9981,0,0,0,55236,0,7305,5963
2017,7568,7568,7578,6267,29833917,25548104,4285813,1320179,916345,2049289,2169,186,1983,2216,230,1986,957,2017,25548104,6991082,3657945,0,503670,6929781,7465626,0,916345,402066,271332,0,0,0,242947,0,5399,4051
2018,7568,7568,7578,6348,13427704,12002718,1424986,234945,278749,911292,4651,142,4509,4699,184,4515,2702916,2018,12002718,1887477,696953,0,94617,3301463,6022208,0,278749,174330,317,0,0,0,104102,0,2917,1649
2019,7568,7568,7578,6288,35791902,31459978,4331924,1516496,800730,2014698,1091,183,908,1137,228,909,0,2019,31459978,8806843,5952293,0,2140014,7073098,7487730,0,800730,404379,153231,0,0,0,243120,0,6477,5151
2020,7568,7568,7578,6314,34636968,32084308,2552660,1065003,466305,1021352,1300,200,1100,1338,236,1102,0,2020,32084308,6943414,2755507,0,7825341,7127576,7432470,0,466305,272462,30814,0,0,0,163029,0,6268,4976
2021,7568,7568,7578,6317,24129627,19915898,4213729,2201064,813768,1198897,1034,191,843,1074,228,846,12007278,2021,19915898,5284457,3870473,0,843764,4617182,5300022,0,813768,457080,82688,0,0,0,274000,0,6534,5243
2022,7568,7568,7578,6268,21488507,17533618,3954889,2637807,737288,579794,562,187,375,607,231,376,17264800,2022,17533618,4314021,1739514,0,2350400,4349014,4780669,0,737288,454925,10171,0,0,0,272192,0,7006,5661
2023,7568,7568,7578,6310,36432918,33827486,2605432,1305950,527166,772316,975,191,784,1014,229,785,0,2023,33827486,8286803,3260830,0,7466858,7336317,7476678,0,527166,293178,58350,0,0,0,175638,0,6593,5296
2024,7568,7568,7578,6322,24911957,24771803,140154,45799,31346,63009,1909,197,1712,1948,232,1716,6377456,2024,24771803,3406974,1644498,0,7837254,5671892,6211185,0,31346,18380,2695,0,0,0,10271,0,5659,4374
2025,7568,7568,7578,6285,27805799,24255497,3550302,1987389,750490,812423,1776,185,1591,1826,231,1595,4210661,2025,24255497,5009842,3131447,0,3612967,5665860,6835381,0,750490,424113,72102,0,0,0,254275,0,5792,4459
2026,7568,7568,7578,6332,11722783,10433294,1289489,239136,273069,777284,4136,161,3975,4183,199,3984,7271739,2026,10433294,1861978,962423,0,76859,3010860,4521174,0,273069,148586,35733,0,0,0,88750,0,3432,2149
2027,7568,7568,7578,6382,15881724,14704429,1177295,42984,259791,874520,4694,133,4561,4747,179,4568,0,2027,14704429,2414758,1492403,0,15035,3907889,6874344,0,259791,103351,93994,0,0,0,62446,0,2874,1635
2028,7568,7568,7578,7570,71838,46980,24858,687,5357,18814,7555,22,7533,7565,25,7540,0,2028,46980,31889,10081,0,5010,0,0,0,5357,2619,1339,0,0,0,1399,0,13,5
2029,7568,7568,7578,6631,9626292,8945004,681288,26946,143596,510746,5826,113,5713,5852,131,5721,0,2029,8945004,1097806,356877,0,173128,2470891,4846302,0,143596,74964,23896,0,0,0,44736,0,1742,779
2030,7568,7568,7578,6322,19800972,16517848,3283124,1347831,678295,1256998,2312,189,2123,2353,225,2128,9271646,2030,16517848,4293860,2205220,0,429179,4296278,5293311,0,678295,355096,109919,0,0,0,213280,0,5256,3969
2031,7568,7568,7578,6286,36849863,29877485,6972378,3525726,1631488,1815164,899,191,708,947,236,711,3031,2031,29877485,8780411,4750329,0,1400993,7325398,7620354,0,1631488,728021,463801,0,0,0,439666,0,6669,5339
2032,7568,7568,7578,6337,18174735,15818738,2355997,797825,498411,1059761,4139,159,3980,4185,197,3988,776559,2032,15818738,2740298,1077982,0,235403,4735305,7029750,0,498411,306385,8780,0,0,0,183246,0,3429,2152
2033,7568,7568,7578,6312,39560634,32222653,7337981,3666429,1643162,2028390,409,187,222,450,227,223,0,2033,32222653,10150977,6084493,0,1083305,7377466,7526412,0,1643162,729801,472577,0,0,0,440784,0,7159,5862
2034,7568,7568,7578,6581,12284298,11060350,1223948,240921,285009,698018,5345,121,5224,5364,134,5230,0,2034,11060350,1635702,883955,0,441550,2871547,5227596,0,285009,159061,30871,0,0,0,95077,0,2223,1217
2035,7568,7568,7578,6281,24988572,20912962,4075610,1439239,926452,1709919,3046,174,2872,3096,217,2879,0,2035,20912962,5082288,2048097,0,493169,5840360,7449048,0,926452,452931,200682,0,0,0,272839,0,4522,3185
2036,7568,7568,7578,6322,38947248,33255928,5691320,2319908,962784,2408628,520,199,321,559,234,325,0,2036,33255928,9496534,7882015,0,822318,7412603,7642458,0,962784,514594,138957,0,0,0,309233,0,7048,5763
2037,7568,7568,7578,6364,12719491,11632947,1086544,131841,238997,715706,4463,151,4312,4511,192,4319,4455668,2037,11632947,1868930,850643,0,457047,3082157,5374170,0,238997,115959,53657,0,0,0,69381,0,3105,1853
2038,7568,7568,7578,6310,30509046,25025057,5483989,2365074,1138960,1979955,2047,190,1857,2091,229,1862,0,2038,25025057,6922311,2866762,0,922245,6842587,7471152,0,1138960,585778,200743,0,0,0,352439,0,5521,4219
2039,7568,7568,7578,6294,21706128,18198546,3507582,1313626,782102,1411854,3640,181,3459,3686,218,3468,0,2039,18198546,4106474,1174737,0,228944,5349863,7338528,0,782102,425145,101707,0,0,0,255250,0,3928,2608
2040,7568,7568,7578,6343,15934386,14150907,1783479,437706,447785,897988,3653,163,3490,3704,205,3499,5715858,2040,14150907,2779014,1729440,0,348385,3691304,5602764,0,447785,184040,152734,0,0,0,111011,0,3915,2639
2041,7568,7568,7578,6332,25016202,22180298,2835904,849087,692952,1293865,3041,189,2852,3082,225,2857,0,2041,22180298,4678934,2305989,0,1534016,5930485,7730874,0,692952,284236,236960,0,0,0,171756,0,4527,3250
2042,7568,7568,7578,7518,536022,309985,226037,27345,50510,148182,7471,13,7458,7481,16,7465,0,2042,309985,236538,71509,0,1938,0,0,0,50510,29648,3410,0,0,0,17452,0,97,37
2043,7568,7568,7578,6455,13721058,12352107,1368951,204321,422332,742298,5085,136,4949,5128,178,4950,0,2043,12352107,1768286,661393,0,346307,3265429,6310692,0,422332,172291,146052,0,0,0,103989,0,2483,1327
2044,7568,7568,7578,7452,1074931,849336,225595,7166,61811,156618,7357,37,7320,7366,40,7326,91055,2044,849336,332473,159688,0,108596,248579,0,0,61811,24783,22295,0,0,0,14733,0,211,86
2045,7568,7568,7578,7578,0,0,0,0,0,0,7568,23,7545,7578,27,7551,0,2045,0,0,0,0,0,0,0,0,0,0,0,0,0,0,0,0,0,0
2046,7568,7568,7578,7040,5415480,5164311,251169,6178,63562,181429,6588,79,6509,6613,100,6513,0,2046,5164311,514708,530929,0,227133,1432471,2459070,0,63562,23775,25765,0,0,0,14022,0,980,427
2047,7568,7568,7578,7340,2177244,1898684,278560,5178,73678,199704,7174,84,7090,7180,82,7098,0,2047,1898684,455945,295256,0,80560,796149,270774,0,73678,29844,26019,0,0,0,17815,0,394,160
2048,7568,7568,7578,6328,18528678,16964014,1564664,318523,409489,836652,4215,170,4045,4257,204,4053,0,2048,16964014,2294567,1263122,0,1117257,4795812,7493256,0,409489,181824,118340,0,0,0,109325,0,3353,2071
2049,7568,7568,7578,6324,25900362,22543261,3357101,1181151,668695,1507255,2881,194,2687,2923,232,2691,0,2049,22543261,5169701,1612060,0,1848423,6486133,7426944,0,668695,372687,72402,0,0,0,223606,0,4687,3401
2050,7568,7568,7578,6321,28656676,25700548,2956128,1619638,702072,634418,1940,183,1757,1984,221,1763,2448227,2050,25700548,5295173,3578658,0,3813380,5790618,7222719,0,702072,346909,146529,0,0,0,208634,0,5628,4337
2051,7568,7568,7578,6326,29724354,25412575,4311779,1847204,962725,1501850,2189,198,1991,2229,235,1994,0,2051,25412575,6590599,3807084,0,1331623,6278429,7404840,0,962725,466661,214984,0,0,0,281080,0,5379,4097
2052,7568,7568,7578,6324,21363516,18444107,2919409,1199285,597977,1122147,3702,163,3539,3744,199,3545,0,2052,18444107,3568455,1412075,0,910670,5164645,7388262,0,597977,369316,7748,0,0,0,220913,0,3866,2580
2053,7568,7568,7578,6356,15710418,14234909,1475509,134131,335713,1005665,4725,142,4583,4775,186,4589,0,2053,14234909,2225386,1398927,0,17327,3669191,6924078,0,335713,160520,78816,0,0,0,96377,0,2843,1581
2054,7568,7568,7578,7578,5526,3296,2230,181,209,1840,7567,39,7528,7578,43,7535,0,2054,3296,2209,629,0,458,0,0,0,209,138,0,0,0,0,71,0,1,0
2055,7568,7568,7578,6305,21903697,19392569,2511128,1082756,576993,851379,2779,174,2605,2826,215,2611,4572493,2055,19392569,3883346,1955670,0,1874466,5203856,6475231,0,576993,297449,101049,0,0,0,178495,0,4789,3479
2056,7568,7568,7578,6322,24921869,20909638,4012231,1495305,1033734,1483192,1793,192,1601,1833,228,1605,7010598,2056,20909638,5732021,2988377,0,611786,5526953,6050501,0,1033734,399166,392723,0,0,0,241845,0,5775,4489
2057,7568,7568,7578,6401,10300172,9534085,766087,41666,297953,426468,5023,137,4886,5072,180,4892,3780682,2057,9534085,1237100,966724,0,39934,2316117,4974210,0,297953,80684,168050,0,0,0,49219,0,2545,1329
2058,7568,7568,7578,7393,1613592,1410758,202834,895,39248,162691,7276,41,7235,7279,35,7244,0,2058,1410758,384143,288399,0,97125,618987,22104,0,39248,19933,7392,0,0,0,11923,0,292,114
2059,7568,7568,7578,7578,0,0,0,0,0,0,7568,48,7520,7578,56,7522,0,2059,0,0,0,0,0,0,0,0,0,0,0,0,0,0,0,0,0,0
2060,7568,7568,7578,7578,0,0,0,0,0,0,7568,3,7565,7578,5,7573,0,2060,0,0,0,0,0,0,0,0,0,0,0,0,0,0,0,0,0,0
2061,7568,7568,7578,7578,0,0,0,0,0,0,7568,6,7562,7578,0,7578,0,2061,0,0,0,0,0,0,0,0,0,0,0,0,0,0,0,0,0,0
2062,7568,7568,7578,7578,0,0,0,0,0,0,7568,24,7544,7578,27,7551,0,2062,0,0,0,0,0,0,0,0,0,0,0,0,0,0,0,0,0,0
2063,7568,7568,7578,7512,607860,397381,210479,14938,48668,146873,7458,29,7429,7470,34,7436,0,2063,397381,246238,77205,0,73938,0,0,0,48668,26372,6610,0,0,0,15686,0,110,42
2064,7568,7568,7578,7569,51597,49653,1944,578,382,984,7555,50,7505,7564,51,7513,20241,2064,49653,11962,5085,0,32606,0,0,0,382,73,274,0,0,0,35,0,13,5
2065,7568,7568,7578,6417,10774546,9935329,839217,74649,223871,540697,5100,134,4966,5150,179,4971,2877182,2065,9935329,1239903,976221,0,77835,2383754,5257616,0,223871,98069,67008,0,0,0,58794,0,2468,1267
2066,7568,7568,7578,7578,0,0,0,0,0,0,7568,17,7551,7578,23,7555,0,2066,0,0,0,0,0,0,0,0,0,0,0,0,0,0,0,0,0,0
2067,7568,7568,7578,6322,30404052,25760121,4643931,2016912,1299082,1327937,2066,201,1865,2107,237,1870,0,2067,25760121,6251557,3184715,0,1626128,7138153,7559568,0,1299082,490902,510305,0,0,0,297875,0,5502,4215
2068,7568,7568,7578,7578,0,0,0,0,0,0,7568,15,7553,7578,19,7559,0,2068,0,0,0,0,0,0,0,0,0,0,0,0,0,0,0,0,0,0
2069,7568,7568,7578,7578,0,0,0,0,0,0,7568,0,7568,7578,1,7577,0,2069,0,0,0,0,0,0,0,0,0,0,0,0,0,0,0,0,0,0
2070,7568,7568,7578,7578,0,0,0,0,0,0,7568,15,7553,7578,20,7558,0,2070,0,0,0,0,0,0,0,0,0,0,0,0,0,0,0,0,0,0
2071,7568,7568,7578,7514,371484,253500,117984,6250,42722,69012,7466,46,7420,7476,49,7427,192168,2071,253500,143273,96879,0,13348,0,0,0,42722,14151,20033,0,0,0,8538,0,102,38
2072,7568,7568,7578,7578,0,0,0,0,0,0,7568,11,7557,7578,15,7563,0,2072,0,0,0,0,0,0,0,0,0,0,0,0,0,0,0,0,0,0
2073,7568,7568,7578,7386,1467841,1197841,270000,55387,85823,128790,7273,53,7220,7274,48,7226,162329,2073,1197841,303591,318446,0,79260,496544,0,0,85823,37773,25402,0,0,0,22648,0,295,112
2074,7568,7568,7578,7564,121572,69104,52468,13391,18734,20343,7546,46,7500,7556,48,7508,0,2074,69104,44896,19430,0,4778,0,0,0,18734,7503,6747,0,0,0,4484,0,22,8
2075,7568,7568,7578,7573,18452,11129,7323,2106,1782,3435,7561,38,7523,7570,43,7527,20230,2075,11129,6499,3923,0,707,0,0,0,1782,467,1090,0,0,0,225,0,7,3
2076,7568,7568,7578,7002,2594586,2404506,190080,32934,62081,95065,6545,96,6449,6569,114,6455,3073457,2076,2404506,277694,184832,0,120021,934009,887950,0,62081,25212,22204,0,0,0,14665,0,1023,433
2077,7568,7568,7578,7534,105708,57440,48268,16404,13382,18482,7499,41,7458,7508,45,7463,275586,2077,57440,37808,19632,0,0,0,0,0,13382,7259,1860,0,0,0,4263,0,69,26
2078,7568,7568,7578,6436,1090760,1025853,64907,8371,14759,41777,5139,127,5012,5189,171,5018,12390369,2078,1025853,100070,105101,0,0,288530,532152,0,14759,6411,4901,0,0,0,3447,0,2429,1247
2079,7568,7568,7578,7274,1425167,1314436,110731,38771,38512,33448,7064,44,7020,7076,49,7027,1365589,2079,1314436,204867,213030,0,94249,626409,175881,0,38512,16015,13003,0,0,0,9494,0,504,198
2080,7568,7568,7578,7432,1298610,1013682,284928,6530,98911,179487,7333,57,7276,7342,57,7285,0,2080,1013682,415203,286845,0,0,311634,0,0,98911,31124,48924,0,0,0,18863,0,235,90
2081,7568,7568,7578,7578,0,0,0,0,0,0,7568,5,7563,7578,9,7569,0,2081,0,0,0,0,0,0,0,0,0,0,0,0,0,0,0,0,0,0
2082,7568,7568,7578,7578,0,0,0,0,0,0,7568,29,7539,7578,32,7546,0,2082,0,0,0,0,0,0,0,0,0,0,0,0,0,0,0,0,0,0
2083,7568,7568,7578,7578,0,0,0,0,0,0,7568,21,7547,7578,25,7553,0,2083,0,0,0,0,0,0,0,0,0,0,0,0,0,0,0,0,0,0
2084,7568,7568,7578,6438,8395195,7535852,859343,259025,211434,388884,5032,141,4891,5077,182,4895,5644961,2084,7535852,943719,690111,0,122338,1904124,3875560,0,211434,119912,19937,0,0,0,71585,0,2536,1361
2085,7568,7568,7578,7347,1816909,1527518,289391,10149,108225,171017,7159,105,7054,7165,104,7061,444305,2085,1527518,430262,405350,0,0,616324,75582,0,108225,31366,57971,0,0,0,18888,0,409,182
2086,7568,7568,7578,7578,0,0,0,0,0,0,7568,1,7567,7578,3,7575,0,2086,0,0,0,0,0,0,0,0,0,0,0,0,0,0,0,0,0,0
2087,7568,7568,7578,7578,0,0,0,0,0,0,7568,22,7546,7578,28,7550,0,2087,0,0,0,0,0,0,0,0,0,0,0,0,0,0,0,0,0,0
2088,7568,7568,7578,7468,978102,581735,396367,132729,152388,111250,7391,61,7330,7400,64,7336,0,2088,581735,310651,180306,0,8458,82320,0,0,152388,59091,57626,0,0,0,35671,0,177,68
2089,7568,7568,7578,7578,0,0,0,0,0,0,7568,29,7539,7578,34,7544,0,2089,0,0,0,0,0,0,0,0,0,0,0,0,0,0,0,0,0,0
2090,7568,7568,7578,7578,0,0,0,0,0,0,7568,21,7547,7578,22,7556,0,2090,0,0,0,0,0,0,0,0,0,0,0,0,0,0,0,0,0,0
2091,7568,7568,7578,7103,3778551,3487525,291026,16388,91009,183629,6777,76,6701,6808,99,6709,595531,2091,3487525,430300,312199,0,65355,1553479,1126192,0,91009,36007,33328,0,0,0,21674,0,791,295
2092,7568,7568,7578,7400,1094797,811184,283613,102380,84187,97046,7283,28,7255,7286,24,7262,480113,2092,811184,257642,182885,0,20168,350489,0,0,84187,42824,15996,0,0,0,25367,0,285,114
2093,7568,7568,7578,7362,1012286,800571,211715,70792,71045,69878,7223,81,7142,7229,81,7148,896796,2093,800571,194284,207838,0,981,368328,29140,0,71045,31618,20446,0,0,0,18981,0,345,133
2094,7568,7568,7578,7578,0,0,0,0,0,0,7568,31,7537,7578,35,7543,0,2094,0,0,0,0,0,0,0,0,0,0,0,0,0,0,0,0,0,0
2095,7568,7568,7578,7578,0,0,0,0,0,0,7568,19,7549,7578,20,7558,0,2095,0,0,0,0,0,0,0,0,0,0,0,0,0,0,0,0,0,0
2096,7568,7568,7578,7578,0,0,0,0,0,0,7568,7,7561,7578,11,7567,0,2096,0,0,0,0,0,0,0,0,0,0,0,0,0,0,0,0,0,0
2097,7568,7568,7578,7578,0,0,0,0,0,0,7568,31,7537,7578,34,7544,0,2097,0,0,0,0,0,0,0,0,0,0,0,0,0,0,0,0,0,0
2098,7568,7568,7578,7578,0,0,0,0,0,0,7568,11,7557,7578,15,7563,0,2098,0,0,0,0,0,0,0,0,0,0,0,0,0,0,0,0,0,0
2099,7568,6778,7578,6769,187809,48482,0,0,0,0,6744,52,6692,6756,61,6695,3398888,2099,48482,6765,41717,0,0,0,0,0,0,0,0,0,0,0,0,0,34,13
