"Year","AFem","AFemDeath","AMal","AMalDeath","Eggs","EggsDeath","FryGrad","FryExit","FryDeath","FryInStr","allMortAF","baseMortAF","tempMortAF","allMortAM","baseMortAM","tempMortAM","InVivo","Year","allMortEgg","baseMortEgg","tempMortEgg","denMortEgg","incMortEgg","superMortEgg","lostMortEgg","catMortEgg","allMortFry","baseMortFry","tempMortFry","denMortFry","habMortFry","freshMortFry","seasMortFry","catMortFry","allMortSF","allMortSM"
2010,7568,7568,7578,6342,20849598,18330030,2519568,754530,506300,1258738,3795,151,3644,3841,192,3649,0,2010,18330030,3564593,2000701,0,846203,4751311,7167222,0,506300,277537,62436,0,0,0,166327,0,3773,2501
2011,7568,7568,7578,6343,20595896,18639093,1956803,248116,329897,1378790,3839,157,3682,3885,197,3688,10558,2011,18639093,3924058,2133143,0,248560,4856654,7476678,0,329897,158885,75484,0,0,0,95528,0,3729,2458
2012,7568,7568,7578,6321,28259964,23720137,4539827,2319372,900581,1319874,2454,195,2259,2496,231,2265,0,2012,23720137,5412376,2484452,0,2117927,6250808,7454574,0,900581,538118,40090,0,0,0,322373,0,5114,3825
2013,7568,7568,7578,6324,20500088,17797318,2702770,630586,625226,1446958,3330,168,3162,3374,204,3170,2928973,2013,17797318,4080769,1984289,0,294634,4837833,6599793,0,625226,271033,190653,0,0,0,163540,0,4238,2950
2014,7568,7568,7578,6621,10123055,9545167,577888,13919,95782,468187,5736,131,5605,5758,147,5611,577,2014,9545167,1095730,872016,0,322963,2264480,4989978,0,95782,59030,1712,0,0,0,35040,0,1832,863
2015,7568,7568,7578,6322,39744370,34324589,5419781,1649639,929112,2841030,373,195,178,409,231,178,15200,2015,34324589,10887019,6259641,0,1088913,8424454,7664562,0,929112,429165,241112,0,0,0,258835,0,7195,5913
2016,7568,7568,7578,6626,10189192,9428302,760890,93005,172214,495671,5724,124,5600,5745,142,5603,752,2016,9428302,1107197,659488,0,382941,2349484,4929192,0,172214,93331,23144,0,0,0,55739,0,1844,881
2017,7568,7568,7578,7578,0,0,0,0,0,0,7568,34,7534,7578,38,7540,0,2017,0,0,0,0,0,0,0,0,0,0,0,0,0,0,0,0,0,0
2018,7568,7568,7578,6322,24299725,21639427,2660298,669879,437693,1552726,2633,192,2441,2673,226,2447,2981783,2018,21639427,4985728,3843278,0,839575,5438790,6532056,0,437693,260656,20997,0,0,0,156040,0,4935,3649
2019,7568,7568,7578,6286,3389217,3004755,384462,145181,63149,176132,499,183,316,546,229,317,35760368,2019,3004755,637962,553281,0,70359,785396,957757,0,63149,38864,1797,0,0,0,22488,0,7069,5740
2020,7568,7568,7578,6268,24889104,21804583,3084521,906677,648415,1529429,3064,164,2900,3113,208,2905,0,2020,21804583,5107688,3134990,0,364146,5765289,7432470,0,648415,317131,140457,0,0,0,190827,0,4504,3155
2021,7568,7568,7578,6432,16334856,14148759,2186097,832298,536127,817672,4612,144,4468,4668,192,4476,0,2021,14148759,2339155,1778970,0,113940,3484430,6432264,0,536127,283250,83086,0,0,0,169791,0,2956,1764
2022,7568,7568,7578,6480,12074310,11078526,995784,163844,213606,618334,5383,127,5256,5417,155,5262,0,2022,11078526,1411388,901826,0,130582,2605864,6028866,0,213606,128347,8732,0,0,0,76527,0,2185,1063
2023,7568,7568,7578,6327,18291060,16436164,1854896,264441,389864,1200591,4258,156,4102,4306,196,4110,0,2023,16436164,2926536,1649451,0,211393,4448406,7200378,0,389864,202296,66264,0,0,0,121304,0,3310,2021
2024,7568,7568,7578,6299,30555149,25525199,5029950,2078404,855267,2096279,1977,189,1788,2023,230,1793,342830,2024,25525199,6856434,3931830,0,1131769,6334080,7271086,0,855267,533199,2764,0,0,0,319304,0,5591,4276
2025,7568,7568,7578,6322,28991128,24374236,4616892,1810523,1048934,1757435,1339,199,1140,1379,235,1144,5442812,2025,24374236,6794883,3488129,0,1001986,6395393,6693845,0,1048934,445313,334412,0,0,0,269209,0,6229,4943
2026,7568,7568,7578,6698,9244998,8455465,789533,90749,176581,522203,5895,129,5766,5915,145,5770,0,2026,8455465,1093117,567970,0,195252,2294372,4304754,0,176581,96331,22875,0,0,0,57375,0,1673,783
2027,7568,7568,7578,6330,38477538,31631784,6845754,3671030,1263616,1911108,605,191,414,643,228,415,0,2027,31631784,9565532,5274817,0,2246462,7084873,7460100,0,1263616,717726,115112,0,0,0,430778,0,6963,5687
2028,7568,7568,7578,6430,16285122,15945583,339539,103947,76463,159129,4621,141,4480,4677,190,4487,0,2028,15945583,1879299,890232,0,2834319,3821053,6520680,0,76463,44679,5671,0,0,0,26113,0,2947,1753
2029,7568,7568,7578,6340,10834324,9773127,1061197,148390,283565,629242,4613,157,4456,4660,198,4462,5519473,2029,9773127,1403295,1048496,0,23974,2570046,4727316,0,283565,127854,79023,0,0,0,76688,0,2955,1680
2030,7568,7568,7578,7387,1735164,1393592,341572,26532,93227,221813,7254,64,7190,7255,57,7198,0,2030,1393592,440053,409631,0,0,543908,0,0,93227,42129,26138,0,0,0,24960,0,314,132
2031,7568,7568,7578,6347,18915498,16354420,2561078,512683,574440,1473955,4145,146,3999,4193,189,4004,0,2031,16354420,3470028,1047953,0,99497,4608402,7128540,0,574440,281921,123009,0,0,0,169510,0,3423,2154
2032,7568,7568,7578,6304,28779408,24763738,4015670,1849812,1032713,1133145,2360,190,2170,2406,231,2175,0,2032,24763738,5329673,1633111,0,3167291,7173563,7460100,0,1032713,463067,290250,0,0,0,279396,0,5208,3898
2033,7568,7568,7578,6707,8172954,7606578,566376,89524,140212,336640,6089,125,5964,6106,135,5971,0,2033,7606578,727025,408298,0,31082,2240413,4199760,0,140212,75522,19554,0,0,0,45136,0,1479,601
2034,7568,7568,7578,6322,38869884,32800774,6069110,3180127,1084701,1804282,534,191,343,569,227,342,0,2034,32800774,9901493,4215948,0,3928377,7272752,7482204,0,1084701,644467,53855,0,0,0,386379,0,7034,5753
2035,7568,7568,7578,6309,29607134,23173749,6433385,3359425,1245957,1828003,1462,195,1267,1504,234,1270,4147839,2035,23173749,7336232,3137602,0,375031,5871130,6453754,0,1245957,678305,160106,0,0,0,407546,0,6106,4805
2036,7568,7568,7578,6639,9924696,8931129,993567,180390,237739,575438,5772,112,5660,5794,129,5665,0,2036,8931129,1236042,448597,0,100745,2365755,4779990,0,237739,130900,28660,0,0,0,78179,0,1796,845
2037,7568,7568,7578,6323,36311346,30111014,6200332,2738248,1099423,2362661,997,206,791,1031,240,791,0,2037,30111014,9070819,5020947,0,1565789,7015463,7437996,0,1099423,632119,88025,0,0,0,379279,0,6571,5292
2038,7568,7568,7578,6335,21046923,19107395,1939528,434778,328847,1175903,3080,172,2908,3122,208,2914,3764613,2038,19107395,4129228,2364676,0,1391137,4895689,6326665,0,328847,183099,36141,0,0,0,109607,0,4488,3213
2039,7568,7568,7578,6344,23059998,20043318,3016680,1116736,591021,1308923,3395,165,3230,3441,207,3234,0,2039,20043318,3976753,3599612,0,741286,4536341,7189326,0,591021,333923,57056,0,0,0,200042,0,4173,2903
2040,7568,7568,7578,6357,14378652,13129803,1248849,150784,300876,797189,4966,156,4810,5013,195,4818,0,2040,13129803,1686243,972507,0,54870,3376059,7040124,0,300876,150811,59604,0,0,0,90461,0,2602,1344
2041,7568,7568,7578,6886,6188133,5725890,462243,49385,93945,318913,6395,120,6275,6417,137,6280,295622,2041,5725890,625295,600691,0,7725,1807204,2684975,0,93945,58990,0,0,0,0,34955,0,1173,469
2042,7568,7568,7578,6294,15429269,13773641,1655628,331625,407522,916481,4099,154,3945,4154,200,3954,3757705,2042,13773641,2244847,1931795,0,76103,3616608,5904288,0,407522,187902,106676,0,0,0,112944,0,3469,2140
2043,7568,7568,7578,6543,10615262,9681439,933823,157212,222563,554048,5426,96,5330,5446,110,5336,1224592,2043,9681439,1276022,720274,0,287256,2398887,4999000,0,222563,117852,34201,0,0,0,70510,0,2142,1097
2044,7568,7568,7578,6306,29017026,24642086,4374940,1725506,891490,1757944,2317,193,2124,2361,232,2129,0,2044,24642086,6309316,3812540,0,982531,6077599,7460100,0,891490,482784,118719,0,0,0,289987,0,5251,3945
2045,7568,7568,7578,6326,21529296,18279659,3249637,1592030,736403,921204,3672,167,3505,3715,202,3513,0,2045,18279659,3204693,2730489,0,331076,4652769,7360632,0,736403,421236,62650,0,0,0,252517,0,3896,2611
2046,7568,7568,7578,6323,24441929,20236062,4205867,2269052,1080093,856722,2718,188,2530,2758,222,2536,2367528,2046,20236062,4246815,3802949,0,454743,5012024,6719531,0,1080093,495114,286408,0,0,0,298571,0,4850,3565
2047,7568,7568,7578,7578,0,0,0,0,0,0,7568,21,7547,7578,24,7554,0,2047,0,0,0,0,0,0,0,0,0,0,0,0,0,0,0,0,0,0
2048,7568,7568,7578,6322,32842747,26186158,6656589,3742120,1348317,1566152,190,190,0,226,226,0,7946846,2048,26186158,7928400,5175669,0,1390303,5605077,6086709,0,1348317,671499,272562,0,0,0,404256,0,7378,6096
2049,7568,7568,7578,6322,38936196,34429286,4506910,2569602,860270,1077038,522,193,329,560,229,331,0,2049,34429286,8989059,3945101,0,6464664,7492998,7537464,0,860270,504408,53615,0,0,0,302247,0,7046,5762
2050,7568,7568,7578,6324,10077579,8747869,1329710,380175,304730,644805,3203,177,3026,3247,215,3032,14094926,2050,8747869,1989236,1139640,0,178732,2328044,3112217,0,304730,138233,83707,0,0,0,82790,0,4365,3077
2051,7568,7568,7578,6521,6948399,6281769,666630,134850,177115,354665,5500,129,5371,5535,162,5373,4503129,2051,6281769,800582,409610,0,98071,1482964,3490542,0,177115,88505,35917,0,0,0,52693,0,2068,986
2052,7568,7568,7578,6741,8190531,7273442,917089,147417,212162,557510,5952,117,5835,5974,133,5841,743101,2052,7273442,1090394,557533,0,0,2002679,3622836,0,212162,117755,24245,0,0,0,70162,0,1616,767
2053,7568,7568,7578,6325,16564687,14698992,1865695,518744,357837,989114,3769,172,3597,3812,209,3603,4446170,2053,14698992,2633566,1193926,0,760802,4168667,5942031,0,357837,224092,0,0,0,0,133745,0,3799,2513
2054,7568,7568,7578,6285,34682364,29165965,5516399,2784422,1098123,1633854,620,181,439,669,228,441,3716300,2054,29165965,8085476,5751653,0,2262857,6253710,6812269,0,1098123,587316,158040,0,0,0,352767,0,6948,5616
2055,7568,7568,7578,7458,434986,279786,155200,43464,45545,66191,7376,50,7326,7385,51,7334,626006,2055,279786,138432,65222,0,16767,59365,0,0,45545,22703,9432,0,0,0,13410,0,192,73
2056,7568,7568,7578,6516,11532762,10539250,993512,192181,260847,540484,5481,110,5371,5512,134,5378,0,2056,10539250,1322300,975592,0,231158,2257634,5752566,0,260847,129541,53764,0,0,0,77542,0,2087,1004
2057,7568,7568,7578,6343,12224830,10839466,1385364,250763,419874,714727,4255,162,4093,4296,199,4097,6106088,2057,10839466,1918937,1172443,0,64349,2847781,4835956,0,419874,152330,175433,0,0,0,92111,0,3313,2047
2058,7568,7568,7578,7578,0,0,0,0,0,0,7568,34,7534,7578,38,7540,0,2058,0,0,0,0,0,0,0,0,0,0,0,0,0,0,0,0,0,0
2059,7568,7568,7578,7578,0,0,0,0,0,0,7568,35,7533,7578,37,7541,0,2059,0,0,0,0,0,0,0,0,0,0,0,0,0,0,0,0,0,0
2060,7568,7568,7578,7275,2856942,2533381,323561,19407,94343,209811,7051,66,6985,7049,58,6991,0,2060,2533381,472993,376292,0,141279,1122841,419976,0,94343,39261,31728,0,0,0,23354,0,517,226
2061,7568,7568,7578,6656,7259651,6898248,361403,12200,97515,251688,5801,123,5678,5824,139,5685,2518861,2061,6898248,746218,545889,0,361703,1739169,3505269,0,97515,36979,38550,0,0,0,21986,0,1767,832
2062,7568,7568,7578,7497,751536,455852,295684,30364,96084,169236,7432,44,7388,7443,46,7397,0,2062,455852,317202,124811,0,4263,9576,0,0,96084,37639,36057,0,0,0,22388,0,136,54
2063,7568,7568,7578,7571,66312,43227,23085,1266,5220,16599,7556,66,7490,7567,69,7498,0,2063,43227,27099,7916,0,8212,0,0,0,5220,2771,1045,0,0,0,1404,0,12,4
2064,7568,7568,7578,6462,9419360,8847992,571368,47469,175429,348470,5299,137,5162,5336,167,5169,3127576,2064,8847992,1036650,776550,0,310947,2114684,4609161,0,175429,65606,70417,0,0,0,39406,0,2269,1126
2065,7568,7568,7578,7578,0,0,0,0,0,0,7568,34,7534,7578,37,7541,0,2065,0,0,0,0,0,0,0,0,0,0,0,0,0,0,0,0,0,0
2066,7568,7568,7578,6323,27883574,22952663,4930911,2479092,1073197,1378622,1878,196,1682,1916,229,1687,3568056,2066,22952663,6308492,2906087,0,998953,5808632,6930499,0,1073197,539619,208797,0,0,0,324781,0,5690,4407
2067,7568,7568,7578,7578,11052,5984,5068,2196,878,1994,7566,51,7515,7578,51,7527,0,2067,5984,3828,2156,0,0,0,0,0,878,330,386,0,0,0,162,0,2,0
2068,7568,7568,7578,7556,177590,99655,77935,16811,17747,43377,7533,46,7487,7543,49,7494,15820,2068,99655,70501,27058,0,2096,0,0,0,17747,11192,0,0,0,0,6555,0,35,13
2069,7568,7568,7578,6286,24942860,20895697,4047163,2374247,853881,819035,2052,185,1867,2104,233,1871,5552127,2069,20895697,4684759,4110481,0,1215945,4713235,6171277,0,853881,479822,86260,0,0,0,287799,0,5516,4182
2070,7568,7568,7578,7193,1169562,1046284,123278,25097,39336,58845,6918,92,6826,6951,120,6831,2434766,2070,1046284,146972,174328,0,0,502770,222214,0,39336,16849,12439,0,0,0,10048,0,650,242
2071,7568,7568,7578,7508,79759,58844,20915,1225,4993,14697,7458,38,7420,7467,43,7424,528101,2071,58844,29455,27474,0,1915,0,0,0,4993,2427,1430,0,0,0,1136,0,110,41
2072,7568,7568,7578,6344,18934059,16395951,2538108,713796,656418,1167894,4137,149,3988,4185,190,3995,25647,2072,16395951,3105899,1774294,0,104340,4271826,7139592,0,656418,299923,175742,0,0,0,180753,0,3431,2159
2073,7568,7568,7578,6371,18141858,15755991,2385867,607093,646841,1131933,4285,158,4127,4332,199,4133,0,2073,15755991,3110853,1530638,0,145603,4022715,6946182,0,646841,278723,200280,0,0,0,167838,0,3283,2039
2074,7568,7568,7578,7578,0,0,0,0,0,0,7568,50,7518,7578,50,7528,0,2074,0,0,0,0,0,0,0,0,0,0,0,0,0,0,0,0,0,0
2075,7568,7568,7578,7578,0,0,0,0,0,0,7568,34,7534,7578,38,7540,0,2075,0,0,0,0,0,0,0,0,0,0,0,0,0,0,0,0,0,0
2076,7568,7568,7578,6324,149202,141511,7691,7025,642,24,3202,188,3014,3243,224,3019,24065730,2076,141511,14849,68827,0,822,57013,0,0,642,420,17,0,0,0,205,0,4366,3081
2077,7568,7568,7578,7578,0,0,0,0,0,0,7568,8,7560,7578,12,7566,0,2077,0,0,0,0,0,0,0,0,0,0,0,0,0,0,0,0,0,0
2078,7568,7568,7578,7530,425502,267161,158341,44590,38875,74876,7491,47,7444,7502,51,7451,0,2078,267161,139808,82932,0,44421,0,0,0,38875,23504,1452,0,0,0,13919,0,77,28
2079,7568,7568,7578,6597,5326522,4758492,568030,161954,165347,240729,5687,145,5542,5720,170,5550,5095014,2079,4758492,630009,370660,0,86989,1170077,2500757,0,165347,77148,42237,0,0,0,45962,0,1881,877
2080,7568,7568,7578,6503,13234770,11810597,1424173,321280,426758,676135,5173,115,5058,5204,138,5066,0,2080,11810597,1810365,874281,0,297951,2970440,5857560,0,426758,182403,134625,0,0,0,109730,0,2395,1299
2081,7568,7568,7578,6991,3363879,3041122,322757,42968,85083,194706,6528,87,6441,6554,104,6450,2387883,2081,3041122,411601,277439,0,13660,1176867,1161555,0,85083,41985,18098,0,0,0,25000,0,1040,437
2082,7568,7568,7578,6496,10744618,9595300,1149318,264918,336661,547739,5479,129,5350,5512,161,5351,803343,2082,9595300,1243200,582448,0,0,2275669,5493983,0,336661,153275,91197,0,0,0,92189,0,2089,984
2083,7568,7568,7578,7091,1811949,1621563,190386,27732,62244,100410,6723,101,6622,6751,124,6627,2871085,2083,1621563,231503,164138,0,7020,689422,529480,0,62244,25101,22440,0,0,0,14703,0,845,340
2084,7568,7568,7578,7578,0,0,0,0,0,0,7568,23,7545,7578,27,7551,0,2084,0,0,0,0,0,0,0,0,0,0,0,0,0,0,0,0,0,0
2085,7568,7568,7578,6437,10167601,9279184,888417,217297,251787,419333,5147,120,5027,5198,164,5034,3218045,2085,9279184,1050331,1179389,0,8166,2173186,4868112,0,251787,117981,63139,0,0,0,70667,0,2421,1239
2086,7568,7568,7578,6953,5945976,5407040,538936,124029,151689,263218,6492,81,6411,6518,100,6418,0,2086,5407040,623435,429331,0,50854,1993552,2309868,0,151689,76007,30187,0,0,0,45495,0,1076,435
2087,7568,7568,7578,7578,3200,1623,1577,361,371,845,7567,57,7510,7578,62,7516,2326,2087,1623,1292,283,0,48,0,0,0,371,93,233,0,0,0,45,0,1,0
2088,7568,7568,7578,7578,0,0,0,0,0,0,7568,30,7538,7578,35,7543,0,2088,0,0,0,0,0,0,0,0,0,0,0,0,0,0,0,0,0,0
2089,7568,7568,7578,6652,3866836,3524605,342231,121478,101116,119637,5957,106,5851,5981,121,5860,5063810,2089,3524605,333199,283198,0,0,956460,1951748,0,101116,49521,22323,0,0,0,29272,0,1611,671
2090,7568,7568,7578,7578,0,0,0,0,0,0,7568,51,7517,7578,52,7526,0,2090,0,0,0,0,0,0,0,0,0,0,0,0,0,0,0,0,0,0
2091,7568,7568,7578,7291,1095903,909049,186854,36471,79297,71086,7121,73,7048,7113,57,7056,1383489,2091,0,0,0,0,0,0,0,0,0,0,0,0,0,0,0,0,0,0
2092,7568,7568,7578,7578,0,0,0,0,0,0,7568,29,7539,7578,33,7545,0,2092,0,0,0,0,0,0,0,0,0,0,0,0,0,0,0,0,0,0
2093,7568,7568,7578,7578,0,0,0,0,0,0,7568,48,7520,7578,53,7525,0,2093,0,0,0,0,0,0,0,0,0,0,0,0,0,0,0,0,0,0
2094,7568,7568,7578,7578,0,0,0,0,0,0,7568,22,7546,7578,24,7554,0,2094,0,0,0,0,0,0,0,0,0,0,0,0,0,0,0,0,0,0
2095,7568,7568,7578,7578,0,0,0,0,0,0,7568,17,7551,7578,18,7560,0,2095,0,0,0,0,0,0,0,0,0,0,0,0,0,0,0,0,0,0
2096,7568,7568,7578,7578,0,0,0,0,0,0,7568,12,7556,7578,1,7577,0,2096,0,0,0,0,0,0,0,0,0,0,0,0,0,0,0,0,0,0
2097,7568,7568,7578,7578,0,0,0,0,0,0,7568,7,7561,7578,12,7566,0,2097,0,0,0,0,0,0,0,0,0,0,0,0,0,0,0,0,0,0
2098,7568,7568,7578,7578,0,0,0,0,0,0,7568,46,7522,7578,48,7530,0,2098,909049,199731,168484,0,1490,434596,104748,0,79297,25208,38817,0,0,0,15272,0,447,178
2099,7568,7568,7578,7578,0,0,0,0,0,0,7568,27,7541,7578,33,7545,0,2099,0,0,0,0,0,0,0,0,0,0,0,0,0,0,0,0,0,0
