"Year","allMortEgg","baseMortEgg","tempMortEgg","denMortEgg","incMortEgg","superMortEgg","lostMortEgg","catMortEgg","allMortFry","baseMortFry","tempMortFry","denMortFry","habMortFry","freshMortFry","seasMortFry","catMortFry","allMortSF","allMortSM"
2010,18330030,3564593,2000701,0,846203,4751311,7167222,0,506300,277537,62436,0,0,0,166327,0,3773,2501
2011,18639093,3924058,2133143,0,248560,4856654,7476678,0,329897,158885,75484,0,0,0,95528,0,3729,2458
2012,23720137,5412376,2484452,0,2117927,6250808,7454574,0,900581,538118,40090,0,0,0,322373,0,5114,3825
2013,17797318,4080769,1984289,0,294634,4837833,6599793,0,625226,271033,190653,0,0,0,163540,0,4238,2950
2014,9545167,1095730,872016,0,322963,2264480,4989978,0,95782,59030,1712,0,0,0,35040,0,1832,863
2015,34324589,10887019,6259641,0,1088913,8424454,7664562,0,929112,429165,241112,0,0,0,258835,0,7195,5913
2016,9428302,1107197,659488,0,382941,2349484,4929192,0,172214,93331,23144,0,0,0,55739,0,1844,881
2017,0,0,0,0,0,0,0,0,0,0,0,0,0,0,0,0,0,0
2018,21639427,4985728,3843278,0,839575,5438790,6532056,0,437693,260656,20997,0,0,0,156040,0,4935,3649
2019,3004755,637962,553281,0,70359,785396,957757,0,63149,38864,1797,0,0,0,22488,0,7069,5740
2020,21804583,5107688,3134990,0,364146,5765289,7432470,0,648415,317131,140457,0,0,0,190827,0,4504,3155
2021,14148759,2339155,1778970,0,113940,3484430,6432264,0,536127,283250,83086,0,0,0,169791,0,2956,1764
2022,11078526,1411388,901826,0,130582,2605864,6028866,0,213606,128347,8732,0,0,0,76527,0,2185,1063
2023,16436164,2926536,1649451,0,211393,4448406,7200378,0,389864,202296,66264,0,0,0,121304,0,3310,2021
2024,25525199,6856434,3931830,0,1131769,6334080,7271086,0,855267,533199,2764,0,0,0,319304,0,5591,4276
2025,24374236,6794883,3488129,0,1001986,6395393,6693845,0,1048934,445313,334412,0,0,0,269209,0,6229,4943
2026,8455465,1093117,567970,0,195252,2294372,4304754,0,176581,96331,22875,0,0,0,57375,0,1673,783
2027,31631784,9565532,5274817,0,2246462,7084873,7460100,0,1263616,717726,115112,0,0,0,430778,0,6963,5687
2028,15945583,1879299,890232,0,2834319,3821053,6520680,0,76463,44679,5671,0,0,0,26113,0,2947,1753
2029,9773127,1403295,1048496,0,23974,2570046,4727316,0,283565,127854,79023,0,0,0,76688,0,2955,1680
2030,1393592,440053,409631,0,0,543908,0,0,93227,42129,26138,0,0,0,24960,0,314,132
2031,16354420,3470028,1047953,0,99497,4608402,7128540,0,574440,281921,123009,0,0,0,169510,0,3423,2154
2032,24763738,5329673,1633111,0,3167291,7173563,7460100,0,1032713,463067,290250,0,0,0,279396,0,5208,3898
2033,7606578,727025,408298,0,31082,2240413,4199760,0,140212,75522,19554,0,0,0,45136,0,1479,601
2034,32800774,9901493,4215948,0,3928377,7272752,7482204,0,1084701,644467,53855,0,0,0,386379,0,7034,5753
2035,23173749,7336232,3137602,0,375031,5871130,6453754,0,1245957,678305,160106,0,0,0,407546,0,6106,4805
2036,8931129,1236042,448597,0,100745,2365755,4779990,0,237739,130900,28660,0,0,0,78179,0,1796,845
2037,30111014,9070819,5020947,0,1565789,7015463,7437996,0,1099423,632119,88025,0,0,0,379279,0,6571,5292
2038,19107395,4129228,2364676,0,1391137,4895689,6326665,0,328847,183099,36141,0,0,0,109607,0,4488,3213
2039,20043318,3976753,3599612,0,741286,4536341,7189326,0,591021,333923,57056,0,0,0,200042,0,4173,2903
2040,13129803,1686243,972507,0,54870,3376059,7040124,0,300876,150811,59604,0,0,0,90461,0,2602,1344
2041,5725890,625295,600691,0,7725,1807204,2684975,0,93945,58990,0,0,0,0,34955,0,1173,469
2042,13773641,2244847,1931795,0,76103,3616608,5904288,0,407522,187902,106676,0,0,0,112944,0,3469,2140
2043,9681439,1276022,720274,0,287256,2398887,4999000,0,222563,117852,34201,0,0,0,70510,0,2142,1097
2044,24642086,6309316,3812540,0,982531,6077599,7460100,0,891490,482784,118719,0,0,0,289987,0,5251,3945
2045,18279659,3204693,2730489,0,331076,4652769,7360632,0,736403,421236,62650,0,0,0,252517,0,3896,2611
2046,20236062,4246815,3802949,0,454743,5012024,6719531,0,1080093,495114,286408,0,0,0,298571,0,4850,3565
2047,0,0,0,0,0,0,0,0,0,0,0,0,0,0,0,0,0,0
2048,26186158,7928400,5175669,0,1390303,5605077,6086709,0,1348317,671499,272562,0,0,0,404256,0,7378,6096
2049,34429286,8989059,3945101,0,6464664,7492998,7537464,0,860270,504408,53615,0,0,0,302247,0,7046,5762
2050,8747869,1989236,1139640,0,178732,2328044,3112217,0,304730,138233,83707,0,0,0,82790,0,4365,3077
2051,6281769,800582,409610,0,98071,1482964,3490542,0,177115,88505,35917,0,0,0,52693,0,2068,986
2052,7273442,1090394,557533,0,0,2002679,3622836,0,212162,117755,24245,0,0,0,70162,0,1616,767
2053,14698992,2633566,1193926,0,760802,4168667,5942031,0,357837,224092,0,0,0,0,133745,0,3799,2513
2054,29165965,8085476,5751653,0,2262857,6253710,6812269,0,1098123,587316,158040,0,0,0,352767,0,6948,5616
2055,279786,138432,65222,0,16767,59365,0,0,45545,22703,9432,0,0,0,13410,0,192,73
2056,10539250,1322300,975592,0,231158,2257634,5752566,0,260847,129541,53764,0,0,0,77542,0,2087,1004
2057,10839466,1918937,1172443,0,64349,2847781,4835956,0,419874,152330,175433,0,0,0,92111,0,3313,2047
2058,0,0,0,0,0,0,0,0,0,0,0,0,0,0,0,0,0,0
2059,0,0,0,0,0,0,0,0,0,0,0,0,0,0,0,0,0,0
2060,2533381,472993,376292,0,141279,1122841,419976,0,94343,39261,31728,0,0,0,23354,0,517,226
2061,6898248,746218,545889,0,361703,1739169,3505269,0,97515,36979,38550,0,0,0,21986,0,1767,832
2062,455852,317202,124811,0,4263,9576,0,0,96084,37639,36057,0,0,0,22388,0,136,54
2063,43227,27099,7916,0,8212,0,0,0,5220,2771,1045,0,0,0,1404,0,12,4
2064,8847992,1036650,776550,0,310947,2114684,4609161,0,175429,65606,70417,0,0,0,39406,0,2269,1126
2065,0,0,0,0,0,0,0,0,0,0,0,0,0,0,0,0,0,0
2066,22952663,6308492,2906087,0,998953,5808632,6930499,0,1073197,539619,208797,0,0,0,324781,0,5690,4407
2067,5984,3828,2156,0,0,0,0,0,878,330,386,0,0,0,162,0,2,0
2068,99655,70501,27058,0,2096,0,0,0,17747,11192,0,0,0,0,6555,0,35,13
2069,20895697,4684759,4110481,0,1215945,4713235,6171277,0,853881,479822,86260,0,0,0,287799,0,5516,4182
2070,1046284,146972,174328,0,0,502770,222214,0,39336,16849,12439,0,0,0,10048,0,650,242
2071,58844,29455,27474,0,1915,0,0,0,4993,2427,1430,0,0,0,1136,0,110,41
2072,16395951,3105899,1774294,0,104340,4271826,7139592,0,656418,299923,175742,0,0,0,180753,0,3431,2159
2073,15755991,3110853,1530638,0,145603,4022715,6946182,0,646841,278723,200280,0,0,0,167838,0,3283,2039
2074,0,0,0,0,0,0,0,0,0,0,0,0,0,0,0,0,0,0
2075,0,0,0,0,0,0,0,0,0,0,0,0,0,0,0,0,0,0
2076,141511,14849,68827,0,822,57013,0,0,642,420,17,0,0,0,205,0,4366,3081
2077,0,0,0,0,0,0,0,0,0,0,0,0,0,0,0,0,0,0
2078,267161,139808,82932,0,44421,0,0,0,38875,23504,1452,0,0,0,13919,0,77,28
2079,4758492,630009,370660,0,86989,1170077,2500757,0,165347,77148,42237,0,0,0,45962,0,1881,877
2080,11810597,1810365,874281,0,297951,2970440,5857560,0,426758,182403,134625,0,0,0,109730,0,2395,1299
2081,3041122,411601,277439,0,13660,1176867,1161555,0,85083,41985,18098,0,0,0,25000,0,1040,437
2082,9595300,1243200,582448,0,0,2275669,5493983,0,336661,153275,91197,0,0,0,92189,0,2089,984
2083,1621563,231503,164138,0,7020,689422,529480,0,62244,25101,22440,0,0,0,14703,0,845,340
2084,0,0,0,0,0,0,0,0,0,0,0,0,0,0,0,0,0,0
2085,9279184,1050331,1179389,0,8166,2173186,4868112,0,251787,117981,63139,0,0,0,70667,0,2421,1239
2086,5407040,623435,429331,0,50854,1993552,2309868,0,151689,76007,30187,0,0,0,45495,0,1076,435
2087,1623,1292,283,0,48,0,0,0,371,93,233,0,0,0,45,0,1,0
2088,0,0,0,0,0,0,0,0,0,0,0,0,0,0,0,0,0,0
2089,3524605,333199,283198,0,0,956460,1951748,0,101116,49521,22323,0,0,0,29272,0,1611,671
2090,0,0,0,0,0,0,0,0,0,0,0,0,0,0,0,0,0,0
2091,0,0,0,0,0,0,0,0,0,0,0,0,0,0,0,0,0,0
2092,0,0,0,0,0,0,0,0,0,0,0,0,0,0,0,0,0,0
2093,0,0,0,0,0,0,0,0,0,0,0,0,0,0,0,0,0,0
2094,0,0,0,0,0,0,0,0,0,0,0,0,0,0,0,0,0,0
2095,0,0,0,0,0,0,0,0,0,0,0,0,0,0,0,0,0,0
2096,0,0,0,0,0,0,0,0,0,0,0,0,0,0,0,0,0,0
2097,0,0,0,0,0,0,0,0,0,0,0,0,0,0,0,0,0,0
2098,909049,199731,168484,0,1490,434596,104748,0,79297,25208,38817,0,0,0,15272,0,447,178
2099,0,0,0,0,0,0,0,0,0,0,0,0,0,0,0,0,0,0
