"Year","AFem","AFemDeath","AMal","AMalDeath","Eggs","EggsDeath","FryGrad","FryExit","FryDeath","FryInStr","allMortAF","baseMortAF","tempMortAF","allMortAM","baseMortAM","tempMortAM","InVivo"
2010,7568,7568,7578,6342,20849598,18330030,2519568,754530,506300,1258738,3795,151,3644,3841,192,3649,0
2011,7568,7568,7578,6343,20595896,18639093,1956803,248116,329897,1378790,3839,157,3682,3885,197,3688,10558
2012,7568,7568,7578,6321,28259964,23720137,4539827,2319372,900581,1319874,2454,195,2259,2496,231,2265,0
2013,7568,7568,7578,6324,20500088,17797318,2702770,630586,625226,1446958,3330,168,3162,3374,204,3170,2928973
2014,7568,7568,7578,6621,10123055,9545167,577888,13919,95782,468187,5736,131,5605,5758,147,5611,577
2015,7568,7568,7578,6322,39744370,34324589,5419781,1649639,929112,2841030,373,195,178,409,231,178,15200
2016,7568,7568,7578,6626,10189192,9428302,760890,93005,172214,495671,5724,124,5600,5745,142,5603,752
2017,7568,7568,7578,7578,0,0,0,0,0,0,7568,34,7534,7578,38,7540,0
2018,7568,7568,7578,6322,24299725,21639427,2660298,669879,437693,1552726,2633,192,2441,2673,226,2447,2981783
2019,7568,7568,7578,6286,3389217,3004755,384462,145181,63149,176132,499,183,316,546,229,317,35760368
2020,7568,7568,7578,6268,24889104,21804583,3084521,906677,648415,1529429,3064,164,2900,3113,208,2905,0
2021,7568,7568,7578,6432,16334856,14148759,2186097,832298,536127,817672,4612,144,4468,4668,192,4476,0
2022,7568,7568,7578,6480,12074310,11078526,995784,163844,213606,618334,5383,127,5256,5417,155,5262,0
2023,7568,7568,7578,6327,18291060,16436164,1854896,264441,389864,1200591,4258,156,4102,4306,196,4110,0
2024,7568,7568,7578,6299,30555149,25525199,5029950,2078404,855267,2096279,1977,189,1788,2023,230,1793,342830
2025,7568,7568,7578,6322,28991128,24374236,4616892,1810523,1048934,1757435,1339,199,1140,1379,235,1144,5442812
2026,7568,7568,7578,6698,9244998,8455465,789533,90749,176581,522203,5895,129,5766,5915,145,5770,0
2027,7568,7568,7578,6330,38477538,31631784,6845754,3671030,1263616,1911108,605,191,414,643,228,415,0
2028,7568,7568,7578,6430,16285122,15945583,339539,103947,76463,159129,4621,141,4480,4677,190,4487,0
2029,7568,7568,7578,6340,10834324,9773127,1061197,148390,283565,629242,4613,157,4456,4660,198,4462,5519473
2030,7568,7568,7578,7387,1735164,1393592,341572,26532,93227,221813,7254,64,7190,7255,57,7198,0
2031,7568,7568,7578,6347,18915498,16354420,2561078,512683,574440,1473955,4145,146,3999,4193,189,4004,0
2032,7568,7568,7578,6304,28779408,24763738,4015670,1849812,1032713,1133145,2360,190,2170,2406,231,2175,0
2033,7568,7568,7578,6707,8172954,7606578,566376,89524,140212,336640,6089,125,5964,6106,135,5971,0
2034,7568,7568,7578,6322,38869884,32800774,6069110,3180127,1084701,1804282,534,191,343,569,227,342,0
2035,7568,7568,7578,6309,29607134,23173749,6433385,3359425,1245957,1828003,1462,195,1267,1504,234,1270,4147839
2036,7568,7568,7578,6639,9924696,8931129,993567,180390,237739,575438,5772,112,5660,5794,129,5665,0
2037,7568,7568,7578,6323,36311346,30111014,6200332,2738248,1099423,2362661,997,206,791,1031,240,791,0
2038,7568,7568,7578,6335,21046923,19107395,1939528,434778,328847,1175903,3080,172,2908,3122,208,2914,3764613
2039,7568,7568,7578,6344,23059998,20043318,3016680,1116736,591021,1308923,3395,165,3230,3441,207,3234,0
2040,7568,7568,7578,6357,14378652,13129803,1248849,150784,300876,797189,4966,156,4810,5013,195,4818,0
2041,7568,7568,7578,6886,6188133,5725890,462243,49385,93945,318913,6395,120,6275,6417,137,6280,295622
2042,7568,7568,7578,6294,15429269,13773641,1655628,331625,407522,916481,4099,154,3945,4154,200,3954,3757705
2043,7568,7568,7578,6543,10615262,9681439,933823,157212,222563,554048,5426,96,5330,5446,110,5336,1224592
2044,7568,7568,7578,6306,29017026,24642086,4374940,1725506,891490,1757944,2317,193,2124,2361,232,2129,0
2045,7568,7568,7578,6326,21529296,18279659,3249637,1592030,736403,921204,3672,167,3505,3715,202,3513,0
2046,7568,7568,7578,6323,24441929,20236062,4205867,2269052,1080093,856722,2718,188,2530,2758,222,2536,2367528
2047,7568,7568,7578,7578,0,0,0,0,0,0,7568,21,7547,7578,24,7554,0
2048,7568,7568,7578,6322,32842747,26186158,6656589,3742120,1348317,1566152,190,190,0,226,226,0,7946846
2049,7568,7568,7578,6322,38936196,34429286,4506910,2569602,860270,1077038,522,193,329,560,229,331,0
2050,7568,7568,7578,6324,10077579,8747869,1329710,380175,304730,644805,3203,177,3026,3247,215,3032,14094926
2051,7568,7568,7578,6521,6948399,6281769,666630,134850,177115,354665,5500,129,5371,5535,162,5373,4503129
2052,7568,7568,7578,6741,8190531,7273442,917089,147417,212162,557510,5952,117,5835,5974,133,5841,743101
2053,7568,7568,7578,6325,16564687,14698992,1865695,518744,357837,989114,3769,172,3597,3812,209,3603,4446170
2054,7568,7568,7578,6285,34682364,29165965,5516399,2784422,1098123,1633854,620,181,439,669,228,441,3716300
2055,7568,7568,7578,7458,434986,279786,155200,43464,45545,66191,7376,50,7326,7385,51,7334,626006
2056,7568,7568,7578,6516,11532762,10539250,993512,192181,260847,540484,5481,110,5371,5512,134,5378,0
2057,7568,7568,7578,6343,12224830,10839466,1385364,250763,419874,714727,4255,162,4093,4296,199,4097,6106088
2058,7568,7568,7578,7578,0,0,0,0,0,0,7568,34,7534,7578,38,7540,0
2059,7568,7568,7578,7578,0,0,0,0,0,0,7568,35,7533,7578,37,7541,0
2060,7568,7568,7578,7275,2856942,2533381,323561,19407,94343,209811,7051,66,6985,7049,58,6991,0
2061,7568,7568,7578,6656,7259651,6898248,361403,12200,97515,251688,5801,123,5678,5824,139,5685,2518861
2062,7568,7568,7578,7497,751536,455852,295684,30364,96084,169236,7432,44,7388,7443,46,7397,0
2063,7568,7568,7578,7571,66312,43227,23085,1266,5220,16599,7556,66,7490,7567,69,7498,0
2064,7568,7568,7578,6462,9419360,8847992,571368,47469,175429,348470,5299,137,5162,5336,167,5169,3127576
2065,7568,7568,7578,7578,0,0,0,0,0,0,7568,34,7534,7578,37,7541,0
2066,7568,7568,7578,6323,27883574,22952663,4930911,2479092,1073197,1378622,1878,196,1682,1916,229,1687,3568056
2067,7568,7568,7578,7578,11052,5984,5068,2196,878,1994,7566,51,7515,7578,51,7527,0
2068,7568,7568,7578,7556,177590,99655,77935,16811,17747,43377,7533,46,7487,7543,49,7494,15820
2069,7568,7568,7578,6286,24942860,20895697,4047163,2374247,853881,819035,2052,185,1867,2104,233,1871,5552127
2070,7568,7568,7578,7193,1169562,1046284,123278,25097,39336,58845,6918,92,6826,6951,120,6831,2434766
2071,7568,7568,7578,7508,79759,58844,20915,1225,4993,14697,7458,38,7420,7467,43,7424,528101
2072,7568,7568,7578,6344,18934059,16395951,2538108,713796,656418,1167894,4137,149,3988,4185,190,3995,25647
2073,7568,7568,7578,6371,18141858,15755991,2385867,607093,646841,1131933,4285,158,4127,4332,199,4133,0
2074,7568,7568,7578,7578,0,0,0,0,0,0,7568,50,7518,7578,50,7528,0
2075,7568,7568,7578,7578,0,0,0,0,0,0,7568,34,7534,7578,38,7540,0
2076,7568,7568,7578,6324,149202,141511,7691,7025,642,24,3202,188,3014,3243,224,3019,24065730
2077,7568,7568,7578,7578,0,0,0,0,0,0,7568,8,7560,7578,12,7566,0
2078,7568,7568,7578,7530,425502,267161,158341,44590,38875,74876,7491,47,7444,7502,51,7451,0
2079,7568,7568,7578,6597,5326522,4758492,568030,161954,165347,240729,5687,145,5542,5720,170,5550,5095014
2080,7568,7568,7578,6503,13234770,11810597,1424173,321280,426758,676135,5173,115,5058,5204,138,5066,0
2081,7568,7568,7578,6991,3363879,3041122,322757,42968,85083,194706,6528,87,6441,6554,104,6450,2387883
2082,7568,7568,7578,6496,10744618,9595300,1149318,264918,336661,547739,5479,129,5350,5512,161,5351,803343
2083,7568,7568,7578,7091,1811949,1621563,190386,27732,62244,100410,6723,101,6622,6751,124,6627,2871085
2084,7568,7568,7578,7578,0,0,0,0,0,0,7568,23,7545,7578,27,7551,0
2085,7568,7568,7578,6437,10167601,9279184,888417,217297,251787,419333,5147,120,5027,5198,164,5034,3218045
2086,7568,7568,7578,6953,5945976,5407040,538936,124029,151689,263218,6492,81,6411,6518,100,6418,0
2087,7568,7568,7578,7578,3200,1623,1577,361,371,845,7567,57,7510,7578,62,7516,2326
2088,7568,7568,7578,7578,0,0,0,0,0,0,7568,30,7538,7578,35,7543,0
2089,7568,7568,7578,6652,3866836,3524605,342231,121478,101116,119637,5957,106,5851,5981,121,5860,5063810
2090,7568,7568,7578,7578,0,0,0,0,0,0,7568,51,7517,7578,52,7526,0
2091,7568,7568,7578,7291,1095903,909049,186854,36471,79297,71086,7121,73,7048,7113,57,7056,1383489
2092,7568,7568,7578,7578,0,0,0,0,0,0,7568,29,7539,7578,33,7545,0
2093,7568,7568,7578,7578,0,0,0,0,0,0,7568,48,7520,7578,53,7525,0
2094,7568,7568,7578,7578,0,0,0,0,0,0,7568,22,7546,7578,24,7554,0
2095,7568,7568,7578,7578,0,0,0,0,0,0,7568,17,7551,7578,18,7560,0
2096,7568,7568,7578,7578,0,0,0,0,0,0,7568,12,7556,7578,1,7577,0
2097,7568,7568,7578,7578,0,0,0,0,0,0,7568,7,7561,7578,12,7566,0
2098,7568,7568,7578,7578,0,0,0,0,0,0,7568,46,7522,7578,48,7530,0
2099,7568,7568,7578,7578,0,0,0,0,0,0,7568,27,7541,7578,33,7545,0
