"Year","AFem","AFemDeath","AMal","AMalDeath","Eggs","EggsDeath","FryGrad","FryExit","FryDeath","FryInStr","allMortAF","baseMortAF","tempMortAF","allMortAM","baseMortAM","tempMortAM","InVivo","Year","allMortEgg","baseMortEgg","tempMortEgg","denMortEgg","incMortEgg","superMortEgg","lostMortEgg","catMortEgg","allMortFry","baseMortFry","tempMortFry","denMortFry","habMortFry","freshMortFry","seasMortFry","catMortFry","allMortSF","allMortSM"
2010,7568,7568,7578,6326,20766708,18085188,2681520,1016998,573068,1091454,3810,162,3648,3855,199,3656,0,2010,18085188,3410090,1458741,0,715477,5134722,7366158,0,573068,335107,37171,0,0,0,200790,0,3758,2471
2011,7568,7568,7578,6341,12123762,10842663,1281099,457519,281744,541836,4456,140,4316,4502,179,4323,5093292,2011,10842663,1444477,765056,0,406260,3050646,5176224,0,281744,176247,397,0,0,0,105100,0,3112,1839
2012,7568,7568,7578,6309,40582944,32784243,7798701,4054987,1351734,2391980,224,185,39,265,226,39,0,2012,32784243,11115641,4254209,0,2469023,7452114,7493256,0,1351734,793487,82184,0,0,0,476063,0,7344,6044
2013,7568,7568,7578,6322,40726620,32720492,8006128,3950277,1560224,2495627,198,190,8,234,226,8,0,2013,32720492,10969437,6575391,0,564659,7056963,7554042,0,1560224,771118,324632,0,0,0,464474,0,7370,6088
2014,7568,7568,7578,7381,1818054,1401423,416631,35384,99748,281499,7239,80,7159,7239,73,7166,0,2014,1401423,504806,195210,0,28980,672427,0,0,99748,53752,14218,0,0,0,31778,0,329,142
2015,7568,7568,7578,6322,27636257,23863843,3772414,1388869,776990,1606555,2130,191,1939,2172,227,1945,2414782,2015,23863843,5829862,3474927,0,980720,6184297,7394037,0,776990,389231,153518,0,0,0,234241,0,5438,4150
2016,7568,7568,7578,6324,20418570,18212590,2205980,512706,716795,976479,3873,163,3710,3917,200,3717,0,2016,18212590,3375267,1696923,0,595188,5140372,7404840,0,716795,248957,316581,0,0,0,151257,0,3695,2407
2017,7568,7568,7578,7530,339796,197143,142653,14555,40022,88076,7492,38,7454,7502,40,7462,80180,2017,197143,149290,47853,0,0,0,0,0,40022,18893,9875,0,0,0,11254,0,76,28
2018,7568,7568,7578,6348,20512512,17299917,3212595,1148504,931088,1133003,3856,180,3676,3898,216,3682,0,2018,17299917,3808856,1545531,0,293467,4562205,7089858,0,931088,377537,325142,0,0,0,228409,0,3712,2450
2019,7568,7568,7578,6509,11261988,10222087,1039901,88296,274835,676770,5530,111,5419,5560,134,5426,0,2019,10222087,1386136,464296,0,715,2563114,5807826,0,274835,123157,77606,0,0,0,74072,0,2038,949
2020,7568,7568,7578,6322,38659896,33194108,5465788,2640681,980309,1844798,572,193,379,608,229,379,0,2020,33194108,9336278,6457256,0,2711819,7145765,7542990,0,980309,552414,96503,0,0,0,331392,0,6996,5714
2021,7568,7568,7578,6329,19423722,17218802,2204920,364633,582158,1258129,4053,164,3889,4096,202,3894,168,2021,17218802,3189714,1805720,0,86550,4798290,7338528,0,582158,236952,202185,0,0,0,143021,0,3515,2233
2022,7568,7568,7578,6388,16098210,14259926,1838284,248163,528633,1061488,4624,154,4470,4672,197,4475,170434,2022,14259926,2476896,1159663,0,16968,3792841,6813558,0,528633,207084,196327,0,0,0,125222,0,2944,1716
2023,7568,7568,7578,7578,0,0,0,0,0,0,7568,45,7523,7578,49,7529,0,2023,0,0,0,0,0,0,0,0,0,0,0,0,0,0,0,0,0,0
2024,7568,7568,7578,7367,1961730,1664942,296788,1556,67494,227738,7213,65,7148,7214,62,7152,0,2024,1664942,517063,238754,0,101406,780089,27630,0,67494,30416,18941,0,0,0,18137,0,355,153
2025,7568,7568,7578,7190,4050558,3529264,521294,65255,118013,338026,6835,73,6762,6870,102,6768,0,2025,3529264,715136,215991,0,83269,1558870,955998,0,118013,68082,9592,0,0,0,40339,0,733,320
2026,7568,7568,7578,6731,34788983,28217896,6571087,2923065,1810467,1837555,1271,186,1085,1314,224,1090,8239,2026,28217896,8366627,3882355,0,667021,7769955,7531938,0,1810467,667177,737821,0,0,0,405469,0,6297,5417
2027,7568,7568,7578,7382,1751742,1406892,344850,11659,92147,241044,7251,50,7201,7252,40,7212,0,2027,1406892,476781,224685,0,18447,686979,0,0,92147,40695,27243,0,0,0,24209,0,317,130
2028,7568,7568,7578,7540,342612,185148,157464,55535,47432,54497,7506,32,7474,7517,36,7481,0,2028,185148,120214,62146,0,2788,0,0,0,47432,24019,9142,0,0,0,14271,0,62,23
2029,7568,7568,7578,6885,4370843,4079722,291121,11849,56124,223148,6374,107,6267,6398,123,6275,2240214,2029,4079722,460652,224746,0,59625,1453528,1881171,0,56124,33398,3004,0,0,0,19722,0,1194,487
2030,7568,7568,7578,6508,12234564,11455389,779175,40890,244347,493938,5354,128,5226,5384,151,5233,0,2030,11455389,1456216,854127,0,410751,2926469,5807826,0,244347,84784,108271,0,0,0,51292,0,2214,1124
2031,7568,7568,7578,7571,66312,44004,22308,736,8818,12754,7556,26,7530,7567,34,7533,0,2031,44004,27639,10436,0,5929,0,0,0,8818,2472,5113,0,0,0,1233,0,12,4
2032,7568,7568,7578,7578,0,0,0,0,0,0,7568,40,7528,7578,44,7534,0,2032,0,0,0,0,0,0,0,0,0,0,0,0,0,0,0,0,0,0
2033,7568,7568,7578,6328,11595469,10429657,1165812,169699,262837,733276,4352,168,4184,4395,202,4193,6205844,2033,10429657,1629728,693945,0,108221,3089614,4908149,0,262837,140701,37904,0,0,0,84232,0,3216,1933
2034,7568,7568,7578,6318,31259401,26808180,4451221,1575340,1295641,1580240,1814,196,1618,1853,232,1621,537555,2034,26808180,6826745,5820357,0,503091,6203613,7454374,0,1295641,418675,621453,0,0,0,255513,0,5754,4465
2035,7568,7568,7578,7561,133596,79110,54486,3074,13808,37604,7541,45,7496,7551,49,7502,15606,2035,79110,60976,13367,0,4767,0,0,0,13808,6639,3260,0,0,0,3909,0,27,10
2036,7568,7568,7578,7490,709015,454326,254689,25220,73860,155609,7424,57,7367,7434,63,7371,86729,2036,454326,277639,89851,0,68065,18771,0,0,73860,33222,20797,0,0,0,19841,0,144,56
2037,7568,7568,7578,6323,28066554,24943037,3123517,1487695,650131,985691,2489,184,2305,2528,218,2310,0,2037,24943037,4190214,2452453,0,3805023,7062877,7432470,0,650131,359778,74589,0,0,0,215764,0,5079,3795
2038,7568,7568,7578,6336,16870878,15758116,1112762,19785,276873,816104,4515,158,4357,4560,197,4363,0,2038,15758116,2437339,1611999,0,104218,4415234,7189326,0,276873,97635,120189,0,0,0,59049,0,3053,1776
2039,7568,7568,7578,7563,154728,125960,28768,0,7116,21652,7540,56,7484,7550,60,7490,0,2039,125960,64593,42430,0,18937,0,0,0,7116,2183,3645,0,0,0,1288,0,28,13
2040,7568,7568,7578,7578,0,0,0,0,0,0,7568,28,7540,7578,34,7544,0,2040,0,0,0,0,0,0,0,0,0,0,0,0,0,0,0,0,0,0
2041,7568,7568,7578,6323,21181158,19864731,1316427,134035,269722,912670,3735,178,3557,3779,214,3565,0,2041,19864731,3185424,3046266,0,964465,5230580,7437996,0,269722,104706,101917,0,0,0,63099,0,3833,2544
2042,7568,7568,7578,7578,0,0,0,0,0,0,7568,39,7529,7578,42,7536,0,2042,0,0,0,0,0,0,0,0,0,0,0,0,0,0,0,0,0,0
2043,7568,7568,7578,7411,1536228,1146016,390212,84775,102610,202827,7290,68,7222,7297,71,7226,0,2043,1146016,427761,160871,0,203249,354135,0,0,102610,55516,14208,0,0,0,32886,0,278,114
2044,7568,7568,7578,6369,14559167,13318559,1240608,210502,333104,697002,4915,137,4778,4966,181,4785,101311,2044,13318559,1607195,1230358,0,267779,3239415,6973812,0,333104,157320,81366,0,0,0,94418,0,2653,1403
2045,7568,7568,7578,6322,25729056,23205426,2523630,1024348,582089,917193,2912,183,2729,2957,219,2738,0,2045,23205426,4922422,2680955,0,2212895,5934580,7454574,0,582089,290152,117496,0,0,0,174441,0,4656,3365
2046,7568,7568,7578,6370,15914880,14247225,1667655,533318,430409,703928,4688,146,4542,4737,190,4547,0,2046,14247225,1973864,1295160,0,439017,3581950,6957234,0,430409,224973,70600,0,0,0,134836,0,2880,1633
2047,7568,7568,7578,6329,20915910,18124474,2791436,960297,614045,1217094,3783,165,3618,3826,201,3625,0,2047,18124474,3407887,2093066,0,408813,4892758,7321950,0,614045,342362,66423,0,0,0,205260,0,3785,2503
2048,7568,7568,7578,6345,16932592,14837541,2095051,714019,455630,925402,3503,171,3332,3547,208,3339,5547782,2048,14837541,3154857,1588651,0,736700,3772023,5585310,0,455630,241352,69643,0,0,0,144635,0,4065,2798
2049,7568,7568,7578,6503,11223306,9996774,1226532,311019,295999,619514,5537,116,5421,5565,139,5426,0,2049,9996774,1328263,587169,0,2204,2464722,5614416,0,295999,166427,29996,0,0,0,99576,0,2031,938
2050,7568,7568,7578,7490,777126,555465,221661,12740,75718,133203,7424,52,7372,7434,57,7377,18618,2050,555465,285339,211624,0,51465,7037,0,0,75718,26500,33251,0,0,0,15967,0,144,56
2051,7568,7568,7578,7142,4100292,3715321,384971,53585,119082,212304,6826,105,6721,6856,124,6732,0,2051,3715321,505507,294717,0,98097,1756008,1060992,0,119082,51525,36908,0,0,0,30649,0,742,286
2052,7568,7568,7578,7518,398686,285759,112927,22982,26307,63638,7473,33,7440,7483,36,7447,126284,2052,285759,152081,57130,0,76548,0,0,0,26307,15992,862,0,0,0,9453,0,95,35
2053,7568,7568,7578,6325,15465310,13488509,1976801,743903,535384,697514,4366,169,4197,4415,210,4205,2237781,2053,13488509,2057241,1441376,0,108560,3666196,6215136,0,535384,268559,105676,0,0,0,161149,0,3202,1910
2054,7568,7568,7578,6333,15943878,13954737,1989141,684904,487577,816660,3875,164,3711,3922,204,3718,4472257,2054,13954737,2249777,1976465,0,67271,3688536,5972688,0,487577,248526,89970,0,0,0,149081,0,3693,2411
2055,7568,7568,7578,7547,276300,171692,104608,14777,31581,58250,7518,28,7490,7529,35,7494,0,2055,171692,105074,64163,0,2455,0,0,0,31581,14054,9218,0,0,0,8309,0,50,18
2056,7568,7568,7578,7578,0,0,0,0,0,0,7568,29,7539,7578,35,7543,0,2056,0,0,0,0,0,0,0,0,0,0,0,0,0,0,0,0,0,0
2057,7568,7568,7578,6729,8493462,7806384,687078,37389,178610,471079,6031,109,5922,6047,120,5927,0,2057,7806384,1016787,419578,0,37277,2320866,4011876,0,178610,79763,51043,0,0,0,47804,0,1537,682
2058,7568,7568,7578,6601,11494080,10464863,1029217,294733,308552,425932,5488,130,5358,5517,154,5363,0,2058,10464863,1485232,1008082,0,531813,2328186,5111550,0,308552,140096,84316,0,0,0,84140,0,2080,1084
2059,7568,7568,7578,6507,6667416,6095620,571796,44629,180517,346650,5337,155,5182,5364,174,5190,5686500,2059,6095620,847696,522864,0,1596,1481005,3242459,0,180517,61643,81900,0,0,0,36974,0,2231,1143
2060,7568,7568,7578,7277,2746422,2448300,298122,12257,76203,209662,7071,77,6994,7079,86,6993,0,2060,2448300,455993,319263,0,118081,1162617,392346,0,76203,35332,19985,0,0,0,20886,0,497,198
2061,7568,7568,7578,6635,11567553,10549020,1018533,64933,302156,651444,5474,143,5331,5501,163,5338,3891,2061,10549020,1743911,1167582,0,213405,2616502,4807620,0,302156,112183,122183,0,0,0,67790,0,2094,1134
2062,7568,7568,7578,7578,0,0,0,0,0,0,7568,25,7543,7578,31,7547,0,2062,0,0,0,0,0,0,0,0,0,0,0,0,0,0,0,0,0,0
2063,7568,7568,7578,7578,0,0,0,0,0,0,7568,19,7549,7578,26,7552,0,2063,0,0,0,0,0,0,0,0,0,0,0,0,0,0,0,0,0,0
2064,7568,7568,7578,7273,3182976,2703290,479686,30919,146330,302437,6992,102,6890,7002,110,6892,0,2064,2703290,666256,326740,0,79756,1254770,375768,0,146330,57449,54447,0,0,0,34434,0,576,271
2065,7568,7568,7578,7578,0,0,0,0,0,0,7568,33,7535,7578,36,7542,0,2065,0,0,0,0,0,0,0,0,0,0,0,0,0,0,0,0,0,0
2066,7568,7568,7578,6666,8957646,8437051,520595,18730,146282,355583,5947,115,5832,5970,131,5839,0,2066,8437051,902874,630094,0,57737,2265292,4581054,0,146282,55523,57301,0,0,0,33458,0,1621,696
2067,7568,7568,7578,7578,0,0,0,0,0,0,7568,9,7559,7578,12,7566,0,2067,0,0,0,0,0,0,0,0,0,0,0,0,0,0,0,0,0,0
2068,7568,7568,7578,7576,4320,2808,1512,383,297,832,7566,28,7538,7575,27,7548,6732,2068,2808,1438,942,0,428,0,0,0,297,76,181,0,0,0,40,0,2,1
2069,7568,7568,7578,7578,0,0,0,0,0,0,7568,25,7543,7578,29,7549,0,2069,0,0,0,0,0,0,0,0,0,0,0,0,0,0,0,0,0,0
2070,7568,7568,7578,7485,757280,507682,249598,51506,72090,126002,7421,39,7382,7430,43,7387,55042,2070,507682,248923,155936,0,79638,23185,0,0,72090,35653,15147,0,0,0,21290,0,147,55
2071,7568,7568,7578,7576,10935,7672,3263,16,600,2647,7565,62,7503,7575,67,7508,5643,2071,7672,4300,2038,0,1334,0,0,0,600,191,313,0,0,0,96,0,3,1
2072,7568,7568,7578,7439,625886,452983,172903,51457,42331,79115,7347,55,7292,7353,53,7300,595360,2072,452983,164296,109764,0,32151,146772,0,0,42331,25654,1584,0,0,0,15093,0,221,86
2073,7568,7568,7578,6341,11119337,10127931,991406,313614,237237,440555,4841,153,4688,4892,193,4699,3959914,2073,10127931,1247499,728445,0,277944,2659389,5214654,0,237237,138944,15417,0,0,0,82876,0,2727,1449
2074,7568,7568,7578,7576,2808,1748,1060,136,94,830,7566,31,7535,7575,35,7540,8244,2074,1748,1160,588,0,0,0,0,0,94,42,32,0,0,0,20,0,2,1
2075,7568,7568,7578,7578,0,0,0,0,0,0,7568,25,7543,7578,28,7550,0,2075,0,0,0,0,0,0,0,0,0,0,0,0,0,0,0,0,0,0
2076,7568,7568,7578,7578,0,0,0,0,0,0,7568,45,7523,7578,47,7531,0,2076,0,0,0,0,0,0,0,0,0,0,0,0,0,0,0,0,0,0
2077,7568,7568,7578,7578,0,0,0,0,0,0,7568,14,7554,7578,20,7558,0,2077,0,0,0,0,0,0,0,0,0,0,0,0,0,0,0,0,0,0
2078,7568,7568,7578,7578,0,0,0,0,0,0,7568,34,7534,7578,37,7541,0,2078,0,0,0,0,0,0,0,0,0,0,0,0,0,0,0,0,0,0
2079,7568,7568,7578,7578,0,0,0,0,0,0,7568,7,7561,7578,10,7568,0,2079,0,0,0,0,0,0,0,0,0,0,0,0,0,0,0,0,0,0
2080,7568,7568,7578,7578,0,0,0,0,0,0,7568,24,7544,7578,27,7551,0,2080,0,0,0,0,0,0,0,0,0,0,0,0,0,0,0,0,0,0
2081,7568,7568,7578,7578,0,0,0,0,0,0,7568,10,7558,7578,12,7566,0,2081,0,0,0,0,0,0,0,0,0,0,0,0,0,0,0,0,0,0
2082,7568,7568,7578,7578,0,0,0,0,0,0,7568,28,7540,7578,32,7546,0,2082,0,0,0,0,0,0,0,0,0,0,0,0,0,0,0,0,0,0
2083,7568,7568,7578,7578,0,0,0,0,0,0,7568,11,7557,7578,15,7563,0,2083,0,0,0,0,0,0,0,0,0,0,0,0,0,0,0,0,0,0
2084,7568,7568,7578,7578,0,0,0,0,0,0,7568,1,7567,7578,3,7575,0,2084,0,0,0,0,0,0,0,0,0,0,0,0,0,0,0,0,0,0
2085,7568,7568,7578,7578,0,0,0,0,0,0,7568,6,7562,7578,3,7575,0,2085,0,0,0,0,0,0,0,0,0,0,0,0,0,0,0,0,0,0
2086,7568,7568,7578,7578,0,0,0,0,0,0,7568,14,7554,7578,16,7562,0,2086,0,0,0,0,0,0,0,0,0,0,0,0,0,0,0,0,0,0
2087,7568,7568,7578,7578,0,0,0,0,0,0,7568,5,7563,7578,9,7569,0,2087,0,0,0,0,0,0,0,0,0,0,0,0,0,0,0,0,0,0
2088,7568,7568,7578,7578,0,0,0,0,0,0,7568,5,7563,7578,8,7570,0,2088,0,0,0,0,0,0,0,0,0,0,0,0,0,0,0,0,0,0
2089,7568,7568,7578,7578,2562,1479,1083,90,355,638,7567,32,7535,7578,37,7541,2964,2089,1479,1059,272,0,148,0,0,0,355,62,262,0,0,0,31,0,0,0
2090,7568,7568,7578,7578,0,0,0,0,0,0,7568,5,7563,7578,9,7569,0,2090,0,0,0,0,0,0,0,0,0,0,0,0,0,0,0,0,0,0
2091,7568,7568,7578,7578,0,0,0,0,0,0,7568,0,7568,7578,0,7578,0,2091,0,0,0,0,0,0,0,0,0,0,0,0,0,0,0,0,0,0
2092,7568,7568,7578,7578,0,0,0,0,0,0,7568,21,7547,7578,23,7555,0,2092,0,0,0,0,0,0,0,0,0,0,0,0,0,0,0,0,0,0
2093,7568,7568,7578,7578,0,0,0,0,0,0,7568,3,7565,7578,7,7571,0,2093,0,0,0,0,0,0,0,0,0,0,0,0,0,0,0,0,0,0
2094,7568,7568,7578,7578,0,0,0,0,0,0,7568,5,7563,7578,9,7569,0,2094,0,0,0,0,0,0,0,0,0,0,0,0,0,0,0,0,0,0
2095,7568,7568,7578,7578,0,0,0,0,0,0,7568,2,7566,7578,3,7575,0,2095,0,0,0,0,0,0,0,0,0,0,0,0,0,0,0,0,0,0
2096,7568,7568,7578,7578,0,0,0,0,0,0,7568,0,7568,7578,0,7578,0,2096,0,0,0,0,0,0,0,0,0,0,0,0,0,0,0,0,0,0
2097,7568,7568,7578,7578,0,0,0,0,0,0,7568,20,7548,7578,25,7553,0,2097,0,0,0,0,0,0,0,0,0,0,0,0,0,0,0,0,0,0
2098,7568,7568,7578,7578,0,0,0,0,0,0,7568,7,7561,7578,10,7568,0,2098,0,0,0,0,0,0,0,0,0,0,0,0,0,0,0,0,1,0
2099,7568,7568,7578,7578,0,0,0,0,0,0,7568,6,7562,7578,10,7568,0,2099,0,0,0,0,0,0,0,0,0,0,0,0,0,0,0,0,0,0
