"cnrmcm3","gfdlcm21","miroc32med","mpiecham5","ncarccsm3","ncarpcm1"
0.136485511432377,0.190292614290076,0.182884612934986,0.1942848651088,0.193631187873471,0.198401079532855
0.194785319359607,0.170240596307602,0.159260962649167,0.161516219390982,0.233812492826297,0.194000425990858
0.16807999953842,0.1935517430917,0.196083811973254,0.179319209714773,0.180220799412157,0.190742630981152
0.205949794520813,0.194557564541,0.176005333522856,0.137430421485913,0.15019457049045,0.0981344512500304
0.174524921069153,0.181646688250344,0.411086982748221,0.179482688583085,0.446941730003619,0.10182807674508
0.172135661516152,0.158052350101044,0.122706586814163,0.109931222209985,0.233935187992205,0.123918874122292
0.0975309206329016,0.165124006685882,0.0483244715529606,0.15595408610584,0.119829379418968,0.167199439153641
0.172524753979396,0.339157902221906,0.152855737931052,0.151620164126044,0.0919392780214276,0.0806106178877979
0.186774738933547,0.20630457291252,0.176624742573293,0.189731638513694,0.207522760903323,0.135809249551197
0.12979295179355,0.151901506925937,0.170159707979786,0.203063813771109,0.110629609322058,0.177613393513231
0.0782817214874374,0.142682508189434,0.157510041874863,0.11524126572152,0.0979436666897683,0.0728595989293749
0.186020826253777,0.177764620813723,0.152638520924809,0.127282695044062,0.149855905617053,0.174618911894168
0.199154478378359,0.13824154543045,0.124238971128383,0.195723912250898,0.10845225097797,0.192418672762088
0.0761196013093919,NA,0.17331975987875,0.177919448986282,0.176227856101917,0.161443491841573
0.0049837435178466,0.138854175913976,0.0986698478072426,0.192884427004948,0.170597671629306,0.252714869139324
0.146349290501511,0.129577455748072,0.160137018530131,0.18726954153185,0.116506674406448,0.145783083600858
0.166304850696478,0.201209906533443,0.185314964496921,0.195839965579533,0.151802623514142,0.371802991916998
0.122212753548223,0.139835201467295,0.234024292624384,0.129904677105723,0.177557351627427,0.159906879444788
0.346028564269607,0.470219522073714,0.104582267493574,0.347480360222265,0.157882624149017,0.0995563700368554
0.120122914731112,0.100214575315553,0.0780734441078679,0.182928014974295,0.124998228114531,0.211545724890266
0.195091787405828,0.104021301946231,NA,0.200026383350077,NA,0.229252687678733
0.200670984281718,0.323271806007962,0.2269023577348,0.174082014867856,0.11902063919322,0.219800151136293
0.203753572188941,NA,0.140089975542894,0.183053413440282,0.159896162231458,0.145919049931957
0.190677146295984,0.180237776952614,0.120838580973334,0.217649397764266,0.218930559727045,0.146350276426752
0.115662702000498,0.157023083895101,0.195593638402834,0.221942137386628,0.123127152688952,0.15649149817105
0.213066121107556,0.406128176763554,0.451237506612099,0.148172308422664,0.146373718308449,0.192339162843555
0.147599105791923,0.278142388646828,0.134577237533963,0.38176105143828,0.1700238412524,0.163426865933379
0.111006371573118,0.126099265639007,0.204933445712037,0.149324519214209,0.0922452880797926,0.179476235179604
0.209674249971308,0.123452921596491,0.185113766965781,0.172082758132706,0.217972370001716,0.115671646925904
0.231357296797859,0.187545852040966,0.12027643436421,0.163198082954574,0.0883860586677241,0.0925183850386508
0.143114397876435,NA,0.196977242050916,0.419722534683165,0.0695852880721666,0.159258635838866
0.117646845260559,0.0916954192562618,0.12600483116071,0.109060345968086,NA,0.115065732387414
0.420693417447977,0.334022750775595,0.217846591487058,0.241669472934529,NA,0.184305411368497
0.145815771177095,0.245337947882736,0.119042069187799,0.153679668388488,NA,0.0926445464355831
0.194997385899347,0.140832590460438,0.363242574257426,0.182227298445368,0.187106066873851,0.0796517758354637
NA,0.117449325331758,0.255068190195356,NA,0.21108581378238,0.144367065037019
0.0461466122324836,0.160509875904219,0.119260369547785,0.247552751794649,0.184271030176704,0.206814415723273
0.0858735821509204,0.184828064448412,0.0634609504438575,0.171371697430329,0.152733916321299,0.225141303595562
0.139663233487629,0.154405117029359,0.149313838973421,0.220390817678304,0.148845627429262,0.171876089583581
0.160203980507998,0.188501652319753,NA,0.226197749075182,0.136700421659361,0.220932672949253
0.119084918538401,0.202073610252643,NA,0.231550496585945,0.0989128525611249,0.311540600198831
0.162515618140051,0.192067372996468,0.166056331258019,0.195018697495707,0.157045510736261,0.366761818033227
0.190318205580465,0.179832408012552,0.128119552656381,0.165431023493101,0.105569370989146,0.275916446926219
0.166402499905395,0.21548360775805,0.16879817019989,0.209002413559297,0.0897320692465419,0.179840063253388
0.414163349016769,0.168436226168526,0.101127165135986,NA,0.263244274569612,0.178995687566327
0.149275551653483,0.37001580113521,0.155908523748126,0.188461893401403,0.0895982828523996,0.166628766564984
0.18230635961988,NA,0.130472425805284,0.184875559936248,0.167559001242695,0.222919608204979
0.131060565596487,0.134628403276004,0.108661644618138,0.229213697497695,0.156818283086271,0.140939777896011
0.0887633700649156,0.110443690936541,0.351503324182185,0.433898339164354,NA,0.195585694465988
NA,0.128800422222689,NA,0.103049805950434,NA,0.187797569025703
NA,0.0870386494140687,NA,0.44574031434578,0.274279165158644,0.181855438263724
NA,0.139168597683806,0.151101025619113,0.110692288309137,0.183120169051148,0.0844785448557086
NA,NA,0.114231802117379,0.188092466404592,0.165739730899603,0.161636497500802
0.343728461502148,NA,0.219183007240906,NA,0.217745146604177,0.10441488184786
0.0374983789391778,0.17009230644517,0.184831005693964,0.147584592272372,0.445207046442462,0.202515754646926
0.165126478595412,NA,NA,0.176635329996811,0.196541808178836,0.178565180253228
NA,0.109506334382677,0.491185410334346,0.209464238939797,0.0878738607233048,0.131892205944502
0.173173140026101,NA,0.332805178657391,NA,NA,0.187342780336254
NA,NA,0.114183532195419,NA,NA,0.13716293972406
NA,NA,0.0919504907218586,NA,0.364060803474484,0.12471155194456
NA,0.158620201556606,NA,0.356900241160287,0.0941690273481816,0.168499894976711
0.291731134708181,0.275294172873506,0.247396328330257,0.184808061105654,0.388114754098361,0.387561828929907
NA,0.096779192749431,0.36876667350708,0.191358006576587,0.412046204620462,0.169337359945318
0.110530276517674,0.167514509313764,NA,0.154346125011068,0.149468435554695,0.185711694593669
0.402421996130525,0.347241690673776,0.385266397384112,0.192970266594398,NA,0.044682256572863
0.392398178795083,NA,NA,NA,NA,0.142574408427104
0.0901391144303817,NA,NA,NA,0.0789615817898561,0.203957186781681
0.122557092533998,NA,NA,NA,NA,0.165198368703498
0.0844034645807573,NA,NA,0.146672479444491,0.0762240218641501,0.416556493695101
0.0837794524360242,NA,NA,NA,NA,0.421450617283951
0.0953884783781234,NA,0.354026374859708,0.141447339613631,0.337837806685708,0.10895552554972
NA,NA,0.23811485684532,0.207690009482702,0.138674780400179,0.125903065691449
NA,NA,0.0747920332284346,0.121988756371635,NA,0.144044858769447
0.22566051393413,NA,0.142237149206428,0.132213058852238,0.460648399138772,0.0594132900976222
0.17620500243344,NA,0.466580221773764,0.054968834318494,NA,NA
0.119271979015238,NA,0.385619020005799,0.161551180267465,0.344724183169863,NA
NA,NA,NA,0.118976930906743,NA,0.0855457799820768
NA,NA,NA,0.150615241668138,0.191222080008722,NA
0.165106680794841,NA,NA,NA,0.128576431381708,0.150481043862206
NA,0.415165876777251,NA,0.115701893372817,NA,0.240576039763217
NA,NA,0.384298416829321,0.0950639177884604,0.147038175374952,0.153977388971142
0.115574456346377,NA,0.228732695701628,NA,NA,0.12179394589818
0.125787531001881,NA,0.38857938718663,0.256637168141593,NA,0.215715873880301
0.138060630794504,NA,NA,NA,NA,0.174199151083389
NA,NA,NA,NA,NA,0.141907567303675
NA,NA,0.107696984042527,NA,NA,0.176036849371992
NA,NA,NA,NA,NA,NA
NA,NA,NA,NA,NA,NA
NA,NA,NA,NA,NA,NA
0,NA,NA,0,NA,NA
