"cnrmcm3","gfdlcm21","miroc32med","mpiecham5","ncarccsm3","ncarpcm1"
0.137061409120241,0.145058062398453,0.0789852499812368,0.149420326926647,0.151593629475637,0.224662535437137
0.143942724290151,0.166478312868933,0.093888505386276,0.14092301496705,0.13515331798445,0.127940386559048
0.175877442662788,0.11387764297051,0.133209221735736,0.126077377758785,0.161290814231051,0.101224499418951
0.121415194191505,0.0423814177055012,0.0567365451220761,0.161784911234898,0.117150465758179,0.15381864206143
0.228321150901996,0.150016061483221,0.161895282996673,0.110104245566192,0.0932912865687283,0.176155055315957
0.0798029199881877,0.224105242638596,0.141206139820073,0.185386315147018,0.106818080030497,0.111224053476175
0.123861957248492,0.199620527793259,0.103390405177134,0.0983978716765808,0.106430342906904,0.12734074073041
0.129669638087936,0.118506791391265,0.102203260115044,NA,0.0863509216109199,0.137142013735505
0.228761162056898,0.119698975538038,0.178539356092328,0.221020174628485,0.209947114011102,0.137175143451411
0.13866033163701,0.196147733672437,0.0924302148501027,0.208073245025558,0.0485403368556563,0.142919615148849
0.121175140018248,0.081174077620681,0.074036542062948,0.202454243810724,0.156557305602586,0.10759945953852
0.176651877978376,0.0737971206827813,0.151187187827554,0.196555715555774,0.0739954711829854,0.142268811294671
0.170469743051334,0.112769382079303,0.100310737723136,0.19309569525168,0.106984881331799,0.103746682267431
0.1543819428592,0.186021560797803,0.156642751965229,0.176320193323245,0.129859130892403,0.185831688385681
0.117709666747293,0.133497523005451,0.146680876855161,0.17363873428132,0.148458027499945,0.178449596587394
0.176998493120405,0.113716293589392,0.0974026643119338,0.157361478355529,0.15762464747722,0.179438211721429
0.184033524838881,0.230867656979579,0.136187213523898,0.0819697013388741,0.139898083641321,0.177982443739145
0.393571558973327,0.0898709102834345,0.129154869544559,0.169902364105309,NA,0.120965611062236
0.0713352413233075,0.0913010153008886,0.0838315684526659,0.075455156817724,0.0976432456905521,0.210124843718729
0.128809908438258,0.0582026030983672,0.118964719605098,0.185798239579262,0.169275727441348,0.0482888049649594
0.263921845978941,0.10437285178263,0.132981719639762,0.158755032577037,0.10390470703961,0.227149452489134
0.101621753809341,0.132453170142907,0.127437087132512,0.110031079451795,0.128590862185363,0.124942039721743
0.158934709554328,0.155487196405024,0.0904013574889974,0.0798516029209671,0.234913158669414,0.0969439392643338
0.199384166089745,0.155070370762337,0.11227782150753,0.13452818155517,0.132556155547321,0.141840383584621
0.157456957153679,0.188726967927886,0.108844192119675,0.122392471507023,0.156889387030429,0.149109152638959
0.110669977550141,0.149836040935975,0.117553293979576,0.147700822229959,0.101091570010538,0.122360226567983
0.142276997656315,0.11235601720997,0.142838222322422,0.0966119086289233,0.0783337806161707,0.127192775918333
0.184784868564314,0.207248753824298,0.257603702672606,0.174953023673847,0.180042804004801,0.208914531046079
0.0934742758083299,0.0959727065472558,0.108734781592907,0.14986715845571,0.091888352878421,0.120222553961413
0.257125301837779,0.394759037896635,0.164042777944365,0.183000041906308,0.210674901453202,0.2357411210432
0.0909565385301583,0.104954511293583,0.133910263525381,0.163746348401013,0.197232786353314,0.17411052729918
0.169983209997572,0.214572988458322,0.169481706852617,0.200831250330574,0.0838872387281494,0.191922243010264
0.148183622754516,NA,NA,0.221623056764576,0.167753960857409,0.119347070641239
0.118532774178528,0.140856753985218,0.144975293463928,0.104631799444213,0.089980634109009,0.208805071988381
0.203166707791243,0.196007964007673,0.142459402729523,0.189538391186452,0.168432271464152,0.15176363915951
0.105403615040307,0.180682528041321,0.301330390533995,0.209469051672959,0.119036177846384,0.224569967739111
0.148352262751857,0.136090018995631,0.206463110746617,0.228147815203906,0.0561220178029363,0.141040783882107
0.162706858193423,0.0891775664007298,0.171194659471124,0.209944751381215,0.169371473782366,0.099481645103566
0.108646803953882,0.149351312966964,0.0608982356017049,0.17537713305461,0.0991646337425669,0.140046573035814
0.243468793110915,0.12413950633868,NA,0.113140149235682,0.0661328687188962,0.17961491132567
0.0567871476172502,0.177649490741351,0.145524612782042,0.171906584691792,0.0512047818917546,0.141270815582899
0.160407321559419,0.143652090282689,0.298058945610543,0.136500235063587,0.214871162857496,0.116588864610653
0.223900826542819,0.1880183856763,0.239247106702276,0.150924415198424,0.203020429872812,0.136530302584845
0.133364800554234,0.144441607528631,0.0692272593355236,0.123848085761184,0.0768642561200825,0.196792974438547
0.124808262881859,0.0825854791325425,NA,0.182042223124391,0.145790218126971,0.185590669023204
0.0886903177484801,0.112831258836402,NA,0.0976294343106423,0.194074449985744,0.11762138104166
0.0955818265364669,NA,0.0697033873155718,0.173601072645663,0.148606941673091,0.245624238411714
0.141452026076226,0.112069557398183,0.182673273847102,0.177992264096687,0.132020803350249,0.299153873819304
0.215612313383103,0.0654592944358723,0.217805097056438,NA,0.196327322139879,0.0975812720108956
0.117323506771257,0.117070618662927,0.0919759058394245,NA,NA,0.0666102582873725
0.199281588277127,0.169761953161139,0.161068902639779,0.097731526302678,0.0796398118016593,0.0668201273599404
0.155403057572097,0.222581296707736,0.0673346970607519,0.120038716049767,0.12864598674324,0.125231351279252
0.280569798479192,0.118788629112791,0.140012120534393,0.196670703435112,0.105312425217752,0.184662421826182
0.139583961137154,0.10530000850528,0.0890935445921109,0.189252929323084,0.131693344728755,0.168891945450744
0.209056052583531,0.065826794658757,0.155302472035162,0.164090141005152,0.135112435719861,0.146694016459614
0.10439625156489,0.227407986487598,0.0900672214164955,NA,0.224346651168105,0.180468385486681
0.140638416852263,0.368463816828881,0.100345463920036,0.14455519396249,0.078720663508534,0.22276904462199
0.218495922967089,0.106798754192999,NA,0.122207425497598,0.0891910492711472,NA
NA,0.234923347860174,0.228688805203697,0.159387617929191,0.139008028700162,0.135355107461166
0.177868632745128,0.141320960003261,NA,0.215683430123154,0.0881916162172722,0.110274694281715
NA,0.184899165188133,0.0792674493536734,0.155296183245937,0.13674309273458,0.191963813448727
0.199245792361877,NA,0.201831020580782,0.11652579492187,NA,0.127049151676578
0.10694179677408,0.223006160625389,0.265353836795985,0.163014738822766,0.147183776332824,0.377611800702805
0.141905139558963,0.0971929822941818,0.187788556310629,0.125463412732955,0.0843866761900919,NA
0.12801114004364,0.262835770146209,NA,NA,0.248476749382123,0.221862443500746
NA,0.286983106238305,NA,NA,0.0809520885323888,0.179668640745201
NA,0.0684879065060267,0.0838005411310697,0.133716352325791,0.21592439029011,NA
0.132256895641631,0.10592384378529,0.133336868161065,NA,0.125206719866409,0.0914559041659015
0.175357614665708,0.101822317078442,0.0852230488163872,0.288425362197318,0.207672249475868,0.129963296340422
0.102108984356056,0.141247931975169,0.124864617801759,0.134216888192976,0.1756698044895,0.148531136977833
0.10830201812368,NA,NA,0.11649519999609,0.136830803880839,0.180823640426768
0.113421086245051,NA,NA,0.10487555390705,0.105134757800759,0.138444889595874
0.113825623780137,0.160811750297364,NA,0.137637125101931,0.128945198856105,0.0788910539174201
0.153039871053168,NA,0.0851767522118152,0.105834440170836,0.220495501752075,0.185733164274202
0.198933534747074,0.115116428939514,0.161690245658754,NA,0.230546527590714,0.1075511571995
0.269941065894427,NA,0.287967718268525,0.226524690352951,NA,0.154291151038289
0.19096809666858,NA,NA,0.0964222705665782,NA,0.1060283286165
NA,NA,NA,0.255721860527552,0.321063394683027,0.078506791484744
0.109753619494495,0.168762335835684,NA,NA,0.191222695407576,0.173271928247496
0.0864506097677475,0.182176227727075,NA,0.1710036229664,NA,0.155314848684141
0.139034750482314,0.0785166931581645,0.0958039052375867,0.284828349944629,0.109098931030731,0.148698584419109
0.200983931533686,0.282938246456078,0.0879196086712813,0.124563784987066,0.127616530380377,0.0770038530247164
0.166064423408015,0.19030000230369,NA,NA,0.0761698758533591,0.149492005860482
NA,0.158745489230791,NA,NA,0.0780805614009365,0.121994908183417
0.262884631806666,0.34217286189181,0.118205441329492,NA,0.15390124635205,0.111834194156677
0.164891393436318,0.142348108217046,NA,NA,0.135726879456071,0.0838196571123176
0.27373935821873,NA,NA,NA,NA,0.122514865994449
0.189735285834976,0.317556352961757,0.106199731781216,NA,0.176674169519662,0.135074309413336
NA,0.314274313774929,0.100849027144329,NA,0.124023350510243,0.104859438671344
0.758440323347599,0.615541922290389,0.732810491128825,NA,0.699634417665566,0.65279353411996
