"cnrmcm3","gfdlcm21","miroc32med","mpiecham5","ncarccsm3","ncarpcm1"
0.594393497632743,0.55319799374779,0.27719552900695,0.452028828820414,0.240444275017921,0.41843525496703
0.615049967187415,0.445933198896251,0.572741537274549,0.193278038254783,0.519504217708898,0.384900544487219
0.440680451913978,0.297945221077311,0.405533190805932,0.609452066860411,0.512564971293929,0.523769575944357
0.54498782208472,0.209208989837206,0.0750707739283091,0.420144068050028,0.134801532310076,0.370583166763184
0.407722671303353,0.61313944910284,0.465219829828719,0.0731791245361014,0.225019669957195,0.423473625698739
0.316551197666045,0.528505645619126,0.43896806291125,0.311782847106373,0.225412127854698,0.547766693563551
0.356911235587938,0.494269426904304,0.136233907294273,0.257468699640511,0.00779731359034577,0.496022273120609
0.492316257268444,0.637653395091604,0.25727321585533,NA,0.0611734514164947,0.586988935030461
0.450507876086914,0.610123099896742,0.334075939413695,0.386623498264468,0.364096313572368,0.6223106399749
0.308297961769111,0.456401315838601,0.37212011043181,0.437542636560409,0.0710327932743166,0.456000811631804
0.556575523740487,0.189740077638734,0.171517172960389,0.448668545598067,0.0195575474396872,0.592795279079687
0.626040213603977,0.372486259673073,0.466155739391477,0.57241088765424,0.129197425025997,0.612720281774988
0.564050334491064,0.519680221306005,0.567343396386463,0.520897699795601,0.557691773600707,0.825568961108399
0.418979788746699,0.340857928104392,0.597233709199829,0.434596509696302,0.657763584634506,0.490797555709154
0.567146192682848,0.230966075115622,0.592812780127074,0.486929837985131,0.648548593132636,0.580874046197774
0.633220158263906,0.416303084673904,0.459915807635188,0.442503184883,0.41108806487895,0.463263595791514
0.512856276563056,0.407671097595312,0.385031573733681,0.156794501173305,0.436997491960383,0.394438860480875
0.00631376361190483,0.218039010837185,0.221746074892803,0.542958899412964,NA,0.542022303204346
0.105725492463668,0.146551076056401,0.303504788061189,0.475759747325955,0.543905902375745,0.386904650343359
0.538485350032554,0.197550528933103,0.559546663918735,0.477567177898796,0.428243453826972,0.257955411377936
0.10608254493593,0.561843912670095,0.242042363624681,0.19030732967149,0.24243805963723,0.385813614084608
0.550705543831598,0.60683207151038,0.48985633274038,0.444388916132021,0.479135243098205,0.419393778845264
0.574588257296385,0.469691801173191,0.581639776202422,0.545823513914089,0.0831376232973227,0.254571347946218
0.321922751621088,0.501319895034675,0.517426107177569,0.583367100513968,0.591866263434187,0.581802670291653
0.397510306387018,0.119552179128349,0.071854967730701,0.534658182252688,0.302737074237997,0.523026356699971
0.0372781175379046,0.454352484466063,0.163184958331397,0.563675265778689,0.0682276297103928,0.610979223174846
0.666655396815952,0.682022186807665,0.588651043177133,0.463722814239776,0.26317232695188,0.646295440057487
0.636525644897366,0.411942244689524,0.168505758040232,0.476239973338375,0.486507971950285,0.538628544478581
0.607441907735208,0.0602274651832358,0.661095120481744,0.315550135930464,0.311659101355229,0.496517098315065
0.512160549339722,0.15171650055371,0.451798144419389,0.375783761345081,0.447087578441306,0.584959984402928
0.348083806710914,0.413965214234806,0.507840290281696,0.497817536767874,0.333236151294861,0.4241406753493
0.427725380960802,0.395998616941041,0.243086605456918,0.502810432594465,0.0590822870103386,0.628530609331436
0.450953312668185,NA,NA,0.476512464450363,0.0492957746478873,0.601383006570817
0.32539705701448,0.603201968379164,0.497203952573765,0.38224351602064,0.445221689490809,0.428315443657178
0.468281514172913,0.678993552596055,0.534848706986783,0.483196293645547,0.462151542066649,0.500774433456706
0.366960309109052,0.469429116141493,0.0276782341470387,0.665113656005882,0.393795884857737,0.43259744253389
0.559946490013977,0.662916051605964,0.157745043935985,0.641274234581629,0.37731434336103,0.533282201069269
0.474228178275589,0.601743766106071,0.135385336144296,0.151515151515152,0.154608600397095,0.547216742918123
0.44286517259346,0.614588048198667,0.237470103967488,0.55099299762008,0.247327705300421,0.653890180303273
0.205311431855158,0.373219783323425,NA,0.579528118569807,0.0259840271922778,0.580701637028299
0.0860433613925923,0.434623826592656,0.51267581827182,0.451919193507091,0.276991954074773,0.437434647304374
0.634799779966844,0.593557623736054,0.0352594962263565,0.572536028820917,0.413331542638036,0.485647877323735
0.328608390612442,0.528453739949283,0.110077117010233,0.532206350258313,0.44163403862248,0.540163939783576
0.335733132377218,0.177071895195177,0.0401154433313647,0.504126322781481,0.344636424491683,0.432708115034431
0.432101157417944,0.217563887866935,NA,0.503894536137842,0.640625224965394,0.349154486482093
0.219623463987494,0.0295112597849754,NA,0.22005454286155,0.674651681614546,0.269940106586539
0.555938721333973,NA,0.297326187665811,0.549639412130604,0.342980270706381,0.364358011718696
0.667222077248462,0.222609737337158,0.424399039674047,0.454277935751475,0.307091636642697,0.0135991514129518
0.483261420556261,0.182594956637041,0.258414084173712,NA,0.581760641999295,0.152357443042752
0.541708700092866,0.52949825020046,0.369716668057806,NA,NA,0.108197922262081
0.435474023137113,0.42973395828616,0.584485232513145,0.175387805542601,0.291466321890129,0.038138159620383
0.564851785148276,0.0501675325074544,0.272389602830579,0.272664006080043,0.615247784490889,0.445193379095591
0.275355792816599,0.463763874038313,0.521265894679589,0.0793926309317854,0.328481030100816,0.488352876360926
0.521116699147834,0.0541184023293256,0.163308826714776,0.0725525821451668,0.422484253861852,0.435267350762
0.000711237553342817,0.300720049741598,0.562832199481359,0.475081621885571,0.581480363408196,0.581160394544751
0.465042717310779,0.598458229080064,0.200041398286454,NA,0.0559191058354047,0.496007072551581
0.518700532426186,0.0357939187651872,0.164262389947505,0.574002053636737,0.330273601570167,0.340490243946798
0.0155981799409165,0.364602820765366,NA,0.406130858527603,0.272540150612958,NA
NA,0.475652981339577,0.000888888888888889,0.167150373463192,0.509080713588243,0.441091009643304
0.547765812391352,0.577126561606247,NA,0.63168086574794,0.655451528988262,0.642374563792856
NA,0.0410012636139359,0.205595967725836,0.575680984679693,0.405103759380598,0.375305527845366
0.508643190459377,NA,0.0110276385812031,0.0426126068178288,NA,0.0446400004922229
0.242337708703222,0.279288544812726,0.183436963201316,0.517582355915362,0.550358534398022,0.0171613951791964
0.103855248712102,0.495984874985654,0.321115884496166,0.394568085566263,0.51729842450087,NA
0.344239484333176,0.0396174863387978,NA,NA,0.119921884097026,0.427502369367151
NA,0.00472899236085849,NA,NA,0.597703451132501,0.0328879280605322
NA,0.312096206620692,0.345214256318042,0.535395295694169,0.627910634353094,NA
0.0623057239906657,0.50119330996323,0.603846297323374,NA,0.347440869298111,0.560053373385931
0.597717287056168,0.396726816370792,0.216938200791279,0.275971663531899,0.186755926465159,0.496945749302108
0.276748077609355,0.219521209092641,0.238434948214239,0.558916388305949,0.117575573446757,0.610085843891864
0.447074092947964,NA,NA,0.501711001565673,0.47038734708964,0.579773355758389
0.429992043619685,NA,NA,0.412939866455523,0.0332322403396725,0.350773458856098
0.52660454650244,0.480409240006146,NA,0.582985093867353,0.561237654906132,0.528011292298328
0.613851780385186,NA,0.539485162160452,0.384155941132145,0.202243336877851,0.595439644308017
0.446533577869873,0.119219421668355,0.436589906136984,NA,0.413166368701046,0.198154552632856
0.134062738037532,NA,0.0347197744095876,0.535508151683565,NA,0.513204112090405
0.478797855902708,NA,NA,0.380604626319496,NA,0.570675206580925
NA,NA,NA,0.389583487460235,0.540184453227932,0.220748088448026
0.0661931649790867,0.432640067944606,NA,NA,0.353538734998771,0.542378058505488
0.144651397766526,0.0994033089232438,NA,0.658996919897501,NA,0.587813518909613
0.530777202467358,0.143068048629942,0.591570432686025,0.0402889139222053,0.544258398590862,0.441335906822115
0.313432295157046,0.147446457990115,0.152232917342884,0.379664736581982,0.510911835771676,0.333912055627429
0.38206628028652,0.405427457028413,NA,NA,0.484157872673859,0.468338833284506
NA,0.516373710148496,NA,NA,0.602581844627392,0.491029566493014
0.232167723967198,0.2867050067659,0.195797666949122,NA,0.653646793631703,0.430420837601231
0.568692697159178,0.566059953899771,NA,NA,0.350105385034763,0.556701089661341
0.226739482200647,NA,NA,NA,NA,0.322469462104436
0.159600560616678,0.310083296073658,0.46567410461191,NA,0.355841562853721,0.574817621688522
NA,0.0636222490785461,0.381124187727282,NA,0.247448095968557,0.463595422830031
NA,NA,NA,NA,NA,NA
