"Year","allMortEgg","baseMortEgg","tempMortEgg","denMortEgg","incMortEgg","superMortEgg","lostMortEgg","catMortEgg","allMortFry","baseMortFry","tempMortFry","denMortFry","habMortFry","freshMortFry","seasMortFry","catMortFry","allMortSF","allMortSM"
2010,21574191,5017060,2273262,0,943334,5885961,7454574,0,876854,423944,197652,0,0,0,255258,0,4572,3283
2011,22275591,6012520,2862325,0,238033,6239722,6922991,0,856115,396676,220262,0,0,0,239177,0,5345,4061
2012,17861044,3261953,1658151,0,942956,4808658,7189326,0,455980,201871,132407,0,0,0,121702,0,3594,2325
2013,6960520,748906,274173,0,608436,2035509,3293496,0,83236,52368,0,0,0,0,30868,0,1333,596
2014,32331323,6848014,4273042,0,7091417,6631120,7487730,0,668305,418193,0,0,0,0,250112,0,6497,5161
2015,1374850,130505,158286,0,13024,410758,662277,0,20109,12490,754,0,0,0,6865,0,4968,3640
2016,16776251,2907840,1938622,0,412778,4371893,7145118,0,361825,223951,4243,0,0,0,133631,0,3381,2097
2017,26158139,7272534,2733555,0,1594436,7086612,7471002,0,1286022,781504,36016,0,0,0,468502,0,6033,4747
2018,29640525,7230393,3163017,0,4856857,6913580,7476678,0,951299,560751,54329,0,0,0,336219,0,6252,4961
2019,11171925,2702957,1766176,0,263727,2876838,3562227,0,406489,184933,110638,0,0,0,110918,0,6395,5089
2020,9318870,1258371,571066,0,173706,2392061,4923666,0,168443,105258,615,0,0,0,62570,0,1848,878
2021,10256346,1615259,620625,0,283345,2492943,5244174,0,417512,194722,105765,0,0,0,117025,0,2122,1113
2022,26280813,7352096,2520044,0,2128233,6886652,7393788,0,1074019,550689,192017,0,0,0,331313,0,5676,4400
2023,21059953,5217743,2876042,0,179535,5481261,7305372,0,860927,275110,417961,0,0,0,167856,0,4367,3087
2024,14640883,1805200,1309082,0,877554,3730495,6918552,0,158739,65048,54701,0,0,0,38990,0,2781,1547
2025,20210157,4117825,1613902,0,1226261,5858381,7393788,0,549381,250464,147935,0,0,0,150982,0,4111,2825
2026,33628979,10397721,7610750,0,584081,7438177,7598250,0,2110369,532847,1248130,0,0,0,329392,0,7221,5939
2027,7966311,1091289,626533,0,151682,2018619,4078188,0,261580,111618,82863,0,0,0,67099,0,1603,760
2028,10018942,1352298,675182,0,368427,2472803,5150232,0,236211,81181,105945,0,0,0,49085,0,1957,958
2029,4529267,562898,252458,0,206501,1402601,2104809,0,110373,49282,31775,0,0,0,29316,0,1203,543
2030,23549229,3709361,1916108,0,4397580,6071606,7454574,0,530488,261762,111509,0,0,0,157217,0,4663,3376
2031,21024253,5040156,2004027,0,482326,6048696,7449048,0,1120684,549711,239964,0,0,0,331009,0,4648,3361
2032,24107016,6228215,2985946,0,782157,6656124,7454574,0,972742,473134,214563,0,0,0,285045,0,5180,3893
2033,19089491,4034451,2062032,0,190951,5375113,7426944,0,976855,377544,370396,0,0,0,228915,0,4058,2772
2034,68365,44884,12736,0,10745,0,0,0,12090,5554,3350,0,0,0,3186,0,20,8
2035,19867629,3648234,2306349,0,1405995,5146419,7360632,0,470513,274209,32135,0,0,0,164169,0,4046,2767
2036,20218225,2286484,1721872,0,4063744,4971024,7175101,0,122460,69023,12816,0,0,0,40621,0,4010,2719
2037,14203907,1973971,1511530,0,4658,3596260,7117488,0,289575,143506,60066,0,0,0,86003,0,2801,1534
2038,1119947,295539,130602,0,50210,553580,90016,0,49151,24177,10751,0,0,0,14223,0,475,219
2039,26440,13469,9853,0,3118,0,0,0,2461,1207,810,0,0,0,444,0,7,3
2040,5742268,668368,439210,0,153204,2011364,2470122,0,109064,68424,0,0,0,0,40640,0,1131,472
2041,24037048,5781103,3852220,0,579843,6369308,7454574,0,711237,344228,159729,0,0,0,207280,0,4983,3635
2042,0,0,0,0,0,0,0,0,0,0,0,0,0,0,0,0,0,0
2043,20571975,5079576,2487063,0,1067614,5571452,6366270,0,1005160,499890,204403,0,0,0,300867,0,5950,4663
2044,14327642,2049529,1540229,0,339607,3496303,6901974,0,562321,293135,93324,0,0,0,175862,0,2969,1690
2045,15152080,2372590,1256701,0,5071,4289710,7228008,0,326905,176559,44452,0,0,0,105894,0,3025,1742
2046,28975181,5941072,3510975,0,5283465,6746413,7493256,0,894876,483870,120517,0,0,0,290489,0,5980,4694
2047,22095732,3932590,1484090,0,3839648,5511928,7327476,0,276408,169846,5249,0,0,0,101313,0,4241,2961
2048,23447495,6157458,2698037,0,482163,6649737,7460100,0,1367304,649501,326167,0,0,0,391636,0,5282,3991
2049,15352653,2927987,1184747,0,61020,4144301,7034598,0,540388,232541,167645,0,0,0,140202,0,3157,1899
2050,19146588,3864063,2301784,0,379588,5240521,7360632,0,522607,258223,109097,0,0,0,155287,0,3905,2620
2051,19876873,4437618,2015790,0,513404,5488643,7421418,0,1016125,470680,261657,0,0,0,283788,0,4331,3044
2052,20059892,4303817,2608495,0,461097,5265065,7421418,0,805807,359528,229190,0,0,0,217089,0,4212,2926
2053,7125307,1016405,762004,0,248799,1894934,3203165,0,57460,33082,5031,0,0,0,19347,0,3292,2024
2054,13584348,1762105,950199,0,735882,3576800,6559362,0,346156,131838,134703,0,0,0,79615,0,2668,1488
2055,478361,159917,72043,0,36378,210023,0,0,40645,11557,22129,0,0,0,6959,0,296,122
2056,0,0,0,0,0,0,0,0,0,0,0,0,0,0,0,0,0,0
2057,10888693,1767970,827753,0,2496,2736844,5553630,0,290192,129753,82373,0,0,0,78066,0,2184,1134
2058,7218851,834406,348694,0,180699,2174736,3680316,0,110931,69600,0,0,0,0,41331,0,1410,606
2059,23620552,6541627,2076785,0,671199,6854263,7476678,0,1288344,587155,346719,0,0,0,354470,0,5257,3923
2060,27644029,8350739,4203860,0,620184,6915204,7554042,0,1964662,543012,1087618,0,0,0,334032,0,6056,4772
2061,283045,202482,64005,0,8604,7954,0,0,42809,22062,7713,0,0,0,13034,0,124,49
2062,12561636,1616567,1055865,0,619648,3211230,6058326,0,378989,164689,115259,0,0,0,99041,0,2983,1726
2063,2785541,544550,306650,0,170668,1293963,469710,0,97457,40781,32266,0,0,0,24410,0,568,251
2064,6155205,768235,396266,0,138895,1818035,3033774,0,184384,101607,22210,0,0,0,60567,0,1244,566
2065,10392066,1523343,1440612,0,31089,2730226,4666796,0,514320,179969,225467,0,0,0,108884,0,3514,2230
2066,80344,41620,29692,0,9032,0,0,0,7618,3447,2256,0,0,0,1915,0,20,7
2067,8661927,770930,563021,0,166516,2282002,4879458,0,123022,76805,662,0,0,0,45555,0,1671,706
2068,27821786,7014036,5548105,0,1138150,6628464,7493031,0,1125015,486127,345052,0,0,0,293836,0,5995,4691
2069,13970462,2184187,1064097,0,18179,3674927,7029072,0,668393,262954,246420,0,0,0,159019,0,2892,1635
2070,652173,315566,136884,0,0,199723,0,0,69064,28328,23784,0,0,0,16952,0,225,87
2071,0,0,0,0,0,0,0,0,0,0,0,0,0,0,0,0,0,0
2072,246654,132706,64922,0,49026,0,0,0,35715,21208,2009,0,0,0,12498,0,71,28
2073,17309565,4096657,1082023,0,27410,5146767,6956708,0,856928,364939,271539,0,0,0,220450,0,4081,2797
2074,3246,2126,783,0,337,0,0,0,279,94,136,0,0,0,49,0,1,0
2075,37046,21089,10570,0,5387,0,0,0,2699,1329,839,0,0,0,531,0,22,9
2076,10619979,1305034,582433,0,672542,2556074,5503896,0,240839,117568,52915,0,0,0,70356,0,2090,1078
2077,13040073,1782191,679375,0,1525,3525806,7051176,0,376674,186875,77662,0,0,0,112137,0,2626,1364
2078,11501549,1368070,881278,0,482396,2779621,5990184,0,255324,141425,29436,0,0,0,84463,0,2270,1154
2079,6808331,733532,481427,0,0,1600009,3993363,0,106717,49580,27542,0,0,0,29595,0,1994,873
2080,0,0,0,0,0,0,0,0,0,0,0,0,0,0,0,0,0,0
2081,0,0,0,0,0,0,0,0,0,0,0,0,0,0,0,0,0,0
2082,14207600,2722318,1311815,0,66072,4079725,6027670,0,535444,223406,177196,0,0,0,134842,0,3689,2395
2083,0,0,0,0,0,0,0,0,0,0,0,0,0,0,0,0,0,0
2084,1160825,422509,243674,0,35323,459319,0,0,130073,33448,76135,0,0,0,20490,0,265,102
2085,0,0,0,0,0,0,0,0,0,0,0,0,0,0,0,0,0,0
2086,0,0,0,0,0,0,0,0,0,0,0,0,0,0,0,0,0,0
2087,0,0,0,0,0,0,0,0,0,0,0,0,0,0,0,0,0,0
2088,9411590,978417,731250,0,0,2314073,5387850,0,218831,91527,72362,0,0,0,54942,0,1837,803
2089,30547,24853,5381,0,313,0,0,0,5595,3134,827,0,0,0,1634,0,10,4
2090,7273260,811432,402753,0,145186,2160961,3752928,0,161051,60060,64872,0,0,0,36119,0,1557,692
2091,117131,66127,32989,0,18015,0,0,0,27358,8377,14015,0,0,0,4966,0,33,12
2092,1638801,425802,313598,0,136631,696458,66312,0,121739,73760,4169,0,0,0,43810,0,383,167
2093,7232901,871081,637741,0,351401,1737473,3635205,0,198708,93892,48721,0,0,0,56095,0,2614,1393
2094,0,0,0,0,0,0,0,0,0,0,0,0,0,0,0,0,0,0
2095,23673654,6613271,2571680,0,352799,6670278,7465626,0,1259710,608150,285042,0,0,0,366518,0,5299,4010
2096,0,0,0,0,0,0,0,0,0,0,0,0,0,0,0,0,0,0
2097,13960,10188,3772,0,0,0,0,0,2586,1293,846,0,0,0,447,0,5,2
2098,73672,50945,22727,0,0,0,0,0,14164,5129,6040,0,0,0,2995,0,21,8
2099,483,188,295,0,0,0,0,0,0,0,0,0,0,0,0,0,1,0
