"Year","allMortEgg","baseMortEgg","tempMortEgg","denMortEgg","incMortEgg","superMortEgg","lostMortEgg","catMortEgg","allMortFry","baseMortFry","tempMortFry","denMortFry","habMortFry","freshMortFry","seasMortFry","catMortFry","allMortSF","allMortSM"
2010,5604582,795806,347453,0,35703,2082596,2343024,0,157968,71769,43240,0,0,0,42959,0,1119,476
2011,17825742,3865836,988089,0,103638,5463339,7404840,0,857722,395098,224468,0,0,0,238156,0,3828,2540
2012,29455938,8525403,3667263,0,1982248,7599884,7681140,0,1037355,476444,273454,0,0,0,287457,0,6270,4985
2013,6492943,947069,363575,0,270178,1999919,2912202,0,121423,66117,16034,0,0,0,39272,0,1285,607
2014,31191986,9171658,4793575,0,1756029,7806162,7664562,0,1149386,632070,137867,0,0,0,379449,0,6807,5524
2015,14895943,3711124,1591249,0,265055,4320288,5008227,0,560887,257220,148782,0,0,0,154885,0,5003,3715
2016,7319150,917534,506316,0,165396,2226420,3503484,0,163029,85747,26161,0,0,0,51121,0,1447,652
2017,15766379,2562602,1184066,0,896191,4111026,7012494,0,334158,141828,107075,0,0,0,85255,0,3119,1868
2018,26655321,6492692,4584072,0,426239,6631226,8521092,0,563490,322193,48121,0,0,0,193176,0,5479,4197
2019,3523450,373580,269403,0,108400,1019080,1752987,0,60987,23216,24233,0,0,0,13538,0,5275,3989
2020,2455495,499603,181800,0,40953,1136331,596808,0,121022,63827,19358,0,0,0,37837,0,527,212
2021,31270645,10202927,4573412,0,1545887,7466215,7482204,0,1274615,691387,167741,0,0,0,415487,0,6938,5657
2022,32080572,6279952,2967482,0,6792340,8553068,7487730,0,941071,570560,28840,0,0,0,341671,0,6789,5476
2023,29403064,8451894,4210987,0,2313370,6944609,7482204,0,1162411,719143,12504,0,0,0,430764,0,6501,5201
2024,27121760,8442653,3489514,0,553434,7131851,7504308,0,1680062,846740,323416,0,0,0,509906,0,6341,5001
2025,13412345,2592245,912354,0,13156,3928340,5966250,0,640049,274659,199760,0,0,0,165630,0,2952,1812
2026,14335064,2358121,1206475,0,9473,3814813,6946182,0,438282,204592,110533,0,0,0,123157,0,2912,1666
2027,9024348,1333353,823002,0,55723,2231216,4581054,0,298065,101771,134727,0,0,0,61567,0,1794,869
2028,15377648,2764015,1053250,0,737459,4053574,6769350,0,420226,197060,104801,0,0,0,118365,0,3109,1892
2029,9974848,2025750,799363,0,98379,2928256,4123100,0,381354,211832,42900,0,0,0,126622,0,4237,2948
2030,2709699,591395,486484,0,16914,1167300,447606,0,137968,65875,32717,0,0,0,39376,0,581,259
2031,28655238,9534334,3389559,0,453895,7596310,7681140,0,1439071,723826,279334,0,0,0,435911,0,6504,5219
2032,15366255,1592418,899994,0,1754801,4034710,7084332,0,224993,132484,13659,0,0,0,78850,0,2952,1665
2033,29679899,8930251,3127122,0,1735609,8150517,7736400,0,1763041,684181,663858,0,0,0,415002,0,6633,5349
2034,2203246,460421,287336,0,128931,1088940,237618,0,149789,41208,83791,0,0,0,24790,0,460,193
2035,2264310,604245,286341,0,63171,1012149,298404,0,122272,69606,11153,0,0,0,41513,0,503,232
2036,18255795,3972004,1664272,0,26827,5176800,7415892,0,877220,416287,210091,0,0,0,250842,0,3937,2649
2037,257554,147468,74023,0,36063,0,0,0,34429,19659,3158,0,0,0,11612,0,82,33
2038,12416645,2788472,1165776,0,973357,3464395,4024645,0,542815,318937,32979,0,0,0,190899,0,5938,4652
2039,22580760,5016429,2924336,0,1284783,5939320,7415892,0,692059,368797,101828,0,0,0,221434,0,4710,3425
2040,24916527,5964515,2751982,0,2289328,6440075,7470627,0,1001171,477267,236279,0,0,0,287625,0,5394,4107
2041,10648406,1381604,1240390,0,125011,2303563,5597838,0,209509,97460,53801,0,0,0,58248,0,2085,1027
2042,0,0,0,0,0,0,0,0,0,0,0,0,0,0,0,0,0,0
2043,8686637,1201616,766441,0,110563,2637927,3970090,0,242515,107358,70692,0,0,0,64465,0,3289,2003
2044,12326863,1734866,1053584,0,151643,3053974,6332796,0,620032,220603,265727,0,0,0,133702,0,2528,1353
2045,193400,110269,58430,0,24701,0,0,0,16443,8906,2318,0,0,0,5219,0,49,19
2046,47117,34493,9204,0,3420,0,0,0,11266,4616,3956,0,0,0,2694,0,15,5
2047,771784,311842,158993,0,103332,197617,0,0,81425,38334,20452,0,0,0,22639,0,207,82
2048,10288035,1836250,606549,0,100378,2529666,5215192,0,374062,188800,72127,0,0,0,113135,0,2425,1381
2049,0,0,0,0,0,0,0,0,0,0,0,0,0,0,0,0,0,0
2050,15846351,2654706,1107600,0,14064,4853025,7216956,0,686110,226948,320937,0,0,0,138225,0,3221,1942
2051,175456,98167,51932,0,25357,0,0,0,16805,7868,4288,0,0,0,4649,0,67,24
2052,35851,25625,8331,0,1895,0,0,0,7820,3216,2937,0,0,0,1667,0,12,5
2053,3764956,470092,258566,0,119278,1420569,1496451,0,59924,28010,15392,0,0,0,16522,0,893,369
2054,0,0,0,0,0,0,0,0,0,0,0,0,0,0,0,0,0,0
2055,0,0,0,0,0,0,0,0,0,0,0,0,0,0,0,0,0,0
2056,4319687,576309,328121,0,42633,1654038,1718586,0,131619,82293,359,0,0,0,48967,0,883,356
2057,19395247,4407085,2333405,0,100264,5221491,7333002,0,880568,290392,413062,0,0,0,177114,0,4029,2736
2058,81056,50853,20305,0,9898,0,0,0,20766,8068,7879,0,0,0,4819,0,25,9
2059,6577316,824405,384030,0,0,2174853,3194028,0,149284,89174,7177,0,0,0,52933,0,1313,560
2060,28008072,8201618,4182710,0,989245,6960950,7673549,0,1821316,790452,552941,0,0,0,477923,0,6648,5350
2061,2408312,483715,219683,0,32547,1268969,403398,0,142798,68822,33043,0,0,0,40933,0,521,211
2062,16731828,3413637,1701778,0,52110,4419185,7145118,0,834187,365564,248075,0,0,0,220548,0,3582,2310
2063,1466894,492281,191009,0,1534,748914,33156,0,140055,62715,39986,0,0,0,37354,0,349,147
2064,14035693,2020129,1208751,0,186681,3713282,6906850,0,384829,215015,41068,0,0,0,128746,0,2952,1685
2065,6066938,771526,427993,0,92395,2078624,2696400,0,158720,61960,59733,0,0,0,37027,0,1235,533
2066,9820981,1240853,850912,0,578824,2241792,4908600,0,217611,74955,97538,0,0,0,45118,0,1960,984
2067,0,0,0,0,0,0,0,0,0,0,0,0,0,0,0,0,0,0
2068,5660,3864,1734,0,62,0,0,0,678,189,391,0,0,0,98,0,2,0
2069,0,0,0,0,0,0,0,0,0,0,0,0,0,0,0,0,0,0
2070,7926794,957342,545753,0,381909,2013818,4027972,0,217278,75502,96203,0,0,0,45573,0,2361,1271
2071,589458,195381,172776,0,79375,141926,0,0,18699,9797,3136,0,0,0,5766,0,221,86
2072,46262,33616,11874,0,772,0,0,0,11514,4880,3920,0,0,0,2714,0,15,7
2073,52288,29705,10033,0,12550,0,0,0,9400,4804,1930,0,0,0,2666,0,23,8
2074,0,0,0,0,0,0,0,0,0,0,0,0,0,0,0,0,0,0
2075,0,0,0,0,0,0,0,0,0,0,0,0,0,0,0,0,0,0
2076,9105675,1119352,579337,0,272233,2205739,4929014,0,196804,119799,5693,0,0,0,71312,0,2033,1003
2077,13874284,2179897,1081595,0,1936,3784301,6826555,0,603744,279013,156706,0,0,0,168025,0,3023,1759
2078,4860605,648231,432457,0,68248,1871511,1840158,0,162859,70256,50411,0,0,0,42192,0,976,404
2079,2546871,345927,250277,0,5883,784864,1159920,0,81697,29721,34384,0,0,0,17592,0,1314,587
2080,0,0,0,0,0,0,0,0,0,0,0,0,0,0,0,0,0,0
2081,0,0,0,0,0,0,0,0,0,0,0,0,0,0,0,0,0,0
2082,0,0,0,0,0,0,0,0,0,0,0,0,0,0,0,0,0,0
2083,7298174,822166,413101,0,109349,1912303,4041255,0,232052,111388,53927,0,0,0,66737,0,2543,1297
2084,13893151,2059068,1426531,0,5611,3461285,6940656,0,551020,209344,214929,0,0,0,126747,0,2820,1574
2085,11115,6983,2731,0,1401,0,0,0,2448,347,1920,0,0,0,181,0,3,1
2086,0,0,0,0,0,0,0,0,0,0,0,0,0,0,0,0,0,0
2087,0,0,0,0,0,0,0,0,0,0,0,0,0,0,0,0,0,0
2088,0,0,0,0,0,0,0,0,0,0,0,0,0,0,0,0,0,0
2089,0,0,0,0,0,0,0,0,0,0,0,0,0,0,0,0,0,0
2090,6086287,694525,308433,0,118620,1591922,3372787,0,160134,86424,22306,0,0,0,51404,0,2415,1199
2091,1083278,369239,206944,0,0,507095,0,0,167491,46231,92995,0,0,0,28265,0,297,114
2092,0,0,0,0,0,0,0,0,0,0,0,0,0,0,0,0,0,0
2093,0,0,0,0,0,0,0,0,0,0,0,0,0,0,0,0,0,0
2094,1867246,426116,296345,0,31713,944272,168800,0,95925,43948,25755,0,0,0,26222,0,418,151
2095,0,0,0,0,0,0,0,0,0,0,0,0,0,0,0,0,0,0
2096,0,0,0,0,0,0,0,0,0,0,0,0,0,0,0,0,0,0
2097,9015875,1169721,591895,0,75281,2284931,4894047,0,275945,138142,55262,0,0,0,82541,0,2283,1147
2098,2008283,287858,215697,0,6556,887142,611030,0,76684,34836,21342,0,0,0,20506,0,788,309
2099,29728,7536,22192,0,0,0,0,0,0,0,0,0,0,0,0,0,36,15
