"Year","AFem","AFemDeath","AMal","AMalDeath","Eggs","EggsDeath","FryGrad","FryExit","FryDeath","FryInStr","allMortAF","baseMortAF","tempMortAF","allMortAM","baseMortAM","tempMortAM","InVivo"
2010,7568,7568,7578,6303,36510282,29848437,6661845,3305485,1246037,2110323,961,193,768,1003,233,770,0
2011,7568,7568,7578,6322,33896484,28901371,4995113,2289543,841596,1863974,1434,196,1238,1474,232,1242,0
2012,7568,7568,7578,6298,14495903,12986666,1509237,143653,353502,1012082,4169,154,4015,4223,199,4024,4307967
2013,7568,7568,7578,6323,29763036,26239856,3523180,1258873,738291,1526016,2182,195,1987,2224,230,1994,0
2014,7568,7568,7578,6444,11470893,10304043,1166850,195818,306199,664833,5133,127,5006,5176,163,5013,1986977
2015,7568,7568,7578,6772,7823486,7192330,631156,17556,115993,497607,6026,101,5925,6039,107,5932,700595
2016,7568,7568,7578,6323,37256292,31592759,5663533,2614854,1182235,1866444,826,192,634,861,229,632,0
2017,7568,7568,7578,6500,6953940,6394219,559721,104785,145530,309406,5433,98,5335,5468,126,5342,4868666
2018,7568,7568,7578,6324,33028902,27279345,5749557,2571698,1042729,2135130,1591,201,1390,1628,237,1391,0
2019,7568,7568,7578,6315,34756583,28255589,6500994,3073702,1132375,2294917,1277,193,1084,1316,230,1086,7483
2020,7568,7568,7578,6324,25745634,23324472,2421162,509939,518048,1393175,2909,171,2738,2955,211,2744,0
2021,7568,7568,7578,6353,18003708,16325228,1678480,411527,357616,909337,4310,166,4144,4358,207,4151,0
2022,7568,7568,7578,6331,18213696,16027471,2186225,619332,465643,1101250,4272,171,4101,4318,208,4110,0
2023,7568,7568,7578,6328,20589876,17936790,2653086,1074930,610441,967715,3842,176,3666,3889,217,3672,0
2024,7568,7568,7578,6342,21595608,18422694,3172914,1087805,715890,1369219,3660,157,3503,3709,198,3511,0
2025,7568,7568,7578,6323,36825264,30063424,6761840,3332938,1230687,2198215,904,192,712,943,230,713,0
2026,7568,7568,7578,6340,17996242,15178700,2817542,984565,585273,1247704,2961,175,2786,3002,209,2793,7482983
2027,7568,7568,7578,6322,39453211,34430042,5023169,1683091,906267,2433811,370,191,179,405,227,178,322937
2028,7568,7568,7578,7523,497340,325064,172276,9545,41098,121633,7478,45,7433,7487,50,7437,0
2029,7568,7568,7578,6476,12986744,11682492,1304252,212008,293788,798456,5212,119,5093,5250,150,5100,32512
2030,7568,7568,7578,6329,25099092,21109662,3989430,1442714,702388,1844328,3026,169,2857,3070,207,2863,0
2031,7568,7568,7578,6270,29210436,24965700,4244736,1753788,868785,1622163,2282,175,2107,2329,219,2110,0
2032,7568,7568,7578,6315,34460136,28644316,5815820,3260899,1040790,1514131,1332,193,1139,1371,231,1140,0
2033,7568,7568,7578,6320,29165893,23356827,5809066,3067262,1065218,1676586,766,180,586,803,216,587,8444167
2034,7568,7568,7578,6322,14030645,11110631,2920014,1549058,609089,761867,1240,201,1039,1275,234,1041,20997971
2035,7568,7568,7578,7574,19720,11404,8316,882,1235,6199,7563,94,7469,7571,101,7470,7910
2036,7568,7568,7578,7557,182358,112340,70018,8126,19498,42394,7535,47,7488,7545,56,7489,0
2037,7568,7568,7578,6399,15202748,13489059,1713689,626036,431306,656347,4556,150,4406,4607,198,4409,1446391
2038,7568,7568,7578,6341,29433689,24354279,5079410,2873967,919111,1286332,642,192,450,678,227,451,8858524
2039,7568,7568,7578,6398,15279390,13881914,1397476,103249,298346,995881,4803,141,4662,4851,184,4667,0
2040,7568,7568,7578,7578,1893,1083,810,42,81,687,7567,28,7539,7578,32,7546,3633
2041,7568,7568,7578,6616,10499400,9489678,1009722,109768,210478,689476,5668,107,5561,5687,120,5567,0
2042,7568,7568,7578,6319,28506433,21947154,6559279,4003377,1288578,1267324,886,194,692,923,231,692,8442382
2043,7568,7568,7578,6703,9164136,8017374,1146762,255814,301890,589058,5635,113,5522,5653,122,5531,1523654
2044,7568,7568,7578,6315,19142064,17013510,2128554,462580,562561,1103413,4104,165,3939,4150,203,3947,0
2045,7568,7568,7578,7578,0,0,0,0,0,0,7568,29,7539,7578,32,7546,0
2046,7568,7568,7578,7578,0,0,0,0,0,0,7568,37,7531,7578,41,7537,0
2047,7568,7568,7578,6322,28834054,24488830,4345224,2234452,891198,1219574,2166,191,1975,2206,227,1979,1018606
2048,7568,7568,7578,6321,10328883,8744671,1584212,729650,334928,519634,3294,166,3128,3337,204,3133,13334405
2049,7568,7568,7578,7457,662440,395856,266584,97172,70623,98789,7366,57,7309,7375,61,7314,453812
2050,7568,7568,7578,6360,4423575,3843951,579624,210708,125047,243869,4479,139,4340,4533,183,4350,12699512
2051,7568,7568,7578,6782,5279657,4791568,488089,133251,110322,244516,6203,89,6114,6224,104,6120,2274939
2052,7568,7568,7578,6284,28091729,24107702,3984027,1582413,803900,1597714,2059,180,1879,2107,226,1881,2356914
2053,7568,7568,7578,6325,14047115,11982727,2064388,658936,474988,930464,3587,179,3408,3629,211,3418,7982735
2054,7568,7568,7578,7578,0,0,0,0,0,0,7568,28,7540,7578,29,7549,0
2055,7568,7568,7578,6370,14509969,13055207,1454762,343456,309838,801468,4840,161,4679,4886,202,4684,567597
2056,7568,7568,7578,6285,5909390,4988310,921080,451473,214759,254848,1508,192,1316,1554,236,1318,27658599
2057,7568,7568,7578,7578,0,0,0,0,0,0,7568,71,7497,7578,78,7500,0
2058,7568,7568,7578,7573,44208,25056,19152,5367,5290,8495,7560,14,7546,7570,17,7553,0
2059,7568,7568,7578,6379,16212174,15261522,950652,90596,235507,624549,4627,141,4486,4676,183,4493,39792
2060,7568,7568,7578,7562,115806,64197,51609,10273,16149,25187,7540,53,7487,7552,57,7495,38922
2061,7568,7568,7578,7401,1534715,1283829,250886,18891,58564,173431,7261,51,7210,7268,49,7219,161767
2062,7568,7568,7578,6387,21203262,18239683,2963579,1076274,716256,1171049,3731,167,3564,3777,206,3571,0
2063,7568,7568,7578,7578,0,0,0,0,0,0,7568,25,7543,7578,31,7547,0
2064,7568,7568,7578,6340,26537871,23166823,3371048,1679493,713444,978111,2062,201,1861,2101,236,1865,3899088
2065,7568,7568,7578,7544,0,0,0,0,0,0,7516,40,7476,7525,46,7479,287352
2066,7568,7568,7578,6353,1618207,1431277,186930,73657,56568,56705,4578,153,4425,4625,193,4432,14966782
2067,7568,7568,7578,7578,0,0,0,0,0,0,7568,37,7531,7578,39,7539,0
2068,7568,7568,7578,7578,0,0,0,0,0,0,7568,30,7538,7578,34,7544,0
2069,7568,7568,7578,7578,0,0,0,0,0,0,7568,11,7557,7578,14,7564,0
2070,7568,7568,7578,7578,0,0,0,0,0,0,7568,44,7524,7578,48,7530,0
2071,7568,7568,7578,6342,9213610,8246620,966990,315703,267377,383910,4372,164,4208,4418,205,4213,8487431
2072,7568,7568,7578,6704,2117341,1945377,171964,53738,60309,57917,6007,103,5904,6027,116,5911,6540962
2073,7568,7568,7578,6646,5766762,5115734,651028,194244,193382,263402,5702,121,5581,5730,142,5588,4568864
2074,7568,7568,7578,6457,8801478,7897011,904467,159026,292592,452849,5140,117,5023,5186,157,5029,4636374
2075,7568,7568,7578,7578,0,0,0,0,0,0,7568,43,7525,7578,49,7529,0
2076,7568,7568,7578,7578,0,0,0,0,0,0,7568,30,7538,7578,33,7545,0
2077,7568,7568,7578,7578,0,0,0,0,0,0,7568,14,7554,7578,15,7563,0
2078,7568,7568,7578,7137,962852,842275,120577,18733,37062,64782,6553,133,6420,6578,156,6422,4664022
2079,7568,7568,7578,7578,0,0,0,0,0,0,7568,17,7551,7578,21,7557,0
2080,7568,7568,7578,7505,65370,36606,28764,11783,7099,9882,7451,62,7389,7463,64,7399,581172
2081,7568,7568,7578,6359,1901585,1717781,183804,56733,49625,77446,4919,149,4770,4967,190,4777,12794348
2082,7568,7568,7578,7306,1200031,1006448,193583,27958,59038,106587,7120,90,7030,7129,99,7030,1282172
2083,7568,7568,7578,7538,222027,123959,98068,28366,26930,42772,7506,33,7473,7513,38,7475,120585
2084,7568,7568,7578,6578,88416,82079,6337,5748,565,24,5335,118,5217,5363,135,5228,12306402
2085,7568,7568,7578,6697,55260,55260,0,0,0,0,6059,109,5950,6077,115,5962,8327682
2086,7568,7568,7578,6335,132624,127240,5384,4788,586,10,4501,172,4329,4548,212,4336,16887456
2087,7568,7568,7578,7399,20100,17727,2373,1412,268,693,7277,55,7222,7280,55,7225,1587966
2088,7568,7568,7578,7578,0,0,0,0,0,0,7568,33,7535,7578,37,7541,0
2089,7568,7568,7578,7578,0,0,0,0,0,0,7568,44,7524,7578,48,7530,0
2090,7568,7568,7578,7573,750,433,317,252,7,58,7558,51,7507,7570,54,7516,54510
2091,7568,7568,7578,7578,0,0,0,0,0,0,7568,39,7529,7578,42,7536,0
2092,7568,7568,7578,7578,0,0,0,0,0,0,7568,28,7540,7578,33,7545,0
2093,7568,7568,7578,7578,0,0,0,0,0,0,7568,30,7538,7578,37,7541,0
2094,7568,7568,7578,7578,0,0,0,0,0,0,7568,10,7558,7578,15,7563,0
2095,7568,7568,7578,7578,0,0,0,0,0,0,7568,48,7520,7578,50,7528,0
2096,7568,7568,7578,7578,0,0,0,0,0,0,7568,40,7528,7578,46,7532,0
2097,7568,7568,7578,7578,0,0,0,0,0,0,7568,36,7532,7578,39,7539,0
2098,7568,7568,7578,7578,0,0,0,0,0,0,7568,28,7540,7578,33,7545,0
2099,7568,7557,7578,7566,0,0,0,0,0,0,7557,75,7482,7566,79,7487,60786
