"Year","AFem","AFemDeath","AMal","AMalDeath","Eggs","EggsDeath","FryGrad","FryExit","FryDeath","FryInStr","allMortAF","baseMortAF","tempMortAF","allMortAM","baseMortAM","tempMortAM","InVivo","Year","allMortEgg","baseMortEgg","tempMortEgg","denMortEgg","incMortEgg","superMortEgg","lostMortEgg","catMortEgg","allMortFry","baseMortFry","tempMortFry","denMortFry","habMortFry","freshMortFry","seasMortFry","catMortFry","allMortSF","allMortSM"
2010,7568,7568,7578,6303,36510282,29848437,6661845,3305485,1246037,2110323,961,193,768,1003,233,770,0,2010,29848437,9067548,5708688,0,473258,6989641,7609302,0,1246037,674605,166118,0,0,0,405314,0,6607,5300
2011,7568,7568,7578,6322,33896484,28901371,4995113,2289543,841596,1863974,1434,196,1238,1474,232,1242,0,2011,28901371,7314669,4014714,0,2620971,7264351,7686666,0,841596,522172,6722,0,0,0,312702,0,6134,4848
2012,7568,7568,7578,6298,14495903,12986666,1509237,143653,353502,1012082,4169,154,4015,4223,199,4024,4307967,2012,12986666,2384024,1020170,0,69866,3914576,5598030,0,353502,156565,102665,0,0,0,94272,0,3399,2075
2013,7568,7568,7578,6323,29763036,26239856,3523180,1258873,738291,1526016,2182,195,1987,2224,230,1994,0,2013,26239856,5736009,5012446,0,1292193,6683848,7515360,0,738291,352346,173662,0,0,0,212283,0,5386,4099
2014,7568,7568,7578,6444,11470893,10304043,1166850,195818,306199,664833,5133,127,5006,5176,163,5013,1986977,2014,10304043,1417647,815834,0,1114,2658306,5411142,0,306199,146386,72049,0,0,0,87764,0,2435,1268
2015,7568,7568,7578,6772,7823486,7192330,631156,17556,115993,497607,6026,101,5925,6039,107,5932,700595,2015,7192330,1113639,535452,0,35171,2127431,3380637,0,115993,63345,15062,0,0,0,37586,0,1542,733
2016,7568,7568,7578,6323,37256292,31592759,5663533,2614854,1182235,1866444,826,192,634,861,229,632,0,2016,31592759,8668235,2758159,0,4111584,8301803,7752978,0,1182235,546397,306206,0,0,0,329632,0,6742,5462
2017,7568,7568,7578,6500,6953940,6394219,559721,104785,145530,309406,5433,98,5335,5468,126,5342,4868666,2017,6394219,715314,399538,0,208776,1556871,3513720,0,145530,72412,30059,0,0,0,43059,0,2135,1032
2018,7568,7568,7578,6324,33028902,27279345,5749557,2571698,1042729,2135130,1591,201,1390,1628,237,1391,0,2018,27279345,8349629,3124912,0,1290674,7059556,7454574,0,1042729,605968,73181,0,0,0,363580,0,5977,4696
2019,7568,7568,7578,6315,34756583,28255589,6500994,3073702,1132375,2294917,1277,193,1084,1316,230,1086,7483,2019,28255589,8645285,3225882,0,1715839,7169801,7498782,0,1132375,689946,28949,0,0,0,413480,0,6291,4999
2020,7568,7568,7578,6324,25745634,23324472,2421162,509939,518048,1393175,2909,171,2738,2955,211,2744,0,2020,23324472,5393858,3784867,0,988802,5713423,7443522,0,518048,217183,169651,0,0,0,131214,0,4659,3369
2021,7568,7568,7578,6353,18003708,16325228,1678480,411527,357616,909337,4310,166,4144,4358,207,4151,0,2021,16325228,2458717,963281,0,1168859,4650039,7084332,0,357616,207349,26266,0,0,0,124001,0,3258,1995
2022,7568,7568,7578,6331,18213696,16027471,2186225,619332,465643,1101250,4272,171,4101,4318,208,4110,0,2022,16027471,2598240,1486184,0,214302,4484159,7244586,0,465643,283138,13297,0,0,0,169208,0,3296,2013
2023,7568,7568,7578,6328,20589876,17936790,2653086,1074930,610441,967715,3842,176,3666,3889,217,3672,0,2023,17936790,3163353,1430344,0,1422227,4764696,7156170,0,610441,336150,72670,0,0,0,201621,0,3726,2439
2024,7568,7568,7578,6342,21595608,18422694,3172914,1087805,715890,1369219,3660,157,3503,3709,198,3511,0,2024,18422694,4011467,2232649,0,237986,4756792,7183800,0,715890,367714,127128,0,0,0,221048,0,3908,2633
2025,7568,7568,7578,6323,36825264,30063424,6761840,3332938,1230687,2198215,904,192,712,943,230,713,0,2025,30063424,9583837,3399959,0,2251342,7235562,7592724,0,1230687,704254,103739,0,0,0,422694,0,6664,5380
2026,7568,7568,7578,6340,17996242,15178700,2817542,984565,585273,1247704,2961,175,2786,3002,209,2793,7482983,2026,15178700,3734998,1412610,0,252752,4307050,5471290,0,585273,304135,98733,0,0,0,182405,0,4607,3338
2027,7568,7568,7578,6322,39453211,34430042,5023169,1683091,906267,2433811,370,191,179,405,227,178,322937,2027,34430042,10305435,7793863,0,878405,7693835,7758504,0,906267,405337,256384,0,0,0,244546,0,7198,5917
2028,7568,7568,7578,7523,497340,325064,172276,9545,41098,121633,7478,45,7433,7487,50,7437,0,2028,325064,207676,81010,0,36378,0,0,0,41098,20732,8050,0,0,0,12316,0,90,36
2029,7568,7568,7578,6476,12986744,11682492,1304252,212008,293788,798456,5212,119,5093,5250,150,5100,32512,2029,11682492,1665798,699290,0,221607,3011671,6084126,0,293788,161931,34945,0,0,0,96912,0,2356,1226
2030,7568,7568,7578,6329,25099092,21109662,3989430,1442714,702388,1844328,3026,169,2857,3070,207,2863,0,2030,21109662,5386468,2680141,0,204013,5522616,7316424,0,702388,428559,17195,0,0,0,256634,0,4542,3259
2031,7568,7568,7578,6270,29210436,24965700,4244736,1753788,868785,1622163,2282,175,2107,2329,219,2110,0,2031,24965700,5778692,4861319,0,853575,6061748,7410366,0,868785,453099,143397,0,0,0,272289,0,5286,3941
2032,7568,7568,7578,6315,34460136,28644316,5815820,3260899,1040790,1514131,1332,193,1139,1371,231,1140,0,2032,28644316,7770394,4104355,0,2235408,7040903,7493256,0,1040790,650891,0,0,0,0,389899,0,6236,4944
2033,7568,7568,7578,6320,29165893,23356827,5809066,3067262,1065218,1676586,766,180,586,803,216,587,8444167,2033,23356827,7055845,3659073,0,1392180,5404459,5845270,0,1065218,618661,75573,0,0,0,370984,0,6802,5517
2034,7568,7568,7578,6322,14030645,11110631,2920014,1549058,609089,761867,1240,201,1039,1275,234,1041,20997971,2034,11110631,3433425,1791878,0,198936,2741012,2945380,0,609089,304347,122105,0,0,0,182637,0,6328,5047
2035,7568,7568,7578,7574,19720,11404,8316,882,1235,6199,7563,94,7469,7571,101,7470,7910,2035,11404,8386,3018,0,0,0,0,0,1235,616,356,0,0,0,263,0,5,3
2036,7568,7568,7578,7557,182358,112340,70018,8126,19498,42394,7535,47,7488,7545,56,7489,0,2036,112340,72532,39808,0,0,0,0,0,19498,9205,4945,0,0,0,5348,0,33,12
2037,7568,7568,7578,6399,15202748,13489059,1713689,626036,431306,656347,4556,150,4406,4607,198,4409,1446391,2037,13489059,1890891,896296,0,407986,3744606,6549280,0,431306,231245,61430,0,0,0,138631,0,3012,1792
2038,7568,7568,7578,6341,29433689,24354279,5079410,2873967,919111,1286332,642,192,450,678,227,451,8858524,2038,24354279,6643384,3284449,0,3233459,5344181,5848806,0,919111,551464,37332,0,0,0,330315,0,6926,5663
2039,7568,7568,7578,6398,15279390,13881914,1397476,103249,298346,995881,4803,141,4662,4851,184,4667,0,2039,13881914,2215785,1232294,0,16546,3670043,6747246,0,298346,148053,61528,0,0,0,88765,0,2765,1547
2040,7568,7568,7578,7578,1893,1083,810,42,81,687,7567,28,7539,7578,32,7546,3633,2040,1083,867,216,0,0,0,0,0,81,38,23,0,0,0,20,0,1,0
2041,7568,7568,7578,6616,10499400,9489678,1009722,109768,210478,689476,5668,107,5561,5687,120,5567,0,2041,9489678,1367459,757859,0,140695,2051329,5172336,0,210478,118876,20691,0,0,0,70911,0,1900,929
2042,7568,7568,7578,6319,28506433,21947154,6559279,4003377,1288578,1267324,886,194,692,923,231,692,8442382,2042,21947154,6990675,3819894,0,293671,5199654,5643260,0,1288578,694256,177087,0,0,0,417235,0,6682,5396
2043,7568,7568,7578,6703,9164136,8017374,1146762,255814,301890,589058,5635,113,5522,5653,122,5531,1523654,2043,8017374,1341099,778339,0,155702,2072566,3669668,0,301890,149860,62220,0,0,0,89810,0,1933,1050
2044,7568,7568,7578,6315,19142064,17013510,2128554,462580,562561,1103413,4104,165,3939,4150,203,3947,0,2044,17013510,3021904,2056867,0,62691,4699300,7172748,0,562561,242088,174455,0,0,0,146018,0,3464,2165
2045,7568,7568,7578,7578,0,0,0,0,0,0,7568,29,7539,7578,32,7546,0,2045,0,0,0,0,0,0,0,0,0,0,0,0,0,0,0,0,0,0
2046,7568,7568,7578,7578,0,0,0,0,0,0,7568,37,7531,7578,41,7537,0,2046,0,0,0,0,0,0,0,0,0,0,0,0,0,0,0,0,0,0
2047,7568,7568,7578,6322,28834054,24488830,4345224,2234452,891198,1219574,2166,191,1975,2206,227,1979,1018606,2047,24488830,5299502,4630922,0,1576830,5709376,7272200,0,891198,512382,71552,0,0,0,307264,0,5402,4116
2048,7568,7568,7578,6321,10328883,8744671,1584212,729650,334928,519634,3294,166,3128,3337,204,3133,13334405,2048,8744671,1731470,1465072,0,251955,2169702,3126472,0,334928,193974,25141,0,0,0,115813,0,4274,2984
2049,7568,7568,7578,7457,662440,395856,266584,97172,70623,98789,7366,57,7309,7375,61,7314,453812,2049,395856,212996,100072,0,1499,81289,0,0,70623,40391,6420,0,0,0,23812,0,202,82
2050,7568,7568,7578,6360,4423575,3843951,579624,210708,125047,243869,4479,139,4340,4533,183,4350,12699512,2050,3843951,609270,413238,0,7791,986420,1827232,0,125047,75635,4704,0,0,0,44708,0,3089,1827
2051,7568,7568,7578,6782,5279657,4791568,488089,133251,110322,244516,6203,89,6114,6224,104,6120,2274939,2051,4791568,524279,461051,0,0,1419682,2386556,0,110322,68847,786,0,0,0,40689,0,1365,558
2052,7568,7568,7578,6284,28091729,24107702,3984027,1582413,803900,1597714,2059,180,1879,2107,226,1881,2356914,2052,24107702,6448032,3028517,0,1425299,6184105,7021749,0,803900,418956,133143,0,0,0,251801,0,5509,4177
2053,7568,7568,7578,6325,14047115,11982727,2064388,658936,474988,930464,3587,179,3408,3629,211,3418,7982735,2053,11982727,2551498,1110559,0,156781,3340711,4823178,0,474988,237464,94991,0,0,0,142533,0,3981,2696
2054,7568,7568,7578,7578,0,0,0,0,0,0,7568,28,7540,7578,29,7549,0,2054,0,0,0,0,0,0,0,0,0,0,0,0,0,0,0,0,0,0
2055,7568,7568,7578,6370,14509969,13055207,1454762,343456,309838,801468,4840,161,4679,4886,202,4684,567597,2055,13055207,1792743,857544,0,252289,3459106,6693525,0,309838,194054,0,0,0,0,115784,0,2728,1484
2056,7568,7568,7578,6285,5909390,4988310,921080,451473,214759,254848,1508,192,1316,1554,236,1318,27658599,2056,4988310,1188590,972773,0,437883,1135000,1254064,0,214759,100122,55021,0,0,0,59616,0,6060,4731
2057,7568,7568,7578,7578,0,0,0,0,0,0,7568,71,7497,7578,78,7500,0,2057,0,0,0,0,0,0,0,0,0,0,0,0,0,0,0,0,0,0
2058,7568,7568,7578,7573,44208,25056,19152,5367,5290,8495,7560,14,7546,7570,17,7553,0,2058,25056,16792,8264,0,0,0,0,0,5290,2756,1314,0,0,0,1220,0,8,3
2059,7568,7568,7578,6379,16212174,15261522,950652,90596,235507,624549,4627,141,4486,4676,183,4493,39792,2059,15261522,1939363,1630544,0,862643,3932524,6896448,0,235507,101137,73656,0,0,0,60714,0,2941,1703
2060,7568,7568,7578,7562,115806,64197,51609,10273,16149,25187,7540,53,7487,7552,57,7495,38922,2060,64197,46481,17716,0,0,0,0,0,16149,7030,4997,0,0,0,4122,0,28,10
2061,7568,7568,7578,7401,1534715,1283829,250886,18891,58564,173431,7261,51,7210,7268,49,7219,161767,2061,1283829,343828,244979,0,134275,540651,20096,0,58564,31637,8431,0,0,0,18496,0,307,133
2062,7568,7568,7578,6387,21203262,18239683,2963579,1076274,716256,1171049,3731,167,3564,3777,206,3571,0,2062,18239683,3750231,2071074,0,795483,4814863,6808032,0,716256,339684,172087,0,0,0,204485,0,3837,2610
2063,7568,7568,7578,7578,0,0,0,0,0,0,7568,25,7543,7578,31,7547,0,2063,0,0,0,0,0,0,0,0,0,0,0,0,0,0,0,0,0,0
2064,7568,7568,7578,6340,26537871,23166823,3371048,1679493,713444,978111,2062,201,1861,2101,236,1865,3899088,2064,23166823,5225778,3595861,0,2447281,5410714,6487189,0,713444,381574,102730,0,0,0,229140,0,5506,4239
2065,7568,7568,7578,7544,0,0,0,0,0,0,7516,40,7476,7525,46,7479,287352,2065,0,0,0,0,0,0,0,0,0,0,0,0,0,0,0,0,52,19
2066,7568,7568,7578,6353,1618207,1431277,186930,73657,56568,56705,4578,153,4425,4625,193,4432,14966782,2066,1431277,195577,216464,0,9114,389684,620438,0,56568,25111,17181,0,0,0,14276,0,2990,1728
2067,7568,7568,7578,7578,0,0,0,0,0,0,7568,37,7531,7578,39,7539,0,2067,0,0,0,0,0,0,0,0,0,0,0,0,0,0,0,0,0,0
2068,7568,7568,7578,7578,0,0,0,0,0,0,7568,30,7538,7578,34,7544,0,2068,0,0,0,0,0,0,0,0,0,0,0,0,0,0,0,0,0,0
2069,7568,7568,7578,7578,0,0,0,0,0,0,7568,11,7557,7578,14,7564,0,2069,0,0,0,0,0,0,0,0,0,0,0,0,0,0,0,0,0,0
2070,7568,7568,7578,7578,0,0,0,0,0,0,7568,44,7524,7578,48,7530,0,2070,0,0,0,0,0,0,0,0,0,0,0,0,0,0,0,0,0,0
2071,7568,7568,7578,6342,9213610,8246620,966990,315703,267377,383910,4372,164,4208,4418,205,4213,8487431,2071,8246620,1155680,960930,0,203974,2201273,3724763,0,267377,129654,60127,0,0,0,77596,0,3196,1924
2072,7568,7568,7578,6704,2117341,1945377,171964,53738,60309,57917,6007,103,5904,6027,116,5911,6540962,2072,1945377,181809,233440,0,0,522829,1007299,0,60309,23798,22694,0,0,0,13817,0,1561,677
2073,7568,7568,7578,6646,5766762,5115734,651028,194244,193382,263402,5702,121,5581,5730,142,5588,4568864,2073,5115734,683708,468368,0,31920,1262183,2669555,0,193382,88948,51298,0,0,0,53136,0,1866,916
2074,7568,7568,7578,6457,8801478,7897011,904467,159026,292592,452849,5140,117,5023,5186,157,5029,4636374,2074,7897011,1105048,720379,0,1505,1950977,4119102,0,292592,112569,112363,0,0,0,67660,0,2428,1271
2075,7568,7568,7578,7578,0,0,0,0,0,0,7568,43,7525,7578,49,7529,0,2075,0,0,0,0,0,0,0,0,0,0,0,0,0,0,0,0,0,0
2076,7568,7568,7578,7578,0,0,0,0,0,0,7568,30,7538,7578,33,7545,0,2076,0,0,0,0,0,0,0,0,0,0,0,0,0,0,0,0,0,0
2077,7568,7568,7578,7578,0,0,0,0,0,0,7568,14,7554,7578,15,7563,0,2077,0,0,0,0,0,0,0,0,0,0,0,0,0,0,0,0,0,0
2078,7568,7568,7578,7137,962852,842275,120577,18733,37062,64782,6553,133,6420,6578,156,6422,4664022,2078,842275,163146,129402,0,29710,324207,195810,0,37062,14013,15175,0,0,0,7874,0,1015,559
2079,7568,7568,7578,7578,0,0,0,0,0,0,7568,17,7551,7578,21,7557,0,2079,0,0,0,0,0,0,0,0,0,0,0,0,0,0,0,0,0,0
2080,7568,7568,7578,7505,65370,36606,28764,11783,7099,9882,7451,62,7389,7463,64,7399,581172,2080,36606,21917,14361,0,328,0,0,0,7099,4342,583,0,0,0,2174,0,117,42
2081,7568,7568,7578,6359,1901585,1717781,183804,56733,49625,77446,4919,149,4770,4967,190,4777,12794348,2081,1717781,198611,208064,0,1174,438962,870970,0,49625,25035,10248,0,0,0,14342,0,2649,1392
2082,7568,7568,7578,7306,1200031,1006448,193583,27958,59038,106587,7120,90,7030,7129,99,7030,1282172,2082,1006448,227263,188864,0,0,495551,94770,0,59038,25228,19191,0,0,0,14619,0,448,177
2083,7568,7568,7578,7538,222027,123959,98068,28366,26930,42772,7506,33,7473,7513,38,7475,120585,2083,123959,81471,42488,0,0,0,0,0,26930,14396,4068,0,0,0,8466,0,62,25
2084,7568,7568,7578,6578,88416,82079,6337,5748,565,24,5335,118,5217,5363,135,5228,12306402,2084,82079,8992,37025,0,517,35545,0,0,565,387,0,0,0,0,178,0,2233,1215
2085,7568,7568,7578,6697,55260,55260,0,0,0,0,6059,109,5950,6077,115,5962,8327682,2085,55260,4055,23123,0,0,28082,0,0,0,0,0,0,0,0,0,0,1509,620
2086,7568,7568,7578,6335,132624,127240,5384,4788,586,10,4501,172,4329,4548,212,4336,16887456,2086,127240,11730,68559,0,0,46951,0,0,586,404,45,0,0,0,137,0,3067,1787
2087,7568,7568,7578,7399,20100,17727,2373,1412,268,693,7277,55,7222,7280,55,7225,1587966,2087,17727,2889,9391,0,0,5447,0,0,268,117,117,0,0,0,34,0,291,119
2088,7568,7568,7578,7578,0,0,0,0,0,0,7568,33,7535,7578,37,7541,0,2088,0,0,0,0,0,0,0,0,0,0,0,0,0,0,0,0,0,0
2089,7568,7568,7578,7578,0,0,0,0,0,0,7568,44,7524,7578,48,7530,0,2089,0,0,0,0,0,0,0,0,0,0,0,0,0,0,0,0,0,0
2090,7568,7568,7578,7573,750,433,317,252,7,58,7558,51,7507,7570,54,7516,54510,2090,0,0,0,0,0,0,0,0,0,0,0,0,0,0,0,0,0,0
2091,7568,7568,7578,7578,0,0,0,0,0,0,7568,39,7529,7578,42,7536,0,2091,0,0,0,0,0,0,0,0,0,0,0,0,0,0,0,0,0,0
2092,7568,7568,7578,7578,0,0,0,0,0,0,7568,28,7540,7578,33,7545,0,2092,0,0,0,0,0,0,0,0,0,0,0,0,0,0,0,0,0,0
2093,7568,7568,7578,7578,0,0,0,0,0,0,7568,30,7538,7578,37,7541,0,2093,0,0,0,0,0,0,0,0,0,0,0,0,0,0,0,0,0,0
2094,7568,7568,7578,7578,0,0,0,0,0,0,7568,10,7558,7578,15,7563,0,2094,0,0,0,0,0,0,0,0,0,0,0,0,0,0,0,0,0,0
2095,7568,7568,7578,7578,0,0,0,0,0,0,7568,48,7520,7578,50,7528,0,2095,0,0,0,0,0,0,0,0,0,0,0,0,0,0,0,0,0,0
2096,7568,7568,7578,7578,0,0,0,0,0,0,7568,40,7528,7578,46,7532,0,2096,0,0,0,0,0,0,0,0,0,0,0,0,0,0,0,0,0,0
2097,7568,7568,7578,7578,0,0,0,0,0,0,7568,36,7532,7578,39,7539,0,2097,0,0,0,0,0,0,0,0,0,0,0,0,0,0,0,0,0,0
2098,7568,7568,7578,7578,0,0,0,0,0,0,7568,28,7540,7578,33,7545,0,2098,433,265,121,0,47,0,0,0,7,5,0,0,0,0,2,0,10,3
2099,7568,7557,7578,7566,0,0,0,0,0,0,7557,75,7482,7566,79,7487,60786,2099,0,0,0,0,0,0,0,0,0,0,0,0,0,0,0,0,0,0
