"Year","allMortEgg","baseMortEgg","tempMortEgg","denMortEgg","incMortEgg","superMortEgg","lostMortEgg","catMortEgg","allMortFry","baseMortFry","tempMortFry","denMortFry","habMortFry","freshMortFry","seasMortFry","catMortFry","allMortSF","allMortSM"
2010,26997588,8580669,5179788,0,2237822,5116332,5882977,0,1068898,641583,42946,0,0,0,384369,0,7384,6078
2011,20160712,6590057,2815203,0,1887539,4273842,4594071,0,1102817,634328,88089,0,0,0,380400,0,7382,6084
2012,32920253,10402851,4617153,0,3198911,7290972,7410366,0,1372373,735583,194578,0,0,0,442212,0,7270,5988
2013,34571713,11581250,6516797,0,1073130,7868598,7531938,0,1387963,491748,597043,0,0,0,299172,0,7378,6096
2014,6000,4868,1132,0,0,0,0,0,698,347,189,0,0,0,162,0,2,0
2015,27872146,9050289,2460019,0,2484187,6875955,7001696,0,1986763,934614,488372,0,0,0,563777,0,7378,6096
2016,9953875,2025952,1006938,0,179692,2570131,4171162,0,230865,144676,0,0,0,0,86189,0,3408,2215
2017,3868730,544066,245591,0,136093,1421876,1521104,0,113997,47464,38095,0,0,0,28438,0,1163,524
2018,32417362,10634771,5396953,0,2383347,6801913,7200378,0,1754816,846374,398408,0,0,0,510034,0,7374,6040
2019,9873668,2241236,1115188,0,46388,2593566,3877290,0,311179,124093,112291,0,0,0,74795,0,3738,3159
2020,1670318,454706,309107,0,107766,743479,55260,0,46242,16708,19529,0,0,0,10005,0,338,149
2021,1137693,344744,155706,0,93258,527407,16578,0,47602,20229,15448,0,0,0,11925,0,242,97
2022,6561584,923264,298016,0,170026,1771788,3398490,0,200931,97000,45842,0,0,0,58089,0,1321,590
2023,26938222,7942513,2857460,0,1948736,6762569,7426944,0,1262130,599423,301304,0,0,0,361403,0,5926,4649
2024,33979908,11155520,5200943,0,1842352,8138635,7642458,0,1184209,609541,208217,0,0,0,366451,0,7380,6085
2025,19521612,4042086,1632703,0,1417856,5333583,7095384,0,627140,243333,236693,0,0,0,147114,0,3981,2734
2026,2198443,560286,208101,0,53239,1034205,342612,0,113367,56383,23498,0,0,0,33486,0,479,355
2027,32279873,8347874,4877196,0,4527255,7115250,7412298,0,1280037,725374,119297,0,0,0,435366,0,7323,6042
2028,20901746,5775679,2784417,0,884409,5233031,6224210,0,966143,415997,298805,0,0,0,251341,0,5552,4273
2029,5968001,1041272,444874,0,130695,1593272,2757888,0,188494,98796,30877,0,0,0,58821,0,2673,1560
2030,0,0,0,0,0,0,0,0,0,0,0,0,0,0,0,0,0,0
2031,12956905,2679218,1190856,0,410476,3166933,5509422,0,403871,193637,93968,0,0,0,116266,0,2671,1600
2032,17669995,5281138,2353723,0,1058787,4378068,4598279,0,581600,323407,64347,0,0,0,193846,0,7355,6072
2033,28835443,8254469,4624540,0,3808679,5623671,6524084,0,1472680,816676,165431,0,0,0,490573,0,7351,6006
2034,11070789,2131400,1234246,0,233346,2671463,4800334,0,341212,174446,62334,0,0,0,104432,0,2714,1632
2035,25848183,6170499,3698210,0,3114836,5824514,7040124,0,845822,484958,70003,0,0,0,290861,0,5475,4200
2036,16687230,5084033,2969302,0,805547,3676792,4151556,0,643383,333328,109976,0,0,0,200079,0,7330,6048
2037,12035998,1997824,1295532,0,614708,2861656,5266278,0,245840,136287,28143,0,0,0,81410,0,2404,1384
2038,359040,112557,56264,0,31019,159200,0,0,23901,13205,3074,0,0,0,7622,0,315,140
2039,24981714,5687840,4381761,0,1653206,6030899,7228008,0,518766,222749,161648,0,0,0,134369,0,4985,3712
2040,5968086,784003,533703,0,205365,1869899,2575116,0,94141,44998,22413,0,0,0,26730,0,1160,517
2041,0,0,0,0,0,0,0,0,0,0,0,0,0,0,0,0,0,0
2042,0,0,0,0,0,0,0,0,0,0,0,0,0,0,0,0,0,0
2043,0,0,0,0,0,0,0,0,0,0,0,0,0,0,0,0,0,0
2044,30571981,9241168,4510322,0,1771880,7533251,7515360,0,1198370,684914,102299,0,0,0,411157,0,6797,5522
2045,23356468,6325009,2705067,0,1066515,5976609,7283268,0,1293218,737990,112269,0,0,0,442959,0,5366,4086
2046,25617202,7293455,2758804,0,1421584,6766149,7377210,0,1532197,627839,524037,0,0,0,380321,0,5720,4384
2047,21488536,5388134,2852685,0,319499,5733366,7194852,0,999568,431443,307380,0,0,0,260745,0,4610,3344
2048,8367955,1507725,619680,0,79012,2157813,4003725,0,359889,205145,32025,0,0,0,122719,0,1886,1008
2049,13778560,2575559,1825920,0,476163,3258872,5642046,0,497397,253010,92476,0,0,0,151911,0,2870,1728
2050,7573537,1195115,512803,0,329827,2258874,3276918,0,270365,100729,108892,0,0,0,60744,0,1525,760
2051,1123871,356775,159465,0,96016,511615,0,0,93405,32426,41631,0,0,0,19348,0,267,106
2052,3491558,627089,352318,0,177492,1533389,801270,0,117974,53224,33027,0,0,0,31723,0,711,314
2053,2231173,325577,342914,0,113501,615697,833484,0,51848,22978,16065,0,0,0,12805,0,7333,6050
2054,619427,287076,83078,0,79062,170211,0,0,67937,33469,14456,0,0,0,20012,0,157,58
2055,27274946,6267904,2213441,0,6228235,6185013,6380353,0,505064,301688,23006,0,0,0,180370,0,7007,5664
2056,21213433,6046130,4362839,0,1489258,4029854,5285352,0,866459,468720,116351,0,0,0,281388,0,5874,4678
2057,16600633,4756816,3102257,0,470705,3711849,4559006,0,1053311,347871,493482,0,0,0,211958,0,5766,5167
2058,0,0,0,0,0,0,0,0,0,0,0,0,0,0,0,0,0,0
2059,0,0,0,0,0,0,0,0,0,0,0,0,0,0,0,0,0,0
2060,51533,26077,13176,0,12280,0,0,0,5770,2537,2053,0,0,0,1180,0,13,4
2061,18107899,4112943,1540914,0,1664896,4956391,5832755,0,795595,462805,55375,0,0,0,277415,0,5242,3967
2062,28341819,7176280,4081983,0,4289062,5996067,6798427,0,1098066,590178,153423,0,0,0,354465,0,6628,5288
2063,31704300,10754651,4776497,0,838345,7775239,7559568,0,2183338,900180,738047,0,0,0,545111,0,7383,6038
2064,4936,3836,880,0,220,0,0,0,808,250,426,0,0,0,132,0,2,0
2065,259832,150600,90537,0,18695,0,0,0,48272,20026,16331,0,0,0,11915,0,95,36
2066,3356101,658380,545505,0,221586,1350400,580230,0,135613,31199,85518,0,0,0,18896,0,666,309
2067,0,0,0,0,0,0,0,0,0,0,0,0,0,0,0,0,0,0
2068,0,0,0,0,0,0,0,0,0,0,0,0,0,0,0,0,0,0
2069,45855,27343,12088,0,6424,0,0,0,6771,3378,1615,0,0,0,1778,0,13,5
2070,6778211,929449,576172,0,347746,1822794,3102050,0,204226,92071,57124,0,0,0,55031,0,2457,1373
2071,31504,19622,7945,0,3937,0,0,0,4447,2345,1206,0,0,0,896,0,15,5
2072,14241,8861,3495,0,1885,0,0,0,1922,861,718,0,0,0,343,0,5,1
2073,14431767,2936048,1068987,0,448705,4081785,5896242,0,764740,321130,249756,0,0,0,193854,0,3517,2951
2074,0,0,0,0,0,0,0,0,0,0,0,0,0,0,0,0,0,0
2075,0,0,0,0,0,0,0,0,0,0,0,0,0,0,0,0,0,0
2076,2928804,670791,477709,0,234304,1144378,401622,0,112886,43539,43274,0,0,0,26073,0,648,479
2077,0,0,0,0,0,0,0,0,0,0,0,0,0,0,0,0,0,0
2078,4756542,569845,669263,0,209143,1655891,1652400,0,156484,43173,87313,0,0,0,25998,0,951,414
2079,0,0,0,0,0,0,0,0,0,0,0,0,0,0,0,0,0,0
2080,308762,177472,63953,0,67337,0,0,0,45348,24015,7077,0,0,0,14256,0,86,62
2081,10315460,2004955,1950242,0,652317,2649442,3058504,0,441736,189440,138403,0,0,0,113893,0,5878,5270
2082,0,0,0,0,0,0,0,0,0,0,0,0,0,0,0,0,0,0
2083,34183,22019,11230,0,934,0,0,0,10429,4085,4460,0,0,0,1884,0,26,11
2084,0,0,0,0,0,0,0,0,0,0,0,0,0,0,0,0,0,0
2085,7016,2632,3119,0,1265,0,0,0,406,159,173,0,0,0,74,0,6,3
2086,0,0,0,0,0,0,0,0,0,0,0,0,0,0,0,0,0,0
2087,5702548,1193401,1048869,0,454837,1274294,1731147,0,353337,168699,83730,0,0,0,100908,0,5203,3925
2088,5795760,771704,741823,0,221881,1520168,2540184,0,257632,86267,119357,0,0,0,52008,0,1626,801
2089,0,0,0,0,0,0,0,0,0,0,0,0,0,0,0,0,0,0
2090,0,0,0,0,0,0,0,0,0,0,0,0,0,0,0,0,0,0
2091,0,0,0,0,0,0,0,0,0,0,0,0,0,0,0,0,0,0
2092,0,0,0,0,0,0,0,0,0,0,0,0,0,0,0,0,0,0
2093,0,0,0,0,0,0,0,0,0,0,0,0,0,0,0,0,0,0
2094,0,0,0,0,0,0,0,0,0,0,0,0,0,0,0,0,0,0
2095,0,0,0,0,0,0,0,0,0,0,0,0,0,0,0,0,0,0
2096,0,0,0,0,0,0,0,0,0,0,0,0,0,0,0,0,0,0
2097,0,0,0,0,0,0,0,0,0,0,0,0,0,0,0,0,0,0
2098,1029299,229776,114089,0,37122,491402,156910,0,99131,21703,64215,0,0,0,13213,0,549,229
2099,0,0,0,0,0,0,0,0,0,0,0,0,0,0,0,0,0,0
