"Year","AFem","AFemDeath","AMal","AMalDeath","Eggs","EggsDeath","FryGrad","FryExit","FryDeath","FryInStr","allMortAF","baseMortAF","tempMortAF","allMortAM","baseMortAM","tempMortAM","InVivo"
2010,7568,7568,7578,6322,40323222,35549362,4773860,1986507,707975,2079378,271,193,78,307,229,78,0
2011,7568,7568,7578,6354,17180334,15585111,1595223,151245,372885,1071093,4459,145,4314,4507,186,4321,0
2012,7568,7568,7578,6322,39820356,34646233,5174123,2674338,876824,1622961,362,190,172,398,226,172,0
2013,7568,7568,7578,6294,26436384,22798051,3638333,951800,604763,2081770,2784,163,2621,2836,209,2627,0
2014,7568,7568,7578,6279,29779614,25092708,4686906,1655351,773482,2258073,2179,177,2002,2226,221,2005,0
2015,7568,7568,7578,6304,21985948,17914320,4071628,2095442,863101,1113085,1253,189,1064,1296,231,1065,12943818
2016,7568,7568,7578,6329,22021110,19191453,2829657,889793,530974,1408890,3583,175,3408,3626,211,3415,0
2017,7568,7568,7578,6318,29495872,25675796,3820076,2012572,796888,1010616,1891,195,1696,1931,231,1700,1879225
2018,7568,7568,7578,6322,40406112,38127548,2278564,1428317,423408,426839,256,190,66,292,226,66,0
2019,7568,7568,7578,6310,9711381,8491849,1219532,486740,276497,456295,392,189,203,432,228,204,30006946
2020,7568,7568,7578,6322,27823410,24156012,3667398,1800524,873694,993180,2533,185,2348,2576,221,2355,0
2021,7568,7568,7578,6322,39593790,32205186,7388604,4492831,1272525,1623248,403,194,209,439,229,210,0
2022,7568,7568,7578,6284,40676886,40471809,205077,166079,33517,5481,207,179,28,255,227,28,0
2023,7568,7568,7578,6305,19269162,17339600,1929562,440393,387170,1101999,4081,163,3918,4132,205,3927,0
2024,7568,7568,7578,6331,36775530,29184742,7590788,4353337,1319794,1917657,913,186,727,923,194,729,0
2025,7568,7568,7578,6306,37173402,30382072,6791330,3037765,1419279,2334286,841,186,655,886,227,659,0
2026,7568,7568,7578,6322,34449084,29284524,5164560,1782392,996619,2385549,1334,197,1137,1372,232,1140,0
2027,7568,7568,7578,6327,21181158,19056084,2125074,750635,453147,921292,3735,171,3564,3777,208,3569,0
2028,7568,7568,7578,6322,39406931,33195862,6211069,2360698,1277084,2573287,295,191,104,333,227,106,783817
2029,7568,7568,7578,6606,8658895,7847609,811286,189380,171126,450780,5546,124,5422,5571,146,5425,2526487
2030,7568,7568,7578,6288,39527478,34944876,4582602,1800225,871772,1910605,415,184,231,461,230,231,0
2031,7568,7568,7578,6322,38737260,31922401,6814859,2782070,1625178,2407611,558,192,366,594,227,367,0
2032,7568,7568,7578,6470,14218398,12926498,1291900,182554,277307,832039,4995,126,4869,5035,161,4874,0
2033,7568,7568,7578,6322,32281858,27383997,4897861,2529855,1171075,1196931,1697,196,1501,1736,231,1505,161288
2034,7568,7568,7578,6322,30012157,24631282,5380875,2368485,1161393,1850997,2079,196,1883,2120,232,1888,320057
2035,7568,7568,7578,6385,16025400,14228016,1797384,762279,423892,611213,4668,152,4516,4718,194,4524,0
2036,7568,7568,7578,6319,40395060,33264334,7130726,4636611,1288194,1205921,258,190,68,296,226,70,0
2037,7568,7568,7578,6312,36245034,29725548,6519486,3388513,1183441,1947532,1009,193,816,1051,233,818,0
2038,7568,7568,7578,6322,30245306,25862934,4382372,1804655,885012,1692705,2083,193,1890,2122,229,1893,64804
2039,7568,7568,7578,6272,40792932,33057464,7735468,4638883,1482606,1613979,186,182,4,230,226,4,0
2040,7568,7568,7578,6322,30884814,25942359,4942455,1721636,965079,2255740,1979,199,1780,2019,234,1785,0
2041,7568,7568,7578,6275,39157236,33091241,6065995,3855075,1063131,1147789,482,183,299,526,227,299,0
2042,7568,7568,7578,6309,26494295,22667164,3827131,1906564,751349,1169218,2773,180,2593,2819,220,2599,2875
2043,7568,7568,7578,6280,23170975,19944327,3226648,1325105,532693,1368850,884,183,701,930,227,703,13779456
2044,7568,7568,7578,6268,38980404,32731641,6248763,3162031,1062617,2024115,514,185,329,560,229,331,0
2045,7568,7568,7578,6295,28939662,24970988,3968674,1349649,685125,1933900,2331,189,2142,2381,234,2147,0
2046,7568,7568,7578,6322,31868442,25575809,6292633,2929699,1564762,1798172,1801,190,1611,1839,226,1613,0
2047,7568,7568,7578,6354,20153322,17188632,2964690,1013001,641573,1310116,3921,160,3761,3967,199,3768,0
2048,7568,7568,7578,6322,13160403,11239670,1920733,1124865,372971,422897,1808,197,1611,1847,233,1614,18715102
2049,7568,7568,7578,6280,25425126,21556601,3868525,1762683,778137,1327705,2967,170,2797,3017,213,2804,0
2050,7568,7568,7578,6347,17114824,15209178,1905646,256145,470595,1178906,4469,147,4322,4520,190,4330,10250
2051,7568,7568,7578,6323,27436590,25742293,1694297,657178,304475,732644,2603,173,2430,2643,207,2436,0
2052,7568,7568,7578,6309,24043626,21022829,3020797,1161632,581547,1277618,3217,166,3051,3264,208,3056,0
2053,7568,7568,7578,6304,21485977,18277445,3208532,1206029,634809,1367694,1712,188,1524,1758,230,1528,10905200
2054,7568,7568,7578,6323,29193858,25587923,3605935,944398,707939,1953598,2285,187,2098,2326,224,2102,0
2055,7568,7568,7578,6368,11732372,11129251,603121,70641,108654,423826,4563,143,4420,4613,184,4429,4892825
2056,7568,7568,7578,6313,39350646,34002711,5347935,1914401,897731,2535803,447,190,257,485,228,257,0
2057,7568,7568,7578,7555,195175,144864,50311,806,12101,37404,7531,46,7485,7541,51,7490,9287
2058,7568,7568,7578,6499,12173778,11134604,1039174,32454,235540,771180,5365,122,5243,5392,144,5248,0
2059,7568,7568,7578,6560,12532968,11394236,1138732,136910,245965,755857,5300,121,5179,5324,137,5187,0
2060,7568,7568,7578,6960,6426738,6023940,402798,12033,85441,305324,6405,88,6317,6431,106,6325,0
2061,7568,7568,7578,6325,23195423,20031453,3163970,890176,616985,1656809,3215,170,3045,3258,205,3053,860433
2062,7568,7568,7578,6322,39262230,33428099,5834131,2780017,1335724,1718390,463,193,270,499,229,270,0
2063,7568,7568,7578,6322,35736642,29938850,5797792,2327685,983640,2486467,1101,196,905,1141,232,909,0
2064,7568,7568,7578,6325,18263430,16121081,2142349,595997,462387,1083965,4263,169,4094,4307,206,4101,0
2065,7568,7568,7578,6323,26135416,22216724,3918692,1414801,720628,1783263,2756,184,2572,2797,218,2579,455771
2066,7568,7568,7578,6323,29127546,25685355,3442191,838284,803673,1800234,2297,197,2100,2334,231,2103,0
2067,7568,7568,7578,7578,0,0,0,0,0,0,7568,45,7523,7578,48,7530,0
2068,7568,7568,7578,6326,19049191,16969335,2079856,764313,521258,794285,3039,176,2863,3078,210,2868,5996271
2069,7568,7568,7578,6702,9769968,9523022,246946,99204,55809,91933,5800,148,5652,5822,160,5662,0
2070,7568,7568,7578,6285,33929640,29082737,4846903,1577109,1117762,2152032,1428,185,1243,1478,232,1246,0
2071,7568,7568,7578,6848,7261164,6816964,444200,12472,86982,344746,6254,91,6163,6275,106,6169,0
2072,7568,7568,7578,7196,3823992,3496575,327417,2410,83861,241146,6876,108,6768,6906,132,6774,0
2073,7568,7568,7578,7578,0,0,0,0,0,0,7568,22,7546,7578,25,7553,0
2074,7568,7568,7578,6336,19302318,17729553,1572765,283750,371565,917450,4075,163,3912,4121,199,3922,0
2075,7568,7568,7578,7415,241151,194108,47043,1505,13972,31566,7292,53,7239,7300,53,7247,1284025
2076,7568,7568,7578,7578,0,0,0,0,0,0,7568,22,7546,7578,28,7550,0
2077,7568,7568,7578,6326,20098062,18406115,1691947,481789,325759,884399,3931,165,3766,3975,203,3772,0
2078,7568,7568,7578,6314,26878464,22676918,4201546,1551805,774338,1875403,2704,182,2522,2746,220,2526,0
2079,7568,7568,7578,6313,35620596,30695757,4924839,2931064,954784,1038991,1122,192,930,1161,229,932,0
2080,7568,7568,7578,6336,22502684,18521058,3981626,1952635,904947,1124044,2627,186,2441,2668,224,2444,4807839
2081,7568,7568,7578,6379,11259928,10132695,1127233,150781,251358,725094,4669,149,4520,4719,187,4532,4771020
2082,7568,7568,7578,6315,24413868,23154154,1259714,464313,281542,513859,3150,172,2978,3194,211,2983,0
2083,7568,7568,7578,6324,20064409,16970841,3093568,1284348,714933,1094287,3406,181,3225,3450,218,3232,2944751
2084,7568,7568,7578,6591,10300464,9875922,424542,34822,80132,309588,5704,109,5595,5726,126,5600,0
2085,7568,7568,7578,6329,17362692,15477962,1884730,400340,500247,984143,4426,157,4269,4472,195,4277,0
2086,7568,7568,7578,6344,17384796,15053882,2330914,719608,617855,993451,4422,152,4270,4471,195,4276,0
2087,7568,7568,7578,7131,4271598,3805232,466366,45981,135271,285114,6795,69,6726,6830,96,6734,0
2088,7568,7568,7578,6325,24600620,21032870,3567750,1410657,930924,1226169,2996,178,2818,3040,215,2825,664552
2089,7568,7568,7578,6322,27337805,23255339,4082466,2061448,741604,1279414,2086,194,1892,2126,230,1896,2963190
2090,7568,7568,7578,6413,13980780,12647585,1333195,131778,425906,775511,5038,127,4911,5092,174,4918,0
2091,7568,7568,7578,6738,8664768,7805587,859181,229388,219079,410714,6000,101,5899,6013,105,5908,0
2092,7568,7568,7578,6322,27138186,23365299,3772887,1233721,779543,1759623,2657,192,2465,2698,227,2471,0
2093,7568,7568,7578,6323,15832770,13571632,2261138,726345,488334,1046459,3155,176,2979,3198,212,2986,8581474
2094,7568,7568,7578,6673,9880488,8963531,916957,80164,213650,623143,5780,138,5642,5808,159,5649,0
2095,7568,7568,7578,6322,17763488,15890587,1872901,943455,375733,553713,1327,201,1126,1369,237,1132,16768360
2096,7568,7568,7578,7102,4597632,4288798,308834,31867,63704,213263,6736,76,6660,6772,104,6668,0
2097,7568,7568,7578,6327,17793720,15993682,1800038,533554,380792,885692,4348,165,4183,4398,206,4192,0
2098,7568,7568,7578,6281,19948860,17254117,2694743,971133,532947,1190663,3958,172,3786,4009,214,3795,0
2099,7568,1047,7578,1010,1497546,171230,0,0,0,0,776,180,596,794,197,597,0
