"Year","AFem","AFemDeath","AMal","AMalDeath","Eggs","EggsDeath","FryGrad","FryExit","FryDeath","FryInStr","allMortAF","baseMortAF","tempMortAF","allMortAM","baseMortAM","tempMortAM","InVivo"
2010,7568,7568,7578,6322,40770828,35917475,4853353,2030814,716241,2106298,190,190,0,226,226,0,0
2011,7568,7568,7578,6324,36095832,30829960,5265872,2026837,1027872,2211163,1036,192,844,1075,230,845,0
2012,7568,7568,7578,6322,40770828,35459143,5311685,2782099,888238,1641348,190,190,0,226,226,0,0
2013,7568,7568,7578,7010,40815036,33963068,6851968,2539224,1051842,3260902,182,182,0,214,214,0,0
2014,7568,7568,7578,7001,40815036,33368943,7446093,3153224,1150098,3142771,182,182,0,213,213,0,0
2015,7568,7568,7578,7022,27081610,21513431,5568179,3050063,1127527,1390589,173,173,0,214,214,0,13809840
2016,7568,7568,7578,6322,40212702,33700817,6511885,3230040,1079181,2202664,291,192,99,327,228,99,0
2017,7568,7568,7578,7032,39986119,34472412,5513707,3236485,1048646,1228576,186,186,0,213,213,0,807140
2018,7568,7568,7578,6322,40770828,38679996,2090832,1301147,382485,407200,190,190,0,226,226,0,0
2019,7568,7568,7578,7026,15179719,12823971,2355748,1074223,514518,767007,173,173,0,213,213,0,25736623
2020,7568,7568,7578,6322,40759776,34486084,6273692,3719015,1315989,1238688,192,191,1,228,227,1,0
2021,7568,7568,7578,6322,40770828,33188040,7582788,4646128,1290866,1645794,190,190,0,226,226,0,0
2022,7568,7568,7578,6284,40831614,40659546,172068,142054,26295,3719,179,179,0,227,227,0,0
2023,7568,7568,7578,7017,40798458,34471715,6326743,3105150,1086105,2135488,185,182,3,218,215,3,0
2024,7568,7568,7578,7577,40859244,32055270,8803974,5114000,1488267,2201707,174,174,0,172,172,0,0
2025,7568,7568,7578,7023,40892400,32969360,7923040,3670456,1613721,2638863,168,168,0,214,214,0,0
2026,7568,7568,7578,6322,40759776,34341595,6418181,2531580,1180200,2706401,192,192,0,227,227,0,0
2027,7568,7568,7578,6323,40157442,35098438,5059004,2742093,920256,1396655,301,194,107,338,231,107,0
2028,7568,7568,7578,6322,40490202,34087578,6402624,2477205,1301644,2623775,190,190,0,226,226,0,280626
2029,7568,7568,7578,6580,9303462,8384842,918620,236963,190672,490985,5361,127,5234,5385,146,5239,2904730
2030,7568,7568,7578,7008,40870296,36006774,4863522,1876413,921414,2065695,172,172,0,214,214,0,0
2031,7568,7568,7578,6322,40770828,33538055,7232773,3033380,1694463,2504930,190,190,0,226,226,0,0
2032,7568,7568,7578,6396,18103176,16132860,1970316,501586,402535,1066195,4292,146,4146,4341,192,4149,0
2033,7568,7568,7578,6322,40676460,33873308,6803152,3958092,1497427,1347633,191,191,0,226,226,0,88842
2034,7568,7568,7578,6322,40458435,32176556,8281879,4331641,1633851,2316387,190,190,0,226,226,0,312393
2035,7568,7568,7578,6340,28027872,23335336,4692536,2867042,930293,895201,2496,175,2321,2539,215,2324,0
2036,7568,7568,7578,7033,40787406,33637272,7150134,4621099,1286402,1242633,187,187,0,213,213,0,0
2037,7568,7568,7578,7027,40837140,33106419,7730721,4163987,1364799,2201935,178,178,0,213,213,0,0
2038,7568,7568,7578,6322,40765302,34168073,6597229,3275637,1230896,2090696,191,191,0,227,227,0,0
2039,7568,7568,7578,6996,40826088,33029753,7796335,4560544,1510990,1724801,180,180,0,213,213,0,0
2040,7568,7568,7578,6322,40765302,33525256,7240046,3070798,1316379,2852869,191,191,0,227,227,0,0
2041,7568,7568,7578,6998,40815036,34314600,6500436,4085723,1132819,1281894,182,182,0,213,213,0,0
2042,7568,7568,7578,7025,40908803,33486134,7422669,4463867,1306085,1652717,165,165,0,213,213,0,175
2043,7568,7568,7578,7002,28440355,24169456,4270899,1829292,688170,1753437,183,183,0,213,213,0,12381512
2044,7568,7568,7578,6993,40815036,34037178,6777858,3394178,1144523,2239157,182,182,0,213,213,0,0
2045,7568,7568,7578,7013,40815036,33946988,6868048,2971100,1091741,2805207,182,182,0,215,215,0,0
2046,7568,7568,7578,6322,40754250,31881835,8872415,4731501,2013390,2127524,193,191,2,229,227,2,0
2047,7568,7568,7578,6342,38068614,30149421,7919193,4333515,1431079,2154599,679,193,486,719,232,487,0
2048,7568,7568,7578,6322,17714703,14700781,3013922,1970774,542847,500301,191,191,0,227,227,0,23094275
2049,7568,7568,7578,7002,40809510,32901461,7908049,4592217,1409035,1906797,183,183,0,213,213,0,0
2050,7568,7568,7578,6323,37537898,30478128,7059770,3088188,1442209,2529373,759,189,570,796,226,570,88636
2051,7568,7568,7578,6322,39870090,37182822,2687268,1305066,453127,929075,353,193,160,391,229,162,0
2052,7568,7568,7578,7023,40881348,34149364,6731984,3636375,1158796,1936813,170,169,1,216,215,1,0
2053,7568,7568,7578,7021,30238721,25031793,5206928,2253080,973140,1980708,179,179,0,214,214,0,10613941
2054,7568,7568,7578,6322,39903246,34267795,5635451,1967643,1030704,2637104,347,193,154,384,229,155,0
2055,7568,7568,7578,6354,16497178,15460837,1036341,279750,176815,579776,3321,162,3159,3367,204,3163,6992840
2056,7568,7568,7578,7028,40826088,35078008,5748080,2094359,955988,2697733,180,180,0,213,213,0,0
2057,7568,7568,7578,7544,284850,211316,73534,1000,17788,54746,7514,47,7467,7524,52,7472,13554
2058,7568,7568,7578,6404,18119754,15968228,2151526,327801,463926,1359799,4289,144,4145,4337,190,4147,0
2059,7568,7568,7578,6605,11610126,10591807,1018319,110180,220831,687308,5467,120,5347,5492,137,5355,0
2060,7568,7568,7578,6936,6691986,6272616,419370,15994,88389,314987,6357,91,6266,6384,108,6276,0
2061,7568,7568,7578,6322,37465016,30993453,6471563,2881097,1123066,2467400,387,193,194,425,230,195,2218697
2062,7568,7568,7578,6322,40770828,34652107,6118721,2988095,1372284,1758342,190,190,0,226,226,0,0
2063,7568,7568,7578,6322,40560840,33741615,6819225,2968186,1118739,2732300,228,190,38,264,226,38,0
2064,7568,7568,7578,6323,39057768,31364040,7693728,4471290,1348801,1873637,500,196,304,540,233,307,0
2065,7568,7568,7578,6322,40566364,33177800,7388564,3664780,1235259,2488525,192,192,0,227,227,0,193412
2066,7568,7568,7578,6322,40754250,35035954,5718296,1947024,1228949,2542323,193,192,1,228,227,1,0
2067,7568,7568,7578,7578,0,0,0,0,0,0,7568,45,7523,7578,48,7530,0
2068,7568,7568,7578,6324,23906306,20980649,2925657,1290481,682804,952372,1739,195,1544,1775,230,1545,8324614
2069,7568,7568,7578,6322,39494322,38392208,1102114,707970,206181,187963,421,193,228,457,229,228,0
2070,7568,7568,7578,7006,40815036,34295172,6519864,2446941,1425914,2647009,182,182,0,215,215,0,0
2071,7568,7568,7578,6746,8946594,8296482,650112,29021,129709,491382,5949,100,5849,5963,107,5856,0
2072,7568,7568,7578,7520,530496,374215,156281,2682,42774,110825,7472,91,7381,7481,96,7385,0
2073,7568,7568,7578,7578,0,0,0,0,0,0,7568,20,7548,7578,24,7554,0
2074,7568,7568,7578,6323,37147036,32550872,4596164,1964871,925949,1705344,827,193,634,864,230,634,103730
2075,7568,7568,7578,7414,225338,181857,43481,1430,12846,29205,7284,49,7235,7294,50,7244,1344046
2076,7568,7568,7578,7578,0,0,0,0,0,0,7568,21,7547,7578,27,7551,0
2077,7568,7568,7578,6322,40566366,35394500,5171866,2896521,852002,1423343,227,196,31,262,231,31,0
2078,7568,7568,7578,7029,40820562,32843319,7977243,3964257,1336196,2676790,181,181,0,213,213,0,0
2079,7568,7568,7578,7028,40710042,34870372,5839670,3562700,1102504,1174466,201,185,16,233,217,16,0
2080,7568,7568,7578,7034,34478733,27334938,7143795,4141782,1442789,1559224,190,190,0,212,212,0,6297044
2081,7568,7568,7578,6339,18212426,15623148,2589278,908250,517377,1163651,2862,166,2696,2906,206,2700,7804412
2082,7568,7568,7578,7029,40781880,38166292,2615588,1381060,516758,717770,188,185,3,217,214,3,0
2083,7568,7568,7578,6322,36831607,29091202,7740405,4608944,1484847,1646614,190,190,0,226,226,0,3946234
2084,7568,7568,7578,6465,16616682,15709910,906772,179681,166813,560278,4561,141,4420,4606,178,4428,0
2085,7568,7568,7578,7027,37145772,30298549,6847223,3514023,1437274,1895926,846,185,661,880,219,661,0
2086,7568,7568,7578,6325,31636350,24624570,7011780,4001449,1455497,1554834,1843,193,1650,1881,229,1652,0
2087,7568,7568,7578,6643,11726172,10129302,1596870,352506,455193,789171,5446,112,5334,5466,128,5338,0
2088,7568,7568,7578,6323,38743535,31721151,7022384,3808787,1575220,1638377,314,201,113,353,238,115,1342521
2089,7568,7568,7578,6322,37896900,31377676,6519224,3832088,1093367,1593769,190,190,0,226,226,0,2878223
2090,7568,7568,7578,7030,37167876,30164154,7003722,3090994,1702218,2210510,842,183,659,871,211,660,0
2091,7568,7568,7578,6620,11256462,9886778,1369684,457354,341030,571300,5531,113,5418,5551,128,5423,0
2092,7568,7568,7578,6322,40765302,33784937,6980365,3269176,1294716,2416473,191,191,0,226,226,0,0
2093,7568,7568,7578,6322,27522283,22363335,5158948,2533196,978033,1647719,271,196,75,305,231,74,12828294
2094,7568,7568,7578,7032,33283098,28285517,4997581,2151063,970555,1875963,1545,191,1354,1573,214,1359,0
2095,7568,7568,7578,6322,21280734,18823365,2457369,1368020,465008,624341,219,196,23,252,230,22,19373345
2096,7568,7568,7578,6480,15749100,14461192,1287908,415311,258992,613605,4718,129,4589,4752,156,4596,0
2097,7568,7568,7578,7026,38134926,31766433,6368493,3660722,1136010,1571761,667,174,493,708,216,492,0
2098,7568,7568,7578,7051,23678910,19200160,4478750,2076328,834128,1568294,3283,166,3117,3309,186,3123,0
2099,7568,472,7578,467,1646748,191281,0,0,0,0,174,174,0,193,193,0,0
