"Year","allMortEgg","baseMortEgg","tempMortEgg","denMortEgg","incMortEgg","superMortEgg","lostMortEgg","catMortEgg","allMortFry","baseMortFry","tempMortFry","denMortFry","habMortFry","freshMortFry","seasMortFry","catMortFry","allMortSF","allMortSM"
2010,35917475,9081792,8069311,0,3285004,7767072,7714296,0,716241,444519,5681,0,0,0,266041,0,7378,6096
2011,30829960,9588373,3944397,0,3202664,6844414,7250112,0,1027872,499811,226914,0,0,0,301147,0,6532,5249
2012,35459143,9652062,3589334,0,7161325,7535536,7520886,0,888238,555647,0,0,0,0,332591,0,7378,6096
2013,33963068,11962153,5224153,0,3551055,7180263,6045444,0,1051842,657762,0,0,0,0,394080,0,7386,6796
2014,33368943,11645318,5878108,0,2913762,6814473,6117282,0,1150098,719209,0,0,0,0,430889,0,7386,6788
2015,21513431,7106918,2392811,0,2369807,5029274,4614621,0,1127527,587874,186221,0,0,0,353432,0,7395,6808
2016,33700817,10072679,4291487,0,4469569,7473294,7393788,0,1079181,671543,5439,0,0,0,402199,0,7277,5995
2017,34472412,9221551,4727616,0,8278355,5774196,6470694,0,1048646,592161,101290,0,0,0,355195,0,7382,6819
2018,38679996,10634149,5305934,0,9215781,6373488,7150644,0,382485,232404,11393,0,0,0,138688,0,7378,6096
2019,12823971,3512040,1832797,0,1418929,2881865,3178340,0,514518,245982,120868,0,0,0,147668,0,7395,6813
2020,34486084,9237896,3710684,0,6951958,7235966,7349580,0,1315989,676573,232372,0,0,0,407044,0,7376,6094
2021,33188040,9830094,4721623,0,4329730,6973591,7333002,0,1290866,807362,0,0,0,0,483504,0,7378,6096
2022,40659546,8522700,4218293,0,14356103,6422858,7139592,0,26295,16875,17,0,0,0,9403,0,7389,6057
2023,34471715,10544022,6405937,0,4805592,6538096,6178068,0,1086105,657933,33951,0,0,0,394221,0,7383,6799
2024,32055270,10118960,5720250,0,3170162,6215762,6830136,0,1488267,930651,0,0,0,0,557616,0,7394,7405
2025,32969360,11377501,5915963,0,2156708,7048242,6470946,0,1613721,743144,422107,0,0,0,448470,0,7400,6809
2026,34341595,11178895,6112201,0,2531599,7180372,7338528,0,1180200,581542,248478,0,0,0,350180,0,7376,6095
2027,35098438,9153380,4245704,0,6790402,7448852,7460100,0,920256,531058,70766,0,0,0,318432,0,7267,5985
2028,34087578,11088442,7162647,0,1333141,7137190,7366158,0,1301644,544400,427833,0,0,0,329411,0,7378,6096
2029,8384842,1174906,404894,0,455150,2149382,4200510,0,190672,119622,0,0,0,0,71050,0,2207,1195
2030,36006774,10219220,8178919,0,4496602,6624509,6487524,0,921414,461358,182413,0,0,0,277643,0,7396,6794
2031,33538055,10884525,4190313,0,3297239,7700352,7465626,0,1694463,678916,604175,0,0,0,411372,0,7378,6096
2032,16132860,3029682,1563983,0,811665,3936076,6791454,0,402535,226335,40624,0,0,0,135576,0,3276,2055
2033,33873308,9010187,4804603,0,5355805,7214983,7487730,0,1497427,706671,364804,0,0,0,425952,0,7377,6096
2034,32176556,10742893,4797819,0,2636723,6771113,7228008,0,1633851,840911,286877,0,0,0,506063,0,7378,6096
2035,23335336,5685393,2855317,0,2056010,5632180,7106436,0,930293,557569,38598,0,0,0,334126,0,5072,3801
2036,33637272,8061282,4278418,0,7404953,6786183,7106436,0,1286402,800637,6137,0,0,0,479628,0,7381,6820
2037,33106419,9481996,6916412,0,3861068,6099697,6747246,0,1364799,823048,48423,0,0,0,493328,0,7390,6814
2038,34168073,11150895,4107773,0,4377518,7237567,7294320,0,1230896,664967,166325,0,0,0,399604,0,7377,6095
2039,33029753,9022504,7786471,0,3858028,5770232,6592518,0,1510990,847898,154116,0,0,0,508976,0,7388,6783
2040,33525256,11243428,5837100,0,2511362,6744040,7189326,0,1316379,664576,251890,0,0,0,399913,0,7377,6095
2041,34314600,9723316,6585735,0,4871530,6707281,6426738,0,1132819,708559,0,0,0,0,424260,0,7386,6785
2042,33486134,8500497,3996472,0,6722800,7723581,6542784,0,1306085,816888,0,0,0,0,489197,0,7403,6812
2043,24169456,7082507,5046705,0,2843973,4871264,4325007,0,688170,430575,0,0,0,0,257595,0,7385,6789
2044,34037178,10596096,5165606,0,5455754,6713492,6106230,0,1144523,698168,28098,0,0,0,418257,0,7386,6780
2045,33946988,11045913,7623474,0,2527679,6527646,6222276,0,1091741,628325,86487,0,0,0,376929,0,7386,6798
2046,31881835,11323137,4496639,0,1206579,7434062,7421418,0,2013390,858263,635936,0,0,0,519191,0,7375,6093
2047,30149421,9860860,2999314,0,3174359,6886880,7228008,0,1431079,831381,100842,0,0,0,498856,0,6889,5623
2048,14700781,3567753,2058794,0,2155089,3175497,3743648,0,542847,339847,0,0,0,0,203000,0,7377,6095
2049,32901461,9731893,5909593,0,4161316,6975851,6122808,0,1409035,857490,37552,0,0,0,513993,0,7385,6789
2050,30478128,10004768,4305670,0,1802160,7038054,7327476,0,1442209,664532,376601,0,0,0,401076,0,6809,5527
2051,37182822,10379291,4335103,0,7703698,7365416,7399314,0,453127,278997,7377,0,0,0,166753,0,7215,5931
2052,34149364,10461024,4662423,0,5680825,6874146,6470946,0,1158796,713816,17337,0,0,0,427643,0,7398,6807
2053,25031793,7910377,4926081,0,2347191,5006858,4841286,0,973140,498150,175465,0,0,0,299525,0,7389,6807
2054,34267795,10521184,6359783,0,2494138,7465746,7426944,0,1030704,501840,226587,0,0,0,302277,0,7221,5938
2055,15460837,3001746,1818525,0,1520387,3775751,5344428,0,176815,110389,1008,0,0,0,65418,0,4247,2987
2056,35078008,11031033,8616009,0,1309440,7059298,7062228,0,955988,487852,174726,0,0,0,293410,0,7388,6815
2057,211316,113928,63216,0,34172,0,0,0,17788,7949,5118,0,0,0,4721,0,54,20
2058,15968228,3506434,1558200,0,263274,3854392,6785928,0,463926,208348,130083,0,0,0,125495,0,3279,2067
2059,10591807,1687867,705523,0,380808,2590013,5227596,0,220831,110432,44390,0,0,0,66009,0,2101,1113
2060,6272616,776340,419137,0,274232,1868601,2934306,0,88389,44134,18057,0,0,0,26198,0,1211,552
2061,30993453,9872393,3881352,0,1644805,7885945,7708958,0,1123066,630970,113233,0,0,0,378863,0,7181,5897
2062,34652107,9875069,6398942,0,3345457,7434389,7598250,0,1372284,588837,427604,0,0,0,355843,0,7378,6096
2063,33741615,10803114,5698687,0,2332906,7435756,7471152,0,1118739,641585,92152,0,0,0,385002,0,7340,6058
2064,31364040,9118008,4600917,0,3244868,7017511,7382736,0,1348801,823322,32038,0,0,0,493441,0,7068,5783
2065,33177800,10798781,5987544,0,2443415,6714526,7233534,0,1235259,737809,55055,0,0,0,442395,0,7376,6095
2066,35035954,11100484,7804926,0,1669636,7094750,7366158,0,1228949,456508,495129,0,0,0,277312,0,7375,6094
2067,0,0,0,0,0,0,0,0,0,0,0,0,0,0,0,0,0,0
2068,20980649,4098674,2839838,0,2511639,4966235,6564263,0,682804,311081,184332,0,0,0,187391,0,5829,4549
2069,38392208,7745723,4233689,0,10413163,8257707,7741926,0,206181,127468,2952,0,0,0,75761,0,7147,5865
2070,34295172,11295059,6583432,0,2870971,7472636,6073074,0,1425914,565464,517749,0,0,0,342701,0,7386,6791
2071,8296482,1171732,1054061,0,93462,1965351,4011876,0,129709,69649,18601,0,0,0,41459,0,1619,783
2072,374215,229376,141308,0,3531,0,0,0,42774,16069,17097,0,0,0,9608,0,96,39
2073,0,0,0,0,0,0,0,0,0,0,0,0,0,0,0,0,0,0
2074,32550872,8319822,7221816,0,1632051,7364483,8012700,0,925949,424372,245696,0,0,0,255881,0,6741,5459
2075,181857,66121,32674,0,4990,74888,3184,0,12846,4294,6020,0,0,0,2532,0,284,120
2076,0,0,0,0,0,0,0,0,0,0,0,0,0,0,0,0,0,0
2077,35394500,8866578,3237036,0,7086120,8479418,7725348,0,852002,533044,0,0,0,0,318958,0,7341,6060
2078,32843319,10943068,4268426,0,3380746,7222007,7029072,0,1336196,806903,45530,0,0,0,483763,0,7387,6816
2079,34870372,9311633,5179336,0,7031782,6506433,6841188,0,1102504,648832,64686,0,0,0,388986,0,7367,6795
2080,27334938,8192380,4942803,0,1903446,5810463,6485846,0,1442789,740730,256369,0,0,0,445690,0,7378,6822
2081,15623148,3633099,2162945,0,590948,3958084,5278072,0,517377,276767,74668,0,0,0,165942,0,4706,3433
2082,38166292,8856173,3010979,0,11577889,7570607,7150644,0,516758,286337,58919,0,0,0,171502,0,7380,6812
2083,29091202,9115305,5403201,0,1614863,6198466,6759367,0,1484847,795247,211619,0,0,0,477981,0,7378,6096
2084,15709910,2657437,1689619,0,1804695,3501663,6056496,0,166813,104597,22,0,0,0,62194,0,3007,1859
2085,30298549,9070175,4674798,0,2855650,6657802,7040124,0,1437274,725397,275180,0,0,0,436697,0,6722,6147
2086,24624570,7448137,2610902,0,737430,6472995,7355106,0,1455497,776031,212733,0,0,0,466733,0,5725,4444
2087,10129302,1812418,795219,0,141286,2699857,4680522,0,455193,203855,128705,0,0,0,122633,0,2122,1177
2088,31721151,9080411,5496385,0,2959866,6687938,7496551,0,1575220,721134,418990,0,0,0,435096,0,7254,5970
2089,31377676,9365271,4873419,0,3797682,6379689,6961615,0,1093367,683645,216,0,0,0,409506,0,7378,6096
2090,30164154,10101674,4485367,0,1388612,7082065,7106436,0,1702218,667806,629323,0,0,0,405089,0,6726,6159
2091,9886778,1572810,761320,0,383669,2311625,4857354,0,341030,187583,41247,0,0,0,112200,0,2037,1069
2092,33784937,10682189,5050578,0,3024461,7539979,7487730,0,1294716,667806,225119,0,0,0,401791,0,7377,6096
2093,22363335,7302129,2728213,0,1936342,5068909,5327742,0,978033,523126,140665,0,0,0,314242,0,7297,6017
2094,28285517,7747566,3163288,0,3340638,6839173,7194852,0,970555,516598,143486,0,0,0,310471,0,6023,5459
2095,18823365,4458050,1577768,0,4569544,4012241,4205762,0,465008,259006,51037,0,0,0,154965,0,7349,6070
2096,14461192,2448111,1771711,0,1284815,3076891,5879664,0,258992,160732,2453,0,0,0,95807,0,2850,1728
2097,31766433,8618400,4290829,0,5169953,6857115,6830136,0,1136010,703928,10401,0,0,0,421681,0,6901,6318
2098,19200160,5721979,2013318,0,1526963,4804246,5133654,0,834128,521163,1002,0,0,0,311963,0,4285,3742
2099,191281,63005,124867,0,3409,0,0,0,0,0,0,0,0,0,0,0,298,274
